"location", "wms_url", "lat", "lng", "year", "county", "comp_loc", "n_frk_res", "n_oth_res", "n_unk_res", "n_tot_res", "crowd_sel", "p_crd_a", "p_s_crd_a", "p_n_frk_res", "p_n_oth_res", "p_n_unk_res", "p_n_tot_res", "p_crowd_sel", "p_p_crd_a", "p_p_s_crd_a", "fi_n_frk_res", "fi_n_oth_res", "fi_n_unk_res", "fi_n_tot_res", "fi_crowd_sel", "fi_p_crd_a", "fi_p_s_crd_a", "fn_n_frk_res", "fn_n_oth_res", "fn_n_unk_res", "fn_n_tot_res", "fn_crowd_sel", "fn_p_crd_a", "fn_p_s_crd_a", "sw_n_frk_res", "sw_n_oth_res", "sw_n_unk_res", "sw_n_tot_res", "sw_crowd_sel", "sw_p_crd_a", "sw_p_s_crd_a", "mt_n_frk_res", "mt_n_oth_res", "mt_n_unk_res", "mt_n_tot_res", "mt_crowd_sel", "mt_p_crd_a", "mt_p_s_crd_a"
"40.11491178-79.81867067---2010","https://mapsengine.google.com/06136759344167181854-06191489742681286724-4/wms/?version=1.3.0","40.1149117774","-79.8186706664","2010","Fayette","sweeper_internal","","1","","1","other","100","","2","5","3","10","other","50","","","","","","","","","","","","","","","","","1","","1","other","100","","","","","","","",""
"41.76817089-76.69233507---2010","https://mapsengine.google.com/06136759344167181854-06191489742681286724-4/wms/?version=1.3.0","41.7681708875","-76.6923350681","2010","Bradford","sweeper_internal","","1","","1","other","100","","10","1","4","15","fracking","66","","3","","","3","fracking","100","","","","","","","","","","1","","1","other","100","","","","","","","",""
"41.72931278-76.82186107---2005","https://mapsengine.google.com/06136759344167181854-15960346301379896183-4/wms/?version=1.3.0","41.7293127832","-76.8218610702","2005","Bradford","final_internal","","3","","3","other","100","","","1","","1","other","100","","","3","","3","other","100","","","3","","3","other","100","","","","","","","","","","","","","","",""
"41.80743778-76.54707538---2010","https://mapsengine.google.com/06136759344167181854-06191489742681286724-4/wms/?version=1.3.0","41.80743778","-76.54707538","2010","Bradford","first_internal","","3","","3","other","100","","1","8","1","10","other","80","","","3","","3","other","100","","","","","","","","","","","","","","","","","","","","","",""
"40.22113744-79.70585215---2005","https://mapsengine.google.com/06136759344167181854-15960346301379896183-4/wms/?version=1.3.0","40.2211374422","-79.7058521504","2005","Westmoreland","final_internal","","4","","4","other","100","","","1","","1","other","100","","","","","","","","","","4","","4","other","100","","","","","","","","","","","","","","",""
"39.9980205-79.80787055---2005","https://mapsengine.google.com/06136759344167181854-15960346301379896183-4/wms/?version=1.3.0","39.9980204963","-79.8078705461","2005","Fayette","final_internal","","3","","3","other","100","","","1","","1","other","100","","","","","","","","","","3","","3","other","100","","","","","","","","","","","","","","",""
"39.8405698-79.98477382---2008","https://mapsengine.google.com/06136759344167181854-00219351362547715467-4/wms/?version=1.3.0","39.8405697954","-79.9847738191","2008","Greene","first_internal","","3","","3","other","100","","","9","1","10","other","90","","","3","","3","other","100","","","","","","","","","","","","","","","","","","","","","",""
"40.64919061-79.38130235---2008","https://mapsengine.google.com/06136759344167181854-00219351362547715467-4/wms/?version=1.3.0","40.6491906119","-79.3813023469","2008","Armstrong","first_internal","","3","","3","other","100","","","5","1","6","other","83","","","3","","3","other","100","","","","","","","","","","","","","","","","","","","","","",""
"40.83100115-79.14547263---2010","https://mapsengine.google.com/06136759344167181854-06191489742681286724-4/wms/?version=1.3.0","40.8310011456","-79.1454726332","2010","Indiana","public","","11","1","12","other","91","","","11","1","12","other","91","","","","","","","","","","","","","","","","","","","","","","","","","","","","",""
"40.13650314-80.26464053---2005","https://mapsengine.google.com/06136759344167181854-15960346301379896183-4/wms/?version=1.3.0","40.1365031396","-80.2646405253","2005","Washington","final_internal","","3","","3","other","100","","","1","","1","other","100","","","","","","","","","","3","","3","other","100","","","","","","","","","","","","","","",""
"41.72572707-76.19995553---2010","https://mapsengine.google.com/06136759344167181854-06191489742681286724-4/wms/?version=1.3.0","41.72572707","-76.19995553","2010","Bradford","first_internal","","3","","3","other","100","","","13","","13","other","100","","","3","","3","other","100","","","","","","","","","","","","","","","","","","","","","",""
"41.71758458-76.16546651---2008","https://mapsengine.google.com/06136759344167181854-00219351362547715467-4/wms/?version=1.3.0","41.7175845785","-76.1654665101","2008","Bradford","final_internal","","3","","3","other","100","","","1","","1","other","100","","","3","","3","other","100","","","3","","3","other","100","","","","","","","","","","","","","","",""
"41.70955894-76.68076153---2005","https://mapsengine.google.com/06136759344167181854-15960346301379896183-4/wms/?version=1.3.0","41.7095589442","-76.6807615297","2005","Bradford","final_internal","","3","","3","other","100","","","1","","1","other","100","","","3","","3","other","100","","","3","","3","other","100","","","","","","","","","","","","","","",""
"40.20741322-80.38647978---2010","https://mapsengine.google.com/06136759344167181854-06191489742681286724-4/wms/?version=1.3.0","40.2074132225","-80.3864797811","2010","Washington","public","10","","","10","fracking","100","","10","","","10","fracking","100","","","","","","","","","","","","","","","","","","","","","","","","","","","","",""
"41.97460693-77.56712391---2005","https://mapsengine.google.com/06136759344167181854-15960346301379896183-4/wms/?version=1.3.0","41.9746069325","-77.5671239066","2005","Tioga","missing_internal","","1","","1","other","100","","","","","","fracking|unknown|other","","","","","","","","","","","","","","","","","","","","","","","","","1","","1","other","100",""
"40.49537276-79.56915587---2005","https://mapsengine.google.com/06136759344167181854-15960346301379896183-4/wms/?version=1.3.0","40.4953727589","-79.569155865","2005","Westmoreland","final_internal","","3","","3","other","100","","","1","","1","other","100","","","","","","","","","","3","","3","other","100","","","","","","","","","","","","","","",""
"41.6357305-76.40164388---2010","https://mapsengine.google.com/06136759344167181854-06191489742681286724-4/wms/?version=1.3.0","41.6357305","-76.40164388","2010","Bradford","first_internal","","3","","3","other","100","","","13","","13","other","100","","","3","","3","other","100","","","","","","","","","","","","","","","","","","","","","",""
"40.74693833-80.03723845---2005","https://mapsengine.google.com/06136759344167181854-15960346301379896183-4/wms/?version=1.3.0","40.7469383342","-80.0372384527","2005","Butler","final_internal","","3","","3","other","100","","","1","","1","other","100","","","","","","","","","","3","","3","other","100","","","","","","","","","","","","","","",""
"39.7390139-79.96135403---2010","https://mapsengine.google.com/06136759344167181854-06191489742681286724-4/wms/?version=1.3.0","39.7390138984","-79.9613540253","2010","Greene","sweeper_internal","","1","","1","other","100","","2","7","1","10","other","70","","","","","","","","","","","","","","","","","1","","1","other","100","","","","","","","",""
"40.06626753-79.63372336---2005","https://mapsengine.google.com/06136759344167181854-15960346301379896183-4/wms/?version=1.3.0","40.0662675347","-79.6337233603","2005","Fayette","final_internal","","3","","3","other","100","","","1","","1","other","100","","","","","","","","","","3","","3","other","100","","","","","","","","","","","","","","",""
"40.11885877-79.81915927---2005","https://mapsengine.google.com/06136759344167181854-15960346301379896183-4/wms/?version=1.3.0","40.1188587721","-79.8191592741","2005","Fayette","final_internal","","3","","3","other","100","","","1","","1","other","100","","","","","","","","","","3","","3","other","100","","","","","","","","","","","","","","",""
"41.00191346-78.86898939---2005","https://mapsengine.google.com/06136759344167181854-15960346301379896183-4/wms/?version=1.3.0","41.0019134559","-78.868989385","2005","Jefferson","final_internal","","3","","3","other","100","","","1","","1","other","100","","","","","","","","","","3","","3","other","100","","","","","","","","","","","","","","",""
"40.23513029-79.74489197---2008","https://mapsengine.google.com/06136759344167181854-00219351362547715467-4/wms/?version=1.3.0","40.2351302888","-79.7448919717","2008","Westmoreland","final_internal","2","","1","3","fracking","66","","2","1","","3","fracking","66","","","","","","","","","2","","1","3","fracking","66","","","","","","","","","","","","","","",""
"41.70774248-77.39654055---2010","https://mapsengine.google.com/06136759344167181854-06191489742681286724-4/wms/?version=1.3.0","41.7077424767","-77.3965405502","2010","Tioga","public","","12","","12","other","100","","","12","","12","other","100","","","","","","","","","","","","","","","","","","","","","","","","","","","","",""
"41.0480802-77.90733994---2010","https://mapsengine.google.com/06136759344167181854-06191489742681286724-4/wms/?version=1.3.0","41.0480802005","-77.9073399398","2010","Centre","public","","9","2","11","other","81","","","9","2","11","other","81","","","","","","","","","","","","","","","","","","","","","","","","","","","","",""
"41.29905428-78.91253058---2008","https://mapsengine.google.com/06136759344167181854-00219351362547715467-4/wms/?version=1.3.0","41.2990542796","-78.9125305791","2008","Jefferson","first_internal","","3","","3","other","100","","1","9","","10","other","90","","","3","","3","other","100","","","","","","","","","","","","","","","","","","","","","",""
"39.89418709-80.28883762---2005","https://mapsengine.google.com/06136759344167181854-15960346301379896183-4/wms/?version=1.3.0","39.8941870858","-80.2888376191","2005","Greene","final_internal","","3","","3","other","100","","","1","","1","other","100","","","","","","","","","","3","","3","other","100","","","","","","","","","","","","","","",""
"40.38491917-79.49932032---2010","https://mapsengine.google.com/06136759344167181854-06191489742681286724-4/wms/?version=1.3.0","40.3849191693","-79.4993203234","2010","Westmoreland","public","10","","","10","fracking","100","","10","","","10","fracking","100","","","","","","","","","","","","","","","","","","","","","","","","","","","","",""
"40.29175774-78.7797371---2010","https://mapsengine.google.com/06136759344167181854-06191489742681286724-4/wms/?version=1.3.0","40.2917577395","-78.7797371006","2010","Cambria","sweeper_internal","1","","","1","fracking","100","","6","","4","10","fracking","60","","","","","","","","","","","","","","","","1","","","1","fracking","100","","","","","","","",""
"39.92666474-79.99977756---2010","https://mapsengine.google.com/06136759344167181854-06191489742681286724-4/wms/?version=1.3.0","39.9266647378","-79.9997775565","2010","Greene","public","","10","","10","other","100","","","10","","10","other","100","","","","","","","","","","","","","","","","","","","","","","","","","","","","",""
"41.41795874-78.26862103---2008","https://mapsengine.google.com/06136759344167181854-00219351362547715467-4/wms/?version=1.3.0","41.4179587417","-78.268621031","2008","Cameron","first_internal","1","2","","3","other","66","","3","1","2","6","fracking","50","","1","2","","3","other","66","","","","","","","","","","","","","","","","","","","","","",""
"41.84007612-76.05449845---2010","https://mapsengine.google.com/06136759344167181854-06191489742681286724-4/wms/?version=1.3.0","41.84007612","-76.05449845","2010","Susquehanna","first_internal","","3","","3","other","100","","","9","1","10","other","90","","","3","","3","other","100","","","","","","","","","","","","","","","","","","","","","",""
"41.7336226-76.08203939---2005","https://mapsengine.google.com/06136759344167181854-15960346301379896183-4/wms/?version=1.3.0","41.733622599","-76.0820393918","2005","Susquehanna","final_internal","","3","","3","other","100","","","1","","1","other","100","","","3","","3","other","100","","","3","","3","other","100","","","","","","","","","","","","","","",""
"40.86707039-79.49639581---2010","https://mapsengine.google.com/06136759344167181854-06191489742681286724-4/wms/?version=1.3.0","40.8670703851","-79.496395808","2010","Armstrong","sweeper_internal","","1","","1","other","100","","","7","3","10","other","70","","","","","","","","","","","","","","","","","1","","1","other","100","","","","","","","",""
"41.87861396-76.94914848---2005","https://mapsengine.google.com/06136759344167181854-15960346301379896183-4/wms/?version=1.3.0","41.8786139614","-76.9491484803","2005","Tioga","missing_internal","","1","","1","other","100","","","","","","fracking|unknown|other","","","","","","","","","","","","","","","","","","","","","","","","","1","","1","other","100",""
"41.7464726-75.95191854---2008","https://mapsengine.google.com/06136759344167181854-00219351362547715467-4/wms/?version=1.3.0","41.7464726031","-75.9519185447","2008","Susquehanna","final_internal","","3","","3","other","100","","","1","","1","other","100","","","3","","3","other","100","","","3","","3","other","100","","","","","","","","","","","","","","",""
"41.69904045-75.90563668---2005","https://mapsengine.google.com/06136759344167181854-15960346301379896183-4/wms/?version=1.3.0","41.6990404453","-75.9056366764","2005","Susquehanna","final_internal","","3","","3","other","100","","","1","","1","other","100","","","3","","3","other","100","","","3","","3","other","100","","","","","","","","","","","","","","",""
"41.73685507-75.86462314---2010","https://mapsengine.google.com/06136759344167181854-06191489742681286724-4/wms/?version=1.3.0","41.7368550748","-75.8646231383","2010","Susquehanna","sweeper_internal","","1","","1","other","100","","","7","4","11","other","63","","","3","","3","other","100","","","","","","","","","","1","","1","other","100","","","","","","","",""
"41.71826088-76.82464433---2005","https://mapsengine.google.com/06136759344167181854-15960346301379896183-4/wms/?version=1.3.0","41.7182608814","-76.8246443262","2005","Bradford","final_internal","","3","","3","other","100","","","1","","1","other","100","","","3","","3","other","100","","","3","","3","other","100","","","","","","","","","","","","","","",""
"39.87488962-80.05701115---2010","https://mapsengine.google.com/06136759344167181854-06191489742681286724-4/wms/?version=1.3.0","39.8748896193","-80.0570111467","2010","Greene","public","","10","","10","other","100","","","10","","10","other","100","","","","","","","","","","","","","","","","","","","","","","","","","","","","",""
"40.11578678-79.78884825---2010","https://mapsengine.google.com/06136759344167181854-06191489742681286724-4/wms/?version=1.3.0","40.1157867767","-79.7888482492","2010","Fayette","sweeper_internal","","1","","1","other","100","","2","6","3","11","other","54","","","","","","","","","","","","","","","","","1","","1","other","100","","","","","","","",""
"39.94359142-79.98196333---2008","https://mapsengine.google.com/06136759344167181854-00219351362547715467-4/wms/?version=1.3.0","39.9435914226","-79.9819633259","2008","Greene","sweeper_internal","","1","","1","other","100","","5","2","3","10","fracking","50","","2","","1","3","fracking","66","","","","","","","","","","1","","1","other","100","","","","","","","",""
"41.7415778-75.88664749---2010","https://mapsengine.google.com/06136759344167181854-06191489742681286724-4/wms/?version=1.3.0","41.7415778","-75.88664749","2010","Susquehanna","first_internal","","3","","3","other","100","","","9","1","10","other","90","","","3","","3","other","100","","","","","","","","","","","","","","","","","","","","","",""
"41.9065738-76.92537056---2010","https://mapsengine.google.com/06136759344167181854-06191489742681286724-4/wms/?version=1.3.0","41.9065738011","-76.9253705588","2010","Tioga","sweeper_internal","1","","","1","fracking","100","","8","2","1","11","fracking","72","","","","","","","","","","","","","","","","1","","","1","fracking","100","","","","","","","",""
"41.86211685-76.01870821---2010","https://mapsengine.google.com/06136759344167181854-06191489742681286724-4/wms/?version=1.3.0","41.8621168458","-76.018708207","2010","Susquehanna","sweeper_internal","","1","","1","other","100","","","9","3","12","other","75","","","3","","3","other","100","","","","","","","","","","1","","1","other","100","","","","","","","",""
"39.87241655-79.99733771---2008","https://mapsengine.google.com/06136759344167181854-00219351362547715467-4/wms/?version=1.3.0","39.8724165514","-79.9973377052","2008","Greene","sweeper_internal","","1","","1","other","100","","1","6","3","10","other","60","","","3","","3","other","100","","","","","","","","","","1","","1","other","100","","","","","","","",""
"41.0843343-78.02022624---2010","https://mapsengine.google.com/06136759344167181854-06191489742681286724-4/wms/?version=1.3.0","41.0843343036","-78.0202262375","2010","Centre","sweeper_internal","1","","","1","fracking","100","","3","2","6","11","unknown","54","","","","","","","","","","","","","","","","1","","","1","fracking","100","","","","","","","",""
"39.77800109-79.86088896---2010","https://mapsengine.google.com/06136759344167181854-06191489742681286724-4/wms/?version=1.3.0","39.7780010911","-79.8608889572","2010","Fayette","public","1","9","","10","other","90","","1","9","","10","other","90","","","","","","","","","","","","","","","","","","","","","","","","","","","","",""
"39.97681915-79.43654121---2010","https://mapsengine.google.com/06136759344167181854-06191489742681286724-4/wms/?version=1.3.0","39.9768191453","-79.4365412084","2010","Fayette","public","8","","2","10","fracking","80","","8","","2","10","fracking","80","","","","","","","","","","","","","","","","","","","","","","","","","","","","",""
"41.82586338-76.98464779---2005","https://mapsengine.google.com/06136759344167181854-15960346301379896183-4/wms/?version=1.3.0","41.8258633771","-76.9846477906","2005","Tioga","missing_internal","","1","","1","other","100","","","","","","fracking|unknown|other","","","","","","","","","","","","","","","","","","","","","","","","","1","","1","other","100",""
"40.81190877-80.20185098---2005","https://mapsengine.google.com/06136759344167181854-15960346301379896183-4/wms/?version=1.3.0","40.8119087685","-80.2018509792","2005","Beaver","final_internal","","3","","3","other","100","","","1","","1","other","100","","","3","","3","other","100","","","3","","3","other","100","","","","","","","","","","","","","","",""
"41.91513016-75.81318721---2010","https://mapsengine.google.com/06136759344167181854-06191489742681286724-4/wms/?version=1.3.0","41.91513016","-75.81318721","2010","Susquehanna","first_internal","","3","","3","other","100","","1","9","","10","other","90","","","3","","3","other","100","","","","","","","","","","","","","","","","","","","","","",""
"41.52343932-76.35045844---2010","https://mapsengine.google.com/06136759344167181854-06191489742681286724-4/wms/?version=1.3.0","41.52343932","-76.35045844","2010","Sullivan","first_internal","","3","","3","other","100","","","10","","10","other","100","","","3","","3","other","100","","","","","","","","","","","","","","","","","","","","","",""
"41.2785128-76.64313958---2008","https://mapsengine.google.com/06136759344167181854-00219351362547715467-4/wms/?version=1.3.0","41.2785127983","-76.6431395763","2008","Lycoming","final_internal","","3","","3","other","100","","","1","","1","other","100","","","","","","","","","","3","","3","other","100","","","","","","","","","","","","","","",""
"41.9326958-77.06208707---2010","https://mapsengine.google.com/06136759344167181854-06191489742681286724-4/wms/?version=1.3.0","41.9326957999","-77.0620870743","2010","Tioga","public","","9","1","10","other","90","","","9","1","10","other","90","","","","","","","","","","","","","","","","","","","","","","","","","","","","",""
"39.88752693-80.01270148---2005","https://mapsengine.google.com/06136759344167181854-15960346301379896183-4/wms/?version=1.3.0","39.8875269338","-80.0127014802","2005","Greene","final_internal","","3","","3","other","100","","","1","","1","other","100","","","","","","","","","","3","","3","other","100","","","","","","","","","","","","","","",""
"41.07988664-78.0236259---2010","https://mapsengine.google.com/06136759344167181854-06191489742681286724-4/wms/?version=1.3.0","41.0798866446","-78.0236259012","2010","Centre","public","","10","","10","other","100","","","10","","10","other","100","","","","","","","","","","","","","","","","","","","","","","","","","","","","",""
"39.72481032-79.98420944---2005","https://mapsengine.google.com/06136759344167181854-15960346301379896183-4/wms/?version=1.3.0","39.7248103175","-79.9842094375","2005","Greene","final_internal","","3","","3","other","100","","","1","","1","other","100","","","","","","","","","","3","","3","other","100","","","","","","","","","","","","","","",""
"39.7812785-78.97213081---2010","https://mapsengine.google.com/06136759344167181854-06191489742681286724-4/wms/?version=1.3.0","39.781278496","-78.9721308138","2010","Somerset","public","","10","","10","other","100","","","10","","10","other","100","","","","","","","","","","","","","","","","","","","","","","","","","","","","",""
"41.73430056-77.16470696---2010","https://mapsengine.google.com/06136759344167181854-06191489742681286724-4/wms/?version=1.3.0","41.7343005641","-77.1647069622","2010","Tioga","sweeper_internal","1","","","1","fracking","100","","7","1","3","11","fracking","63","","","","","","","","","","","","","","","","1","","","1","fracking","100","","","","","","","",""
"40.22117342-79.70604101---2008","https://mapsengine.google.com/06136759344167181854-00219351362547715467-4/wms/?version=1.3.0","40.2211734157","-79.7060410112","2008","Westmoreland","final_internal","","3","","3","other","100","","","1","","1","other","100","","","","","","","","","","3","","3","other","100","","","","","","","","","","","","","","",""
"40.01092713-80.01870273---2010","https://mapsengine.google.com/06136759344167181854-06191489742681286724-4/wms/?version=1.3.0","40.0109271342","-80.0187027274","2010","Washington","public","10","","","10","fracking","100","","10","","","10","fracking","100","","","","","","","","","","","","","","","","","","","","","","","","","","","","",""
"41.78898523-76.31193799---2010","https://mapsengine.google.com/06136759344167181854-06191489742681286724-4/wms/?version=1.3.0","41.78898523","-76.31193799","2010","Bradford","first_internal","","3","","3","other","100","","","10","","10","other","100","","","3","","3","other","100","","","","","","","","","","","","","","","","","","","","","",""
"40.80076605-80.04501665---2008","https://mapsengine.google.com/06136759344167181854-00219351362547715467-4/wms/?version=1.3.0","40.800766047","-80.0450166489","2008","Butler","first_internal","1","2","","3","other","66","","1","1","","2","fracking|other","","50|50","1","2","","3","other","66","","","","","","","","","","","","","","","","","","","","","",""
"40.7584996-79.77918213---2005","https://mapsengine.google.com/06136759344167181854-15960346301379896183-4/wms/?version=1.3.0","40.7584995962","-79.7791821257","2005","Butler","final_internal","","3","","3","other","100","","","1","","1","other","100","","","","","","","","","","3","","3","other","100","","","","","","","","","","","","","","",""
"39.82983709-79.94866151---2005","https://mapsengine.google.com/06136759344167181854-15960346301379896183-4/wms/?version=1.3.0","39.8298370911","-79.9486615068","2005","Greene","final_internal","","3","","3","other","100","","","1","","1","other","100","","","","","","","","","","3","","3","other","100","","","","","","","","","","","","","","",""
"39.8778872-79.99013138---2005","https://mapsengine.google.com/06136759344167181854-15960346301379896183-4/wms/?version=1.3.0","39.8778872031","-79.9901313831","2005","Greene","final_internal","","3","","3","other","100","","","1","","1","other","100","","","","","","","","","","3","","3","other","100","","","","","","","","","","","","","","",""
"41.71176385-75.89791031---2005","https://mapsengine.google.com/06136759344167181854-15960346301379896183-4/wms/?version=1.3.0","41.7117638519","-75.89791031","2005","Susquehanna","final_internal","","3","","3","other","100","","","1","","1","other","100","","","2","1","3","other","66","","","3","","3","other","100","","","","","","","","","","","","","","",""
"41.74847203-76.80525856---2010","https://mapsengine.google.com/06136759344167181854-06191489742681286724-4/wms/?version=1.3.0","41.74847203","-76.80525856","2010","Bradford","first_internal","3","","","3","fracking","100","","10","","","10","fracking","100","","3","","","3","fracking","100","","","","","","","","","","","","","","","","","","","","","",""
"40.27432791-80.21686239---2010","https://mapsengine.google.com/06136759344167181854-06191489742681286724-4/wms/?version=1.3.0","40.2743279123","-80.2168623874","2010","Washington","public","10","","","10","fracking","100","","10","","","10","fracking","100","","","","","","","","","","","","","","","","","","","","","","","","","","","","",""
"41.32789764-76.71230064---2010","https://mapsengine.google.com/06136759344167181854-06191489742681286724-4/wms/?version=1.3.0","41.3278976405","-76.7123006357","2010","Lycoming","public","","10","","10","other","100","","","10","","10","other","100","","","","","","","","","","","","","","","","","","","","","","","","","","","","",""
"41.67948313-76.06925918---2010","https://mapsengine.google.com/06136759344167181854-06191489742681286724-4/wms/?version=1.3.0","41.6794831313","-76.0692591794","2010","Susquehanna","sweeper_internal","","1","","1","other","100","","5","4","1","10","fracking","50","","","3","","3","other","100","","","","","","","","","","1","","1","other","100","","","","","","","",""
"40.38435037-79.49918072---2010","https://mapsengine.google.com/06136759344167181854-06191489742681286724-4/wms/?version=1.3.0","40.3843503686","-79.4991807195","2010","Westmoreland","public","10","","","10","fracking","100","","10","","","10","fracking","100","","","","","","","","","","","","","","","","","","","","","","","","","","","","",""
"41.72981719-75.87135967---2010","https://mapsengine.google.com/06136759344167181854-06191489742681286724-4/wms/?version=1.3.0","41.72981719","-75.87135967","2010","Susquehanna","first_internal","","3","","3","other","100","","","13","1","14","other","92","","","3","","3","other","100","","","","","","","","","","","","","","","","","","","","","",""
"41.70279578-77.31434561---2010","https://mapsengine.google.com/06136759344167181854-06191489742681286724-4/wms/?version=1.3.0","41.702795783","-77.3143456085","2010","Tioga","public","","12","","12","other","100","","","12","","12","other","100","","","","","","","","","","","","","","","","","","","","","","","","","","","","",""
"41.54223184-76.48701759---2005","https://mapsengine.google.com/06136759344167181854-15960346301379896183-4/wms/?version=1.3.0","41.5422318383","-76.4870175856","2005","Sullivan","final_internal","","3","","3","other","100","","","1","","1","other","100","","","3","","3","other","100","","","3","","3","other","100","","","","","","","","","","","","","","",""
"40.08837283-79.9750576---2010","https://mapsengine.google.com/06136759344167181854-06191489742681286724-4/wms/?version=1.3.0","40.0883728264","-79.9750576036","2010","Washington","sweeper_internal","1","","","1","fracking","100","","6","2","2","10","fracking","60","","","","","","","","","","","","","","","","1","","","1","fracking","100","","","","","","","",""
"41.35262343-78.54288163---2008","https://mapsengine.google.com/06136759344167181854-00219351362547715467-4/wms/?version=1.3.0","41.3526234251","-78.5428816263","2008","Elk","first_internal","","3","","3","other","100","","1","","","1","fracking","100","","","3","","3","other","100","","","","","","","","","","","","","","","","","","","","","",""
"41.75436095-75.86524401---2008","https://mapsengine.google.com/06136759344167181854-00219351362547715467-4/wms/?version=1.3.0","41.7543609521","-75.8652440148","2008","Susquehanna","final_internal","","3","","3","other","100","","","1","","1","other","100","","","3","","3","other","100","","","3","","3","other","100","","","","","","","","","","","","","","",""
"39.83342633-80.00744217---2010","https://mapsengine.google.com/06136759344167181854-06191489742681286724-4/wms/?version=1.3.0","39.833426334","-80.0074421719","2010","Greene","public","10","","","10","fracking","100","","10","","","10","fracking","100","","","","","","","","","","","","","","","","","","","","","","","","","","","","",""
"41.93470043-77.04551627---2005","https://mapsengine.google.com/06136759344167181854-15960346301379896183-4/wms/?version=1.3.0","41.9347004301","-77.0455162676","2005","Tioga","final_internal","","3","","3","other","100","","","1","","1","other","100","","","","","","","","","","3","","3","other","100","","","","","","","","","","","","","","",""
"40.11926166-80.22276545---2008","https://mapsengine.google.com/06136759344167181854-00219351362547715467-4/wms/?version=1.3.0","40.1192616602","-80.2227654516","2008","Washington","first_internal","","3","","3","other","100","","","8","","8","other","100","","","3","","3","other","100","","","","","","","","","","","","","","","","","","","","","",""
"39.97307894-80.07508836---2010","https://mapsengine.google.com/06136759344167181854-06191489742681286724-4/wms/?version=1.3.0","39.9730789435","-80.0750883566","2010","Greene","public","","10","","10","other","100","","","10","","10","other","100","","","","","","","","","","","","","","","","","","","","","","","","","","","","",""
"41.86092583-76.01447864---2008","https://mapsengine.google.com/06136759344167181854-00219351362547715467-4/wms/?version=1.3.0","41.860925826","-76.0144786408","2008","Susquehanna","final_internal","","3","","3","other","100","","","1","","1","other","100","","","3","","3","other","100","","","3","","3","other","100","","","","","","","","","","","","","","",""
"41.7121834-75.59431172---2008","https://mapsengine.google.com/06136759344167181854-00219351362547715467-4/wms/?version=1.3.0","41.7121834022","-75.5943117161","2008","Susquehanna","final_internal","","3","","3","other","100","","","1","","1","other","100","","","3","","3","other","100","","","3","","3","other","100","","","","","","","","","","","","","","",""
"40.26119069-80.3451464---2008","https://mapsengine.google.com/06136759344167181854-00219351362547715467-4/wms/?version=1.3.0","40.2611906895","-80.3451463963","2008","Washington","first_internal","","3","","3","other","100","","3","4","1","8","other","50","","","3","","3","other","100","","","","","","","","","","","","","","","","","","","","","",""
"41.2759595-76.64983644---2010","https://mapsengine.google.com/06136759344167181854-06191489742681286724-4/wms/?version=1.3.0","41.2759594978","-76.6498364358","2010","Lycoming","public","8","","2","10","fracking","80","","8","","2","10","fracking","80","","","","","","","","","","","","","","","","","","","","","","","","","","","","",""
"41.71896127-76.3605558---2008","https://mapsengine.google.com/06136759344167181854-00219351362547715467-4/wms/?version=1.3.0","41.7189612683","-76.3605558026","2008","Bradford","final_internal","","3","","3","other","100","","","1","","1","other","100","","","3","","3","other","100","","","3","","3","other","100","","","","","","","","","","","","","","",""
"40.36321847-79.33129478---2010","https://mapsengine.google.com/06136759344167181854-06191489742681286724-4/wms/?version=1.3.0","40.3632184688","-79.3312947796","2010","Westmoreland","public","12","","","12","fracking","100","","12","","","12","fracking","100","","","","","","","","","","","","","","","","","","","","","","","","","","","","",""
"41.56123631-76.10981559---2010","https://mapsengine.google.com/06136759344167181854-06191489742681286724-4/wms/?version=1.3.0","41.56123631","-76.10981559","2010","Wyoming","first_internal","1","2","","3","other","66","","1","9","","10","other","90","","1","2","","3","other","66","","","","","","","","","","","","","","","","","","","","","",""
"41.71984055-75.6604237---2005","https://mapsengine.google.com/06136759344167181854-15960346301379896183-4/wms/?version=1.3.0","41.7198405511","-75.6604237036","2005","Susquehanna","final_internal","","3","","3","other","100","","","1","","1","other","100","","","3","","3","other","100","","","3","","3","other","100","","","","","","","","","","","","","","",""
"41.86191329-76.84279524---2010","https://mapsengine.google.com/06136759344167181854-06191489742681286724-4/wms/?version=1.3.0","41.8619132853","-76.8427952376","2010","Bradford","sweeper_internal","","1","","1","other","100","","2","6","2","10","other","60","","","3","","3","other","100","","","","","","","","","","1","","1","other","100","","","","","","","",""
"41.67479153-77.33945991---2008","https://mapsengine.google.com/06136759344167181854-00219351362547715467-4/wms/?version=1.3.0","41.674791525","-77.3394599082","2008","Tioga","final_internal","","3","","3","other","100","","","1","","1","other","100","","","","","","","","","","3","","3","other","100","","","","","","","","","","","","","","",""
"39.77360781-79.99802799---2010","https://mapsengine.google.com/06136759344167181854-06191489742681286724-4/wms/?version=1.3.0","39.7736078136","-79.9980279926","2010","Greene","sweeper_internal","1","","","1","fracking","100","","6","4","","10","fracking","60","","","","","","","","","","","","","","","","1","","","1","fracking","100","","","","","","","",""
"41.73753228-76.81047616---2008","https://mapsengine.google.com/06136759344167181854-00219351362547715467-4/wms/?version=1.3.0","41.737532276","-76.8104761561","2008","Bradford","final_internal","","3","","3","other","100","","","1","","1","other","100","","","3","","3","other","100","","","3","","3","other","100","","","","","","","","","","","","","","",""
"41.59746389-77.09700497---2005","https://mapsengine.google.com/06136759344167181854-15960346301379896183-4/wms/?version=1.3.0","41.5974638944","-77.0970049673","2005","Tioga","missing_internal","","1","","1","other","100","","","","","","fracking|unknown|other","","","","","","","","","","","","","","","","","","","","","","","","","1","","1","other","100",""
"40.8647338-79.77817542---2005","https://mapsengine.google.com/06136759344167181854-15960346301379896183-4/wms/?version=1.3.0","40.8647337976","-79.7781754193","2005","Butler","final_internal","","3","","3","other","100","","","1","","1","other","100","","","","","","","","","","3","","3","other","100","","","","","","","","","","","","","","",""
"39.94481871-79.85978285---2010","https://mapsengine.google.com/06136759344167181854-06191489742681286724-4/wms/?version=1.3.0","39.9448187061","-79.85978285","2010","Fayette","sweeper_internal","","1","","1","other","100","","1","4","5","10","unknown","50","","","","","","","","","","","","","","","","","1","","1","other","100","","","","","","","",""
"41.68391543-75.87462932---2010","https://mapsengine.google.com/06136759344167181854-06191489742681286724-4/wms/?version=1.3.0","41.6839154268","-75.8746293179","2010","Susquehanna","sweeper_internal","","1","","1","other","100","","3","6","1","10","other","60","","","3","","3","other","100","","","","","","","","","","1","","1","other","100","","","","","","","",""
"41.53108249-76.34984688---2010","https://mapsengine.google.com/06136759344167181854-06191489742681286724-4/wms/?version=1.3.0","41.53108249","-76.34984688","2010","Sullivan","first_internal","","3","","3","other","100","","","9","1","10","other","90","","","3","","3","other","100","","","","","","","","","","","","","","","","","","","","","",""
"40.83860447-79.66378027---2008","https://mapsengine.google.com/06136759344167181854-00219351362547715467-4/wms/?version=1.3.0","40.83860447","-79.6637802669","2008","Armstrong","first_internal","","3","","3","other","100","","3","2","1","6","fracking","50","","","3","","3","other","100","","","","","","","","","","","","","","","","","","","","","",""
"39.77037373-79.79962021---2010","https://mapsengine.google.com/06136759344167181854-06191489742681286724-4/wms/?version=1.3.0","39.7703737294","-79.7996202068","2010","Fayette","public","","10","","10","other","100","","","10","","10","other","100","","","","","","","","","","","","","","","","","","","","","","","","","","","","",""
"41.96986746-77.5924296---2010","https://mapsengine.google.com/06136759344167181854-06191489742681286724-4/wms/?version=1.3.0","41.9698674628","-77.592429596","2010","Tioga","public","","9","2","11","other","81","","","9","2","11","other","81","","","","","","","","","","","","","","","","","","","","","","","","","","","","",""
"41.42771871-76.91416625---2008","https://mapsengine.google.com/06136759344167181854-00219351362547715467-4/wms/?version=1.3.0","41.4277187119","-76.9141662523","2008","Lycoming","final_internal","","3","","3","other","100","","","1","","1","other","100","","","","","","","","","","3","","3","other","100","","","","","","","","","","","","","","",""
"41.83813352-76.38271978---2005","https://mapsengine.google.com/06136759344167181854-15960346301379896183-4/wms/?version=1.3.0","41.8381335168","-76.3827197804","2005","Bradford","final_internal","","3","","3","other","100","","","1","","1","other","100","","","3","","3","other","100","","","3","","3","other","100","","","","","","","","","","","","","","",""
"39.74515133-79.35669247---2010","https://mapsengine.google.com/06136759344167181854-06191489742681286724-4/wms/?version=1.3.0","39.7451513286","-79.3566924727","2010","Somerset","public","27","","","27","fracking","100","","27","","","27","fracking","100","","","","","","","","","","","","","","","","","","","","","","","","","","","","",""
"41.76141523-75.97373122---2010","https://mapsengine.google.com/06136759344167181854-06191489742681286724-4/wms/?version=1.3.0","41.76141523","-75.97373122","2010","Susquehanna","first_internal","","3","","3","other","100","","","13","","13","other","100","","","3","","3","other","100","","","","","","","","","","","","","","","","","","","","","",""
"39.92874078-80.02080769---2010","https://mapsengine.google.com/06136759344167181854-06191489742681286724-4/wms/?version=1.3.0","39.9287407837","-80.0208076937","2010","Greene","public","10","","","10","fracking","100","","10","","","10","fracking","100","","","","","","","","","","","","","","","","","","","","","","","","","","","","",""
"39.90326024-80.00228538---2010","https://mapsengine.google.com/06136759344167181854-06191489742681286724-4/wms/?version=1.3.0","39.9032602418","-80.0022853772","2010","Greene","public","","10","","10","other","100","","","10","","10","other","100","","","","","","","","","","","","","","","","","","","","","","","","","","","","",""
"41.74871438-76.63185848---2008","https://mapsengine.google.com/06136759344167181854-00219351362547715467-4/wms/?version=1.3.0","41.7487143752","-76.6318584796","2008","Bradford","final_internal","","3","","3","other","100","","","1","","1","other","100","","","3","","3","other","100","","","3","","3","other","100","","","","","","","","","","","","","","",""
"41.52743228-76.35662913---2005","https://mapsengine.google.com/06136759344167181854-15960346301379896183-4/wms/?version=1.3.0","41.5274322776","-76.3566291312","2005","Sullivan","final_internal","","3","","3","other","100","","","1","","1","other","100","","","3","","3","other","100","","","3","","3","other","100","","","","","","","","","","","","","","",""
"41.89105728-76.93253151---2010","https://mapsengine.google.com/06136759344167181854-06191489742681286724-4/wms/?version=1.3.0","41.8910572812","-76.9325315131","2010","Tioga","public","","10","","10","other","100","","","10","","10","other","100","","","","","","","","","","","","","","","","","","","","","","","","","","","","",""
"41.99170956-77.53905814---2010","https://mapsengine.google.com/06136759344167181854-06191489742681286724-4/wms/?version=1.3.0","41.9917095646","-77.5390581433","2010","Tioga","public","","11","","11","other","100","","","11","","11","other","100","","","","","","","","","","","","","","","","","","","","","","","","","","","","",""
"41.71804174-76.41665843---2008","https://mapsengine.google.com/06136759344167181854-00219351362547715467-4/wms/?version=1.3.0","41.71804174","-76.4166584271","2008","Bradford","final_internal","","3","","3","other","100","","","1","","1","other","100","","","3","","3","other","100","","","3","","3","other","100","","","","","","","","","","","","","","",""
"40.15582246-79.74474026---2005","https://mapsengine.google.com/06136759344167181854-15960346301379896183-4/wms/?version=1.3.0","40.1558224634","-79.7447402598","2005","Westmoreland","final_internal","","3","","3","other","100","","","1","","1","other","100","","","","","","","","","","3","","3","other","100","","","","","","","","","","","","","","",""
"41.70538877-76.43389689---2010","https://mapsengine.google.com/06136759344167181854-06191489742681286724-4/wms/?version=1.3.0","41.7053887667","-76.4338968913","2010","Bradford","sweeper_internal","","1","","1","other","100","","2","6","2","10","other","60","","","3","","3","other","100","","","","","","","","","","1","","1","other","100","","","","","","","",""
"40.85606773-79.51652756---2010","https://mapsengine.google.com/06136759344167181854-06191489742681286724-4/wms/?version=1.3.0","40.8560677294","-79.5165275568","2010","Armstrong","public","","10","","10","other","100","","","10","","10","other","100","","","","","","","","","","","","","","","","","","","","","","","","","","","","",""
"39.72229319-79.99917783---2008","https://mapsengine.google.com/06136759344167181854-00219351362547715467-4/wms/?version=1.3.0","39.7222931919","-79.9991778319","2008","Greene","sweeper_internal","","1","","1","other","100","","5","1","4","10","fracking","50","","1","","2","3","unknown","66","","","","","","","","","","1","","1","other","100","","","","","","","",""
"41.73954513-77.22198709---2005","https://mapsengine.google.com/06136759344167181854-15960346301379896183-4/wms/?version=1.3.0","41.7395451327","-77.2219870866","2005","Tioga","missing_internal","","1","","1","other","100","","","","","","fracking|unknown|other","","","","","","","","","","","","","","","","","","","","","","","","","1","","1","other","100",""
"41.73212423-75.86249728---2010","https://mapsengine.google.com/06136759344167181854-06191489742681286724-4/wms/?version=1.3.0","41.73212423","-75.86249728","2010","Susquehanna","first_internal","","3","","3","other","100","","","10","","10","other","100","","","3","","3","other","100","","","","","","","","","","","","","","","","","","","","","",""
"41.71796832-76.41656604---2005","https://mapsengine.google.com/06136759344167181854-15960346301379896183-4/wms/?version=1.3.0","41.7179683207","-76.4165660389","2005","Bradford","final_internal","","3","","3","other","100","","","1","","1","other","100","","","3","","3","other","100","","","3","","3","other","100","","","","","","","","","","","","","","",""
"40.74059915-79.51057268---2008","https://mapsengine.google.com/06136759344167181854-00219351362547715467-4/wms/?version=1.3.0","40.740599152","-79.5105726752","2008","Armstrong","first_internal","","3","","3","other","100","","","6","","6","other","100","","","3","","3","other","100","","","","","","","","","","","","","","","","","","","","","",""
"39.83100184-79.98844972---2010","https://mapsengine.google.com/06136759344167181854-06191489742681286724-4/wms/?version=1.3.0","39.8310018445","-79.9884497236","2010","Greene","public","","10","","10","other","100","","","10","","10","other","100","","","","","","","","","","","","","","","","","","","","","","","","","","","","",""
"41.93166132-76.98763306---2005","https://mapsengine.google.com/06136759344167181854-15960346301379896183-4/wms/?version=1.3.0","41.9316613189","-76.9876330576","2005","Tioga","missing_internal","","1","","1","other","100","","","","","","fracking|unknown|other","","","","","","","","","","","","","","","","","","","","","","","","","1","","1","other","100",""
"41.63434588-76.41962499---2005","https://mapsengine.google.com/06136759344167181854-15960346301379896183-4/wms/?version=1.3.0","41.6343458849","-76.41962499","2005","Bradford","final_internal","","3","","3","other","100","","","1","","1","other","100","","","3","","3","other","100","","","3","","3","other","100","","","","","","","","","","","","","","",""
"41.66946386-76.96779623---2008","https://mapsengine.google.com/06136759344167181854-00219351362547715467-4/wms/?version=1.3.0","41.6694638604","-76.9677962272","2008","Tioga","final_internal","","3","","3","other","100","","","1","","1","other","100","","","","","","","","","","3","","3","other","100","","","","","","","","","","","","","","",""
"41.82666774-76.06343793---2010","https://mapsengine.google.com/06136759344167181854-06191489742681286724-4/wms/?version=1.3.0","41.8266677444","-76.0634379301","2010","Susquehanna","sweeper_internal","","1","","1","other","100","","7","1","2","10","fracking","70","","2","","1","3","fracking","66","","","","","","","","","","1","","1","other","100","","","","","","","",""
"41.68566541-75.89910368---2005","https://mapsengine.google.com/06136759344167181854-15960346301379896183-4/wms/?version=1.3.0","41.6856654063","-75.8991036771","2005","Susquehanna","final_internal","","3","","3","other","100","","","1","","1","other","100","","","3","","3","other","100","","","3","","3","other","100","","","","","","","","","","","","","","",""
"40.24285044-79.78636774---2005","https://mapsengine.google.com/06136759344167181854-15960346301379896183-4/wms/?version=1.3.0","40.2428504407","-79.7863677379","2005","Westmoreland","final_internal","","2","1","3","other","66","","","1","","1","other","100","","","","","","","","","","2","1","3","other","66","","","","","","","","","","","","","","",""
"41.72624898-75.90319835---2008","https://mapsengine.google.com/06136759344167181854-00219351362547715467-4/wms/?version=1.3.0","41.7262489779","-75.9031983539","2008","Susquehanna","final_internal","4","","","4","fracking","100","","1","","","1","fracking","100","","1","2","","3","other","66","","4","","","4","fracking","100","","","","","","","","","","","","","","",""
"41.7479768-75.94002618---2005","https://mapsengine.google.com/06136759344167181854-15960346301379896183-4/wms/?version=1.3.0","41.7479767957","-75.9400261824","2005","Susquehanna","final_internal","","3","","3","other","100","","","1","","1","other","100","","","3","","3","other","100","","","3","","3","other","100","","","","","","","","","","","","","","",""
"40.70474933-79.64263574---2010","https://mapsengine.google.com/06136759344167181854-06191489742681286724-4/wms/?version=1.3.0","40.7047493307","-79.6426357392","2010","Armstrong","sweeper_internal","1","","","1","fracking","100","","6","1","3","10","fracking","60","","","","","","","","","","","","","","","","1","","","1","fracking","100","","","","","","","",""
"41.76830663-75.93897912---2008","https://mapsengine.google.com/06136759344167181854-00219351362547715467-4/wms/?version=1.3.0","41.7683066302","-75.9389791183","2008","Susquehanna","final_internal","","3","","3","other","100","","","1","","1","other","100","","","3","","3","other","100","","","3","","3","other","100","","","","","","","","","","","","","","",""
"41.29180742-78.61784932---2010","https://mapsengine.google.com/06136759344167181854-06191489742681286724-4/wms/?version=1.3.0","41.2918074223","-78.6178493249","2010","Elk","sweeper_internal","","1","","1","other","100","","4","5","3","12","other","41","","","","","","","","","","","","","","","","","1","","1","other","100","","","","","","","",""
"41.74877556-76.63176373---2010","https://mapsengine.google.com/06136759344167181854-06191489742681286724-4/wms/?version=1.3.0","41.7487755604","-76.6317637349","2010","Bradford","sweeper_internal","","1","","1","other","100","","2","9","1","12","other","75","","","3","","3","other","100","","","","","","","","","","1","","1","other","100","","","","","","","",""
"41.68193702-77.26375947---2010","https://mapsengine.google.com/06136759344167181854-06191489742681286724-4/wms/?version=1.3.0","41.6819370164","-77.2637594734","2010","Tioga","public","1","9","1","11","other","81","","1","9","1","11","other","81","","","","","","","","","","","","","","","","","","","","","","","","","","","","",""
"41.29251674-76.62190324---2010","https://mapsengine.google.com/06136759344167181854-06191489742681286724-4/wms/?version=1.3.0","41.2925167395","-76.6219032426","2010","Lycoming","public","","10","","10","other","100","","","10","","10","other","100","","","","","","","","","","","","","","","","","","","","","","","","","","","","",""
"39.90563087-80.14187744---2008","https://mapsengine.google.com/06136759344167181854-00219351362547715467-4/wms/?version=1.3.0","39.9056308725","-80.1418774434","2008","Greene","first_internal","","3","","3","other","100","","","8","","8","other","100","","","3","","3","other","100","","","","","","","","","","","","","","","","","","","","","",""
"41.43081761-76.88125164---2005","https://mapsengine.google.com/06136759344167181854-15960346301379896183-4/wms/?version=1.3.0","41.4308176053","-76.8812516367","2005","Lycoming","missing_internal","","1","","1","other","100","","","","","","fracking|unknown|other","","","","","","","","","","","","","","","","","","","","","","","","","1","","1","other","100",""
"41.76527215-76.2439195---2008","https://mapsengine.google.com/06136759344167181854-00219351362547715467-4/wms/?version=1.3.0","41.765272154","-76.2439194962","2008","Bradford","final_internal","","3","","3","other","100","","","1","","1","other","100","","","3","","3","other","100","","","3","","3","other","100","","","","","","","","","","","","","","",""
"40.57390823-79.81083219---2010","https://mapsengine.google.com/06136759344167181854-06191489742681286724-4/wms/?version=1.3.0","40.5739082293","-79.8108321944","2010","Allegheny","sweeper_internal","","1","","1","other","100","","","7","3","10","other","70","","1","2","","3","other","66","","","","","","","","","","1","","1","other","100","","","","","","","",""
"39.90426076-80.15058548---2010","https://mapsengine.google.com/06136759344167181854-06191489742681286724-4/wms/?version=1.3.0","39.9042607616","-80.1505854787","2010","Greene","public","","9","1","10","other","90","","","9","1","10","other","90","","","","","","","","","","","","","","","","","","","","","","","","","","","","",""
"41.75040613-75.94245353---2005","https://mapsengine.google.com/06136759344167181854-15960346301379896183-4/wms/?version=1.3.0","41.7504061271","-75.9424535319","2005","Susquehanna","final_internal","","3","","3","other","100","","","1","","1","other","100","","","3","","3","other","100","","","3","","3","other","100","","","","","","","","","","","","","","",""
"40.6979093-78.91759368---2010","https://mapsengine.google.com/06136759344167181854-06191489742681286724-4/wms/?version=1.3.0","40.6979092992","-78.9175936814","2010","Indiana","public","","10","","10","other","100","","","10","","10","other","100","","","","","","","","","","","","","","","","","","","","","","","","","","","","",""
"41.92055335-75.81281429---2005","https://mapsengine.google.com/06136759344167181854-15960346301379896183-4/wms/?version=1.3.0","41.9205533501","-75.8128142925","2005","Susquehanna","final_internal","","3","","3","other","100","","","1","","1","other","100","","","3","","3","other","100","","","3","","3","other","100","","","","","","","","","","","","","","",""
"41.73852633-75.87999998---2010","https://mapsengine.google.com/06136759344167181854-06191489742681286724-4/wms/?version=1.3.0","41.7385263322","-75.8799999846","2010","Susquehanna","sweeper_internal","","1","","1","other","100","","3","6","3","12","other","50","","","2","1","3","other","66","","","","","","","","","","1","","1","other","100","","","","","","","",""
"41.88159516-75.89688715---2010","https://mapsengine.google.com/06136759344167181854-06191489742681286724-4/wms/?version=1.3.0","41.88159516","-75.89688715","2010","Susquehanna","first_internal","","3","","3","other","100","","","10","1","11","other","90","","","3","","3","other","100","","","","","","","","","","","","","","","","","","","","","",""
"40.28319349-80.32340065---2010","https://mapsengine.google.com/06136759344167181854-06191489742681286724-4/wms/?version=1.3.0","40.2831934903","-80.3234006531","2010","Washington","public","","10","","10","other","100","","","10","","10","other","100","","","","","","","","","","","","","","","","","","","","","","","","","","","","",""
"39.8987717-80.07550789---2010","https://mapsengine.google.com/06136759344167181854-06191489742681286724-4/wms/?version=1.3.0","39.8987716991","-80.075507888","2010","Greene","sweeper_internal","","1","","1","other","100","","3","7","","10","other","70","","","","","","","","","","","","","","","","","1","","1","other","100","","","","","","","",""
"41.54156635-77.09761299---2008","https://mapsengine.google.com/06136759344167181854-00219351362547715467-4/wms/?version=1.3.0","41.5415663504","-77.0976129941","2008","Lycoming","final_internal","","3","","3","other","100","","","1","","1","other","100","","","","","","","","","","3","","3","other","100","","","","","","","","","","","","","","",""
"41.84107441-77.0505584---2008","https://mapsengine.google.com/06136759344167181854-00219351362547715467-4/wms/?version=1.3.0","41.8410744145","-77.050558401","2008","Tioga","final_internal","","3","","3","other","100","","","1","","1","other","100","","","","","","","","","","3","","3","other","100","","","","","","","","","","","","","","",""
"40.12871185-79.77723116---2010","https://mapsengine.google.com/06136759344167181854-06191489742681286724-4/wms/?version=1.3.0","40.1287118523","-79.7772311608","2010","Westmoreland","public","10","","","10","fracking","100","","10","","","10","fracking","100","","","","","","","","","","","","","","","","","","","","","","","","","","","","",""
"40.82111635-80.04871278---2010","https://mapsengine.google.com/06136759344167181854-06191489742681286724-4/wms/?version=1.3.0","40.821116348","-80.0487127801","2010","Butler","public","","19","1","20","other","95","","","19","1","20","other","95","","","","","","","","","","","","","","","","","","","","","","","","","","","","",""
"39.96193993-79.69425059---2005","https://mapsengine.google.com/06136759344167181854-15960346301379896183-4/wms/?version=1.3.0","39.9619399289","-79.6942505923","2005","Fayette","final_internal","","3","","3","other","100","","","1","","1","other","100","","","","","","","","","","3","","3","other","100","","","","","","","","","","","","","","",""
"41.77283641-76.10473174---2010","https://mapsengine.google.com/06136759344167181854-06191489742681286724-4/wms/?version=1.3.0","41.77283641","-76.10473174","2010","Susquehanna","first_internal","","3","","3","other","100","","","10","","10","other","100","","","3","","3","other","100","","","","","","","","","","","","","","","","","","","","","",""
"41.55836791-77.06612265---2008","https://mapsengine.google.com/06136759344167181854-00219351362547715467-4/wms/?version=1.3.0","41.5583679131","-77.0661226478","2008","Tioga","final_internal","","3","","3","other","100","","","1","","1","other","100","","","","","","","","","","3","","3","other","100","","","","","","","","","","","","","","",""
"41.67867067-76.06520923---2005","https://mapsengine.google.com/06136759344167181854-15960346301379896183-4/wms/?version=1.3.0","41.678670667","-76.0652092337","2005","Susquehanna","final_internal","","3","","3","other","100","","","1","","1","other","100","","","3","","3","other","100","","","3","","3","other","100","","","","","","","","","","","","","","",""
"40.2285796-80.3222106---2008","https://mapsengine.google.com/06136759344167181854-00219351362547715467-4/wms/?version=1.3.0","40.2285795965","-80.3222105965","2008","Washington","first_internal","3","","","3","fracking","100","","8","","","8","fracking","100","","3","","","3","fracking","100","","","","","","","","","","","","","","","","","","","","","",""
"41.74759548-76.10632184---2008","https://mapsengine.google.com/06136759344167181854-00219351362547715467-4/wms/?version=1.3.0","41.7475954828","-76.1063218433","2008","Susquehanna","final_internal","","3","","3","other","100","","","1","","1","other","100","","","3","","3","other","100","","","3","","3","other","100","","","","","","","","","","","","","","",""
"41.76604602-76.84312424---2008","https://mapsengine.google.com/06136759344167181854-00219351362547715467-4/wms/?version=1.3.0","41.7660460233","-76.8431242365","2008","Bradford","final_internal","","3","","3","other","100","","","1","","1","other","100","","","3","","3","other","100","","","3","","3","other","100","","","","","","","","","","","","","","",""
"39.7658051-79.50914425---2008","https://mapsengine.google.com/06136759344167181854-00219351362547715467-4/wms/?version=1.3.0","39.7658051027","-79.5091442543","2008","Fayette","sweeper_internal","","1","","1","other","100","","1","7","2","10","other","70","","","3","","3","other","100","","","","","","","","","","1","","1","other","100","","","","","","","",""
"41.04879057-77.90728599---2010","https://mapsengine.google.com/06136759344167181854-06191489742681286724-4/wms/?version=1.3.0","41.0487905738","-77.9072859874","2010","Centre","sweeper_internal","","1","","1","other","100","","","8","3","11","other","72","","","","","","","","","","","","","","","","","1","","1","other","100","","","","","","","",""
"41.68762863-76.09005534---2005","https://mapsengine.google.com/06136759344167181854-15960346301379896183-4/wms/?version=1.3.0","41.6876286288","-76.0900553373","2005","Susquehanna","final_internal","","3","","3","other","100","","","1","","1","other","100","","","3","","3","other","100","","","3","","3","other","100","","","","","","","","","","","","","","",""
"40.02050718-80.16715446---2010","https://mapsengine.google.com/06136759344167181854-06191489742681286724-4/wms/?version=1.3.0","40.0205071752","-80.1671544586","2010","Washington","public","9","","1","10","fracking","90","","9","","1","10","fracking","90","","","","","","","","","","","","","","","","","","","","","","","","","","","","",""
"41.8465367-76.38947605---2010","https://mapsengine.google.com/06136759344167181854-06191489742681286724-4/wms/?version=1.3.0","41.8465367","-76.38947605","2010","Bradford","first_internal","","3","","3","other","100","","","11","","11","other","100","","","3","","3","other","100","","","","","","","","","","","","","","","","","","","","","",""
"41.75095887-75.94076198---2010","https://mapsengine.google.com/06136759344167181854-06191489742681286724-4/wms/?version=1.3.0","41.75095887","-75.94076198","2010","Susquehanna","first_internal","","3","","3","other","100","","","10","","10","other","100","","","3","","3","other","100","","","","","","","","","","","","","","","","","","","","","",""
"41.85838915-76.70308977---2005","https://mapsengine.google.com/06136759344167181854-15960346301379896183-4/wms/?version=1.3.0","41.858389146","-76.7030897673","2005","Bradford","final_internal","","3","","3","other","100","","","1","","1","other","100","","","3","","3","other","100","","","3","","3","other","100","","","","","","","","","","","","","","",""
"41.79700325-76.22359604---2008","https://mapsengine.google.com/06136759344167181854-00219351362547715467-4/wms/?version=1.3.0","41.7970032489","-76.2235960448","2008","Bradford","final_internal","","3","","3","other","100","","","1","","1","other","100","","","3","","3","other","100","","","3","","3","other","100","","","","","","","","","","","","","","",""
"40.27575622-80.23999057---2010","https://mapsengine.google.com/06136759344167181854-06191489742681286724-4/wms/?version=1.3.0","40.2757562175","-80.2399905686","2010","Washington","public","10","","","10","fracking","100","","10","","","10","fracking","100","","","","","","","","","","","","","","","","","","","","","","","","","","","","",""
"41.93738915-76.86260747---2008","https://mapsengine.google.com/06136759344167181854-00219351362547715467-4/wms/?version=1.3.0","41.9373891501","-76.8626074713","2008","Bradford","final_internal","","3","","3","other","100","","","1","","1","other","100","","","3","","3","other","100","","","3","","3","other","100","","","","","","","","","","","","","","",""
"41.72570306-76.81507411---2005","https://mapsengine.google.com/06136759344167181854-15960346301379896183-4/wms/?version=1.3.0","41.7257030564","-76.8150741095","2005","Bradford","final_internal","","3","","3","other","100","","","1","","1","other","100","","","3","","3","other","100","","","3","","3","other","100","","","","","","","","","","","","","","",""
"41.69729291-75.86743728---2008","https://mapsengine.google.com/06136759344167181854-00219351362547715467-4/wms/?version=1.3.0","41.6972929104","-75.8674372827","2008","Susquehanna","final_internal","","3","1","4","other","75","","","1","","1","other","100","","1","","2","3","unknown","66","","","3","1","4","other","75","","","","","","","","","","","","","","",""
"41.78282069-76.70243126---2010","https://mapsengine.google.com/06136759344167181854-06191489742681286724-4/wms/?version=1.3.0","41.78282069","-76.70243126","2010","Bradford","first_internal","","3","","3","other","100","","","13","","13","other","100","","","3","","3","other","100","","","","","","","","","","","","","","","","","","","","","",""
"40.81243536-79.58311646---2010","https://mapsengine.google.com/06136759344167181854-06191489742681286724-4/wms/?version=1.3.0","40.8124353605","-79.5831164606","2010","Armstrong","public","","10","","10","other","100","","","10","","10","other","100","","","","","","","","","","","","","","","","","","","","","","","","","","","","",""
"41.68819042-76.85673423---2008","https://mapsengine.google.com/06136759344167181854-00219351362547715467-4/wms/?version=1.3.0","41.6881904224","-76.856734234","2008","Bradford","final_internal","","3","","3","other","100","","","1","","1","other","100","","","3","","3","other","100","","","3","","3","other","100","","","","","","","","","","","","","","",""
"39.81325449-80.00532353---2010","https://mapsengine.google.com/06136759344167181854-06191489742681286724-4/wms/?version=1.3.0","39.8132544867","-80.0053235252","2010","Greene","public","1","9","","10","other","90","","1","9","","10","other","90","","","","","","","","","","","","","","","","","","","","","","","","","","","","",""
"41.63431728-76.4012615---2005","https://mapsengine.google.com/06136759344167181854-15960346301379896183-4/wms/?version=1.3.0","41.6343172808","-76.4012614988","2005","Bradford","final_internal","","3","","3","other","100","","","1","","1","other","100","","","3","","3","other","100","","","3","","3","other","100","","","","","","","","","","","","","","",""
"40.28380102-80.34188585---2005","https://mapsengine.google.com/06136759344167181854-15960346301379896183-4/wms/?version=1.3.0","40.2838010246","-80.341885846","2005","Washington","final_internal","","3","","3","other","100","","","1","","1","other","100","","","","","","","","","","3","","3","other","100","","","","","","","","","","","","","","",""
"40.96366282-79.95103601---2010","https://mapsengine.google.com/06136759344167181854-06191489742681286724-4/wms/?version=1.3.0","40.9636628183","-79.9510360068","2010","Butler","public","","12","","12","other","100","","","12","","12","other","100","","","","","","","","","","","","","","","","","","","","","","","","","","","","",""
"40.85872603-79.53412091---2010","https://mapsengine.google.com/06136759344167181854-06191489742681286724-4/wms/?version=1.3.0","40.8587260291","-79.5341209057","2010","Armstrong","sweeper_internal","1","","","1","fracking","100","","7","1","2","10","fracking","70","","","","","","","","","","","","","","","","1","","","1","fracking","100","","","","","","","",""
"41.69575568-77.36105124---2008","https://mapsengine.google.com/06136759344167181854-00219351362547715467-4/wms/?version=1.3.0","41.6957556781","-77.3610512436","2008","Tioga","final_internal","","3","","3","other","100","","","1","","1","other","100","","","","","","","","","","3","","3","other","100","","","","","","","","","","","","","","",""
"41.75454375-75.90078283---2005","https://mapsengine.google.com/06136759344167181854-15960346301379896183-4/wms/?version=1.3.0","41.7545437524","-75.9007828344","2005","Susquehanna","final_internal","","3","","3","other","100","","","1","","1","other","100","","","3","","3","other","100","","","3","","3","other","100","","","","","","","","","","","","","","",""
"40.27523645-80.34100724---2005","https://mapsengine.google.com/06136759344167181854-15960346301379896183-4/wms/?version=1.3.0","40.2752364473","-80.3410072373","2005","Washington","final_internal","","3","","3","other","100","","","1","","1","other","100","","","","","","","","","","3","","3","other","100","","","","","","","","","","","","","","",""
"41.2553708-76.64459973---2010","https://mapsengine.google.com/06136759344167181854-06191489742681286724-4/wms/?version=1.3.0","41.2553707955","-76.6445997297","2010","Lycoming","public","9","1","1","11","fracking","81","","9","1","1","11","fracking","81","","","","","","","","","","","","","","","","","","","","","","","","","","","","",""
"41.68275188-76.29974578---2010","https://mapsengine.google.com/06136759344167181854-06191489742681286724-4/wms/?version=1.3.0","41.6827518757","-76.2997457792","2010","Bradford","sweeper_internal","","1","","1","other","100","","2","7","1","10","other","70","","","2","1","3","other","66","","","","","","","","","","1","","1","other","100","","","","","","","",""
"40.67711088-79.38119553---2010","https://mapsengine.google.com/06136759344167181854-06191489742681286724-4/wms/?version=1.3.0","40.6771108759","-79.3811955255","2010","Armstrong","public","8","2","","10","fracking","80","","8","2","","10","fracking","80","","","","","","","","","","","","","","","","","","","","","","","","","","","","",""
"41.26560468-76.61559645---2008","https://mapsengine.google.com/06136759344167181854-00219351362547715467-4/wms/?version=1.3.0","41.2656046807","-76.615596449","2008","Lycoming","final_internal","","4","","4","other","100","","","1","","1","other","100","","","","","","","","","","4","","4","other","100","","","","","","","","","","","","","","",""
"41.73979503-75.95703221---2005","https://mapsengine.google.com/06136759344167181854-15960346301379896183-4/wms/?version=1.3.0","41.7397950309","-75.9570322077","2005","Susquehanna","final_internal","","3","","3","other","100","","","1","","1","other","100","","","3","","3","other","100","","","3","","3","other","100","","","","","","","","","","","","","","",""
"41.26415247-76.58306547---2010","https://mapsengine.google.com/06136759344167181854-06191489742681286724-4/wms/?version=1.3.0","41.2641524732","-76.5830654701","2010","Lycoming","public","","12","","12","other","100","","","12","","12","other","100","","","","","","","","","","","","","","","","","","","","","","","","","","","","",""
"41.47555011-78.91620902---2008","https://mapsengine.google.com/06136759344167181854-00219351362547715467-4/wms/?version=1.3.0","41.4755501123","-78.9162090233","2008","Elk","first_internal","","3","","3","other","100","","","2","","2","other","100","","","3","","3","other","100","","","","","","","","","","","","","","","","","","","","","",""
"41.68474858-75.87009764---2010","https://mapsengine.google.com/06136759344167181854-06191489742681286724-4/wms/?version=1.3.0","41.68474858","-75.87009764","2010","Susquehanna","first_internal","","3","","3","other","100","","","11","1","12","other","91","","","3","","3","other","100","","","","","","","","","","","","","","","","","","","","","",""
"40.18924974-79.88712684---2010","https://mapsengine.google.com/06136759344167181854-06191489742681286724-4/wms/?version=1.3.0","40.1892497383","-79.8871268419","2010","Washington","sweeper_internal","1","","","1","fracking","100","","3","6","1","10","other","60","","","","","","","","","","","","","","","","1","","","1","fracking","100","","","","","","","",""
"41.73212324-75.87642233---2005","https://mapsengine.google.com/06136759344167181854-15960346301379896183-4/wms/?version=1.3.0","41.7321232404","-75.8764223284","2005","Susquehanna","final_internal","","3","","3","other","100","","","1","","1","other","100","","","3","","3","other","100","","","3","","3","other","100","","","","","","","","","","","","","","",""
"41.95853182-76.99561969---2005","https://mapsengine.google.com/06136759344167181854-15960346301379896183-4/wms/?version=1.3.0","41.9585318195","-76.9956196872","2005","Tioga","final_internal","","3","","3","other","100","","","1","","1","other","100","","","","","","","","","","3","","3","other","100","","","","","","","","","","","","","","",""
"40.24516509-80.33937191---2010","https://mapsengine.google.com/06136759344167181854-06191489742681286724-4/wms/?version=1.3.0","40.2451650873","-80.339371913","2010","Washington","public","","10","","10","other","100","","","10","","10","other","100","","","","","","","","","","","","","","","","","","","","","","","","","","","","",""
"41.72025084-76.19797394---2005","https://mapsengine.google.com/06136759344167181854-15960346301379896183-4/wms/?version=1.3.0","41.7202508436","-76.1979739411","2005","Bradford","final_internal","","3","","3","other","100","","","1","","1","other","100","","","3","","3","other","100","","","3","","3","other","100","","","","","","","","","","","","","","",""
"41.73969549-75.87005997---2008","https://mapsengine.google.com/06136759344167181854-00219351362547715467-4/wms/?version=1.3.0","41.7396954947","-75.8700599744","2008","Susquehanna","final_internal","","3","","3","other","100","","","1","","1","other","100","","","3","","3","other","100","","","3","","3","other","100","","","","","","","","","","","","","","",""
"41.91113751-76.92019362---2010","https://mapsengine.google.com/06136759344167181854-06191489742681286724-4/wms/?version=1.3.0","41.9111375106","-76.9201936154","2010","Tioga","public","","10","","10","other","100","","","10","","10","other","100","","","","","","","","","","","","","","","","","","","","","","","","","","","","",""
"39.90475605-80.15164943---2010","https://mapsengine.google.com/06136759344167181854-06191489742681286724-4/wms/?version=1.3.0","39.904756047","-80.1516494252","2010","Greene","public","","9","1","10","other","90","","","9","1","10","other","90","","","","","","","","","","","","","","","","","","","","","","","","","","","","",""
"39.83483001-80.02534808---2010","https://mapsengine.google.com/06136759344167181854-06191489742681286724-4/wms/?version=1.3.0","39.8348300115","-80.0253480826","2010","Greene","public","9","","1","10","fracking","90","","9","","1","10","fracking","90","","","","","","","","","","","","","","","","","","","","","","","","","","","","",""
"41.71064912-76.67611186---2008","https://mapsengine.google.com/06136759344167181854-00219351362547715467-4/wms/?version=1.3.0","41.7106491157","-76.676111863","2008","Bradford","final_internal","","3","","3","other","100","","","1","","1","other","100","","","3","","3","other","100","","","3","","3","other","100","","","","","","","","","","","","","","",""
"41.57039148-76.03886875---2008","https://mapsengine.google.com/06136759344167181854-00219351362547715467-4/wms/?version=1.3.0","41.5703914828","-76.0388687521","2008","Wyoming","final_internal","","4","","4","other","100","","","1","","1","other","100","","","3","","3","other","100","","","4","","4","other","100","","","","","","","","","","","","","","",""
"41.71306126-75.87133443---2010","https://mapsengine.google.com/06136759344167181854-06191489742681286724-4/wms/?version=1.3.0","41.71306126","-75.87133443","2010","Susquehanna","first_internal","","3","","3","other","100","","","11","2","13","other","84","","","3","","3","other","100","","","","","","","","","","","","","","","","","","","","","",""
"41.87248734-76.31317027---2008","https://mapsengine.google.com/06136759344167181854-00219351362547715467-4/wms/?version=1.3.0","41.8724873408","-76.3131702682","2008","Bradford","final_internal","","3","","3","other","100","","","1","","1","other","100","","","3","","3","other","100","","","3","","3","other","100","","","","","","","","","","","","","","",""
"39.94288765-79.97108767---2008","https://mapsengine.google.com/06136759344167181854-00219351362547715467-4/wms/?version=1.3.0","39.9428876492","-79.9710876746","2008","Greene","sweeper_internal","","1","","1","other","100","","1","6","3","10","other","60","","","3","","3","other","100","","","","","","","","","","1","","1","other","100","","","","","","","",""
"41.78581673-78.17282849---2008","https://mapsengine.google.com/06136759344167181854-00219351362547715467-4/wms/?version=1.3.0","41.7858167334","-78.1728284938","2008","Potter","final_internal","","3","","3","other","100","","","1","","1","other","100","","","","","","","","","","3","","3","other","100","","","","","","","","","","","","","","",""
"41.75050951-77.43354092---2008","https://mapsengine.google.com/06136759344167181854-00219351362547715467-4/wms/?version=1.3.0","41.7505095124","-77.4335409162","2008","Tioga","final_internal","","3","","3","other","100","","","1","","1","other","100","","","","","","","","","","3","","3","other","100","","","","","","","","","","","","","","",""
"41.87682805-76.8775415---2010","https://mapsengine.google.com/06136759344167181854-06191489742681286724-4/wms/?version=1.3.0","41.876828047","-76.8775415002","2010","Bradford","sweeper_internal","","1","","1","other","100","","4","5","4","13","other","38","","1","","2","3","unknown","66","","","","","","","","","","1","","1","other","100","","","","","","","",""
"41.79037269-77.33004819---2010","https://mapsengine.google.com/06136759344167181854-06191489742681286724-4/wms/?version=1.3.0","41.790372691","-77.3300481856","2010","Tioga","sweeper_internal","1","","","1","fracking","100","","7","1","3","11","fracking","63","","","","","","","","","","","","","","","","1","","","1","fracking","100","","","","","","","",""
"41.55873124-76.46700298---2010","https://mapsengine.google.com/06136759344167181854-06191489742681286724-4/wms/?version=1.3.0","41.55873124","-76.46700298","2010","Sullivan","first_internal","","3","","3","other","100","","","11","","11","other","100","","","3","","3","other","100","","","","","","","","","","","","","","","","","","","","","",""
"39.92961679-80.02605089---2005","https://mapsengine.google.com/06136759344167181854-15960346301379896183-4/wms/?version=1.3.0","39.9296167941","-80.0260508851","2005","Greene","final_internal","","3","","3","other","100","","","1","","1","other","100","","","","","","","","","","3","","3","other","100","","","","","","","","","","","","","","",""
"39.91311109-79.99413714---2008","https://mapsengine.google.com/06136759344167181854-00219351362547715467-4/wms/?version=1.3.0","39.9131110869","-79.9941371438","2008","Greene","sweeper_internal","","1","","1","other","100","","4","4","2","10","fracking|other","","40|40","2","1","","3","fracking","66","","","","","","","","","","1","","1","other","100","","","","","","","",""
"41.70953248-75.58586551---2008","https://mapsengine.google.com/06136759344167181854-00219351362547715467-4/wms/?version=1.3.0","41.7095324838","-75.5858655067","2008","Susquehanna","final_internal","","3","","3","other","100","","","1","","1","other","100","","","3","","3","other","100","","","3","","3","other","100","","","","","","","","","","","","","","",""
"41.93166033-76.98764787---2010","https://mapsengine.google.com/06136759344167181854-06191489742681286724-4/wms/?version=1.3.0","41.9316603311","-76.987647866","2010","Tioga","public","","13","","13","other","100","","","13","","13","other","100","","","","","","","","","","","","","","","","","","","","","","","","","","","","",""
"41.65616855-77.65695345---2008","https://mapsengine.google.com/06136759344167181854-00219351362547715467-4/wms/?version=1.3.0","41.6561685453","-77.6569534475","2008","Potter","final_internal","","3","","3","other","100","","","1","","1","other","100","","","","","","","","","","3","","3","other","100","","","","","","","","","","","","","","",""
"41.70717579-76.31460629---2010","https://mapsengine.google.com/06136759344167181854-06191489742681286724-4/wms/?version=1.3.0","41.7071757948","-76.3146062859","2010","Bradford","sweeper_internal","1","","","1","fracking","100","","6","2","2","10","fracking","60","","1","2","","3","other","66","","","","","","","","","1","","","1","fracking","100","","","","","","","",""
"41.28500493-76.33412309---2008","https://mapsengine.google.com/06136759344167181854-00219351362547715467-4/wms/?version=1.3.0","41.2850049282","-76.3341230948","2008","Columbia","final_internal","","3","","3","other","100","","","","1","1","unknown","100","","","3","","3","other","100","","","3","","3","other","100","","","","","","","","","","","","","","",""
"40.22531845-79.75080914---2010","https://mapsengine.google.com/06136759344167181854-06191489742681286724-4/wms/?version=1.3.0","40.2253184461","-79.7508091432","2010","Westmoreland","public","10","","","10","fracking","100","","10","","","10","fracking","100","","","","","","","","","","","","","","","","","","","","","","","","","","","","",""
"40.86039768-79.5800714---2010","https://mapsengine.google.com/06136759344167181854-06191489742681286724-4/wms/?version=1.3.0","40.860397683","-79.5800714022","2010","Armstrong","public","8","2","","10","fracking","80","","8","2","","10","fracking","80","","","","","","","","","","","","","","","","","","","","","","","","","","","","",""
"41.58792044-76.84647357---2010","https://mapsengine.google.com/06136759344167181854-06191489742681286724-4/wms/?version=1.3.0","41.5879204371","-76.8464735736","2010","Lycoming","public","","8","2","10","other","80","","","8","2","10","other","80","","","","","","","","","","","","","","","","","","","","","","","","","","","","",""
"41.66763062-76.09960342---2005","https://mapsengine.google.com/06136759344167181854-15960346301379896183-4/wms/?version=1.3.0","41.6676306193","-76.0996034224","2005","Susquehanna","final_internal","1","3","","4","other","75","","","1","","1","other","100","","","3","","3","other","100","","1","3","","4","other","75","","","","","","","","","","","","","","",""
"40.67478425-79.7558117---2010","https://mapsengine.google.com/06136759344167181854-06191489742681286724-4/wms/?version=1.3.0","40.6747842533","-79.7558116955","2010","Butler","public","","11","","11","other","100","","","11","","11","other","100","","","","","","","","","","","","","","","","","","","","","","","","","","","","",""
"41.89199151-75.41014355---2010","https://mapsengine.google.com/06136759344167181854-06191489742681286724-4/wms/?version=1.3.0","41.89199151","-75.41014355","2010","Wayne","first_internal","","3","","3","other","100","","","8","2","10","other","80","","","3","","3","other","100","","","","","","","","","","","","","","","","","","","","","",""
"39.88945463-80.07412812---2010","https://mapsengine.google.com/06136759344167181854-06191489742681286724-4/wms/?version=1.3.0","39.889454632","-80.0741281164","2010","Greene","public","","9","1","10","other","90","","","9","1","10","other","90","","","","","","","","","","","","","","","","","","","","","","","","","","","","",""
"41.78547715-75.92703747---2008","https://mapsengine.google.com/06136759344167181854-00219351362547715467-4/wms/?version=1.3.0","41.7854771534","-75.9270374685","2008","Susquehanna","final_internal","","3","","3","other","100","","","1","","1","other","100","","","3","","3","other","100","","","3","","3","other","100","","","","","","","","","","","","","","",""
"39.92265491-79.99832101---2008","https://mapsengine.google.com/06136759344167181854-00219351362547715467-4/wms/?version=1.3.0","39.9226549061","-79.9983210116","2008","Greene","first_internal","","3","","3","other","100","","","9","1","10","other","90","","","3","","3","other","100","","","","","","","","","","","","","","","","","","","","","",""
"41.68968979-76.99507182---2008","https://mapsengine.google.com/06136759344167181854-00219351362547715467-4/wms/?version=1.3.0","41.6896897878","-76.9950718166","2008","Tioga","final_internal","","4","","4","other","100","","","1","","1","other","100","","","","","","","","","","4","","4","other","100","","","","","","","","","","","","","","",""
"41.56939641-76.99690549---2008","https://mapsengine.google.com/06136759344167181854-00219351362547715467-4/wms/?version=1.3.0","41.5693964078","-76.9969054871","2008","Tioga","final_internal","","3","","3","other","100","","","1","","1","other","100","","","","","","","","","","3","","3","other","100","","","","","","","","","","","","","","",""
"41.68072113-76.34871808---2010","https://mapsengine.google.com/06136759344167181854-06191489742681286724-4/wms/?version=1.3.0","41.68072113","-76.34871808","2010","Bradford","first_internal","","3","","3","other","100","","","12","","12","other","100","","","3","","3","other","100","","","","","","","","","","","","","","","","","","","","","",""
"41.71681103-75.86730859---2010","https://mapsengine.google.com/06136759344167181854-06191489742681286724-4/wms/?version=1.3.0","41.71681103","-75.86730859","2010","Susquehanna","first_internal","","3","","3","other","100","","","11","","11","other","100","","","3","","3","other","100","","","","","","","","","","","","","","","","","","","","","",""
"39.96212762-79.69392931---2010","https://mapsengine.google.com/06136759344167181854-06191489742681286724-4/wms/?version=1.3.0","39.9621276233","-79.6939293083","2010","Fayette","sweeper_internal","","1","","1","other","100","","1","5","4","10","other","50","","","","","","","","","","","","","","","","","1","","1","other","100","","","","","","","",""
"41.8983332-75.4247679---2005","https://mapsengine.google.com/06136759344167181854-15960346301379896183-4/wms/?version=1.3.0","41.8983331974","-75.4247678993","2005","Wayne","final_internal","","3","","3","other","100","","","1","","1","other","100","","","3","","3","other","100","","","3","","3","other","100","","","","","","","","","","","","","","",""
"41.80626524-76.52574903---2010","https://mapsengine.google.com/06136759344167181854-06191489742681286724-4/wms/?version=1.3.0","41.80626524","-76.52574903","2010","Bradford","first_internal","","3","","3","other","100","","","10","","10","other","100","","","3","","3","other","100","","","","","","","","","","","","","","","","","","","","","",""
"40.5671919-79.22436066---2010","https://mapsengine.google.com/06136759344167181854-06191489742681286724-4/wms/?version=1.3.0","40.5671918972","-79.2243606581","2010","Indiana","public","","12","","12","other","100","","","12","","12","other","100","","","","","","","","","","","","","","","","","","","","","","","","","","","","",""
"40.75832617-80.02821139---2010","https://mapsengine.google.com/06136759344167181854-06191489742681286724-4/wms/?version=1.3.0","40.7583261741","-80.0282113853","2010","Butler","public","","21","","21","other","100","","","21","","21","other","100","","","","","","","","","","","","","","","","","","","","","","","","","","","","",""
"41.09179457-77.96880945---2008","https://mapsengine.google.com/06136759344167181854-00219351362547715467-4/wms/?version=1.3.0","41.0917945711","-77.968809449","2008","Centre","final_internal","3","","","3","fracking","100","","1","","","1","fracking","100","","","","","","","","","3","","","3","fracking","100","","","","","","","","","","","","","","",""
"41.80849318-76.36600918---2010","https://mapsengine.google.com/06136759344167181854-06191489742681286724-4/wms/?version=1.3.0","41.8084931847","-76.3660091836","2010","Bradford","sweeper_internal","1","","","1","fracking","100","","5","1","4","10","fracking","50","","2","","1","3","fracking","66","","","","","","","","","1","","","1","fracking","100","","","","","","","",""
"41.94069822-77.36616662---2010","https://mapsengine.google.com/06136759344167181854-06191489742681286724-4/wms/?version=1.3.0","41.9406982205","-77.3661666173","2010","Tioga","public","","10","1","11","other","90","","","10","1","11","other","90","","","","","","","","","","","","","","","","","","","","","","","","","","","","",""
"41.79526023-77.01991882---2005","https://mapsengine.google.com/06136759344167181854-15960346301379896183-4/wms/?version=1.3.0","41.7952602276","-77.0199188217","2005","Tioga","missing_internal","","1","","1","other","100","","","","","","fracking|unknown|other","","","","","","","","","","","","","","","","","","","","","","","","","1","","1","other","100",""
"41.34853637-77.2805744---2010","https://mapsengine.google.com/06136759344167181854-06191489742681286724-4/wms/?version=1.3.0","41.3485363695","-77.2805744018","2010","Lycoming","public","","10","","10","other","100","","","10","","10","other","100","","","","","","","","","","","","","","","","","","","","","","","","","","","","",""
"41.00017026-79.43996299---2010","https://mapsengine.google.com/06136759344167181854-06191489742681286724-4/wms/?version=1.3.0","41.0001702634","-79.4399629935","2010","Clarion","sweeper_internal","1","","","1","fracking","100","","3","2","6","11","unknown","54","","","","","","","","","","","","","","","","1","","","1","fracking","100","","","","","","","",""
"41.70898001-76.0861135---2005","https://mapsengine.google.com/06136759344167181854-15960346301379896183-4/wms/?version=1.3.0","41.708980014","-76.0861135046","2005","Susquehanna","final_internal","","3","","3","other","100","","","1","","1","other","100","","","3","","3","other","100","","","3","","3","other","100","","","","","","","","","","","","","","",""
"41.73298239-76.83629504---2008","https://mapsengine.google.com/06136759344167181854-00219351362547715467-4/wms/?version=1.3.0","41.7329823918","-76.8362950417","2008","Bradford","final_internal","","3","","3","other","100","","","1","","1","other","100","","","3","","3","other","100","","","3","","3","other","100","","","","","","","","","","","","","","",""
"41.70994762-75.8660985---2005","https://mapsengine.google.com/06136759344167181854-15960346301379896183-4/wms/?version=1.3.0","41.7099476228","-75.8660985004","2005","Susquehanna","final_internal","","3","","3","other","100","","","1","","1","other","100","","","3","","3","other","100","","","3","","3","other","100","","","","","","","","","","","","","","",""
"40.87823981-79.72709398---2005","https://mapsengine.google.com/06136759344167181854-15960346301379896183-4/wms/?version=1.3.0","40.8782398083","-79.7270939847","2005","Butler","final_internal","","3","","3","other","100","","","1","","1","other","100","","","","","","","","","","3","","3","other","100","","","","","","","","","","","","","","",""
"41.88628205-75.6620535---2010","https://mapsengine.google.com/06136759344167181854-06191489742681286724-4/wms/?version=1.3.0","41.88628205","-75.6620535","2010","Susquehanna","first_internal","","3","","3","other","100","","","11","","11","other","100","","","3","","3","other","100","","","","","","","","","","","","","","","","","","","","","",""
"41.71921572-75.86903344---2008","https://mapsengine.google.com/06136759344167181854-00219351362547715467-4/wms/?version=1.3.0","41.7192157204","-75.8690334442","2008","Susquehanna","final_internal","","3","","3","other","100","","","1","","1","other","100","","","3","","3","other","100","","","3","","3","other","100","","","","","","","","","","","","","","",""
"41.6777945-76.07358297---2010","https://mapsengine.google.com/06136759344167181854-06191489742681286724-4/wms/?version=1.3.0","41.6777945021","-76.073582975","2010","Susquehanna","public","","10","1","11","other","90","","","10","1","11","other","90","","","","","","","","","","","","","","","","","","","","","","","","","","","","",""
"40.10788295-80.05893346---2005","https://mapsengine.google.com/06136759344167181854-15960346301379896183-4/wms/?version=1.3.0","40.107882945","-80.0589334562","2005","Washington","final_internal","","3","","3","other","100","","","1","","1","other","100","","","","","","","","","","3","","3","other","100","","","","","","","","","","","","","","",""
"41.58100629-76.02559184---2010","https://mapsengine.google.com/06136759344167181854-06191489742681286724-4/wms/?version=1.3.0","41.58100629","-76.02559184","2010","Wyoming","sweeper_internal","","1","","1","other","100","","1","9","","10","other","90","","1","1","1","3","fracking|unknown|other","","33|33|33","","","","","","","","","1","","1","other","100","","","","","","","",""
"41.71215122-75.89927426---2010","https://mapsengine.google.com/06136759344167181854-06191489742681286724-4/wms/?version=1.3.0","41.7121512228","-75.89927426","2010","Susquehanna","sweeper_internal","","1","","1","other","100","","2","9","1","12","other","75","","","3","","3","other","100","","","","","","","","","","1","","1","other","100","","","","","","","",""
"40.22571405-80.28379066---2008","https://mapsengine.google.com/06136759344167181854-00219351362547715467-4/wms/?version=1.3.0","40.2257140467","-80.2837906609","2008","Washington","first_internal","","3","","3","other","100","","","8","","8","other","100","","","3","","3","other","100","","","","","","","","","","","","","","","","","","","","","",""
"41.85198934-76.58024849---2010","https://mapsengine.google.com/06136759344167181854-06191489742681286724-4/wms/?version=1.3.0","41.85198934","-76.58024849","2010","Bradford","first_internal","","3","","3","other","100","","","10","","10","other","100","","","3","","3","other","100","","","","","","","","","","","","","","","","","","","","","",""
"41.71819454-75.87036913---2010","https://mapsengine.google.com/06136759344167181854-06191489742681286724-4/wms/?version=1.3.0","41.71819454","-75.87036913","2010","Susquehanna","first_internal","","3","","3","other","100","","","11","","11","other","100","","","3","","3","other","100","","","","","","","","","","","","","","","","","","","","","",""
"40.64795835-79.38342529---2005","https://mapsengine.google.com/06136759344167181854-15960346301379896183-4/wms/?version=1.3.0","40.6479583539","-79.3834252853","2005","Armstrong","final_internal","","3","","3","other","100","","","1","","1","other","100","","","","","","","","","","3","","3","other","100","","","","","","","","","","","","","","",""
"40.75444548-80.03454378---2005","https://mapsengine.google.com/06136759344167181854-15960346301379896183-4/wms/?version=1.3.0","40.7544454827","-80.0345437822","2005","Butler","final_internal","","3","","3","other","100","","","1","","1","other","100","","","","","","","","","","3","","3","other","100","","","","","","","","","","","","","","",""
"41.87768858-76.30429696---2008","https://mapsengine.google.com/06136759344167181854-00219351362547715467-4/wms/?version=1.3.0","41.8776885751","-76.3042969567","2008","Bradford","final_internal","","3","","3","other","100","","","1","","1","other","100","","","3","","3","other","100","","","3","","3","other","100","","","","","","","","","","","","","","",""
"41.86187432-76.84280292---2008","https://mapsengine.google.com/06136759344167181854-00219351362547715467-4/wms/?version=1.3.0","41.8618743249","-76.842802917","2008","Bradford","final_internal","","3","","3","other","100","","","1","","1","other","100","","","3","","3","other","100","","","3","","3","other","100","","","","","","","","","","","","","","",""
"41.59248662-77.0228914---2008","https://mapsengine.google.com/06136759344167181854-00219351362547715467-4/wms/?version=1.3.0","41.5924866204","-77.0228914003","2008","Tioga","final_internal","","3","","3","other","100","","","1","","1","other","100","","","","","","","","","","3","","3","other","100","","","","","","","","","","","","","","",""
"40.29427529-80.38521388---2010","https://mapsengine.google.com/06136759344167181854-06191489742681286724-4/wms/?version=1.3.0","40.2942752933","-80.3852138831","2010","Washington","public","","10","","10","other","100","","","10","","10","other","100","","","","","","","","","","","","","","","","","","","","","","","","","","","","",""
"41.75249956-76.62877618---2010","https://mapsengine.google.com/06136759344167181854-06191489742681286724-4/wms/?version=1.3.0","41.75249956","-76.62877618","2010","Bradford","first_internal","","3","","3","other","100","","","12","","12","other","100","","","3","","3","other","100","","","","","","","","","","","","","","","","","","","","","",""
"40.52384327-79.19955852---2010","https://mapsengine.google.com/06136759344167181854-06191489742681286724-4/wms/?version=1.3.0","40.5238432684","-79.199558522","2010","Indiana","sweeper_internal","","1","","1","other","100","","1","8","2","11","other","72","","","","","","","","","","","","","","","","","1","","1","other","100","","","","","","","",""
"41.68422471-78.49372274---2010","https://mapsengine.google.com/06136759344167181854-06191489742681286724-4/wms/?version=1.3.0","41.6842247092","-78.4937227421","2010","McKean","public","","10","","10","other","100","","","10","","10","other","100","","","","","","","","","","","","","","","","","","","","","","","","","","","","",""
"39.96918732-79.83859001---2008","https://mapsengine.google.com/06136759344167181854-00219351362547715467-4/wms/?version=1.3.0","39.9691873157","-79.8385900063","2008","Fayette","first_internal","2","1","","3","fracking","66","","9","1","","10","fracking","90","","2","1","","3","fracking","66","","","","","","","","","","","","","","","","","","","","","",""
"41.74086633-75.94871819---2005","https://mapsengine.google.com/06136759344167181854-15960346301379896183-4/wms/?version=1.3.0","41.7408663342","-75.9487181905","2005","Susquehanna","final_internal","","3","","3","other","100","","","1","","1","other","100","","","3","","3","other","100","","","3","","3","other","100","","","","","","","","","","","","","","",""
"40.81748517-80.21203064---2010","https://mapsengine.google.com/06136759344167181854-06191489742681286724-4/wms/?version=1.3.0","40.81748517","-80.21203064","2010","Beaver","first_internal","","3","","3","other","100","","","12","","12","other","100","","","3","","3","other","100","","","","","","","","","","","","","","","","","","","","","",""
"41.89399098-75.94406502---2005","https://mapsengine.google.com/06136759344167181854-15960346301379896183-4/wms/?version=1.3.0","41.8939909831","-75.9440650222","2005","Susquehanna","final_internal","","3","","3","other","100","","","1","","1","other","100","","","3","","3","other","100","","","3","","3","other","100","","","","","","","","","","","","","","",""
"41.78823687-76.23441548---2008","https://mapsengine.google.com/06136759344167181854-00219351362547715467-4/wms/?version=1.3.0","41.7882368654","-76.234415481","2008","Bradford","final_internal","","3","","3","other","100","","","1","","1","other","100","","","3","","3","other","100","","","3","","3","other","100","","","","","","","","","","","","","","",""
"40.94805699-78.46451616---2010","https://mapsengine.google.com/06136759344167181854-06191489742681286724-4/wms/?version=1.3.0","40.9480569898","-78.4645161602","2010","Clearfield","public","20","","","20","fracking","100","","20","","","20","fracking","100","","","","","","","","","","","","","","","","","","","","","","","","","","","","",""
"41.84718942-77.08249033---2010","https://mapsengine.google.com/06136759344167181854-06191489742681286724-4/wms/?version=1.3.0","41.8471894224","-77.0824903345","2010","Tioga","sweeper_internal","","1","","1","other","100","","4","3","3","10","fracking","40","","","","","","","","","","","","","","","","","1","","1","other","100","","","","","","","",""
"41.94064208-77.36611379---2005","https://mapsengine.google.com/06136759344167181854-15960346301379896183-4/wms/?version=1.3.0","41.9406420821","-77.3661137915","2005","Tioga","missing_internal","","1","","1","other","100","","","","","","fracking|unknown|other","","","","","","","","","","","","","","","","","","","","","","","","","1","","1","other","100",""
"41.7186569-76.0562963---2005","https://mapsengine.google.com/06136759344167181854-15960346301379896183-4/wms/?version=1.3.0","41.718656901","-76.0562962984","2005","Susquehanna","final_internal","","3","","3","other","100","","","1","","1","other","100","","","3","","3","other","100","","","3","","3","other","100","","","","","","","","","","","","","","",""
"41.20156208-79.21072014---2008","https://mapsengine.google.com/06136759344167181854-00219351362547715467-4/wms/?version=1.3.0","41.2015620849","-79.2107201363","2008","Clarion","first_internal","","3","","3","other","100","","1","4","1","6","other","66","","","3","","3","other","100","","","","","","","","","","","","","","","","","","","","","",""
"41.48886985-78.58802695---2005","https://mapsengine.google.com/06136759344167181854-15960346301379896183-4/wms/?version=1.3.0","41.4888698506","-78.588026951","2005","Elk","final_internal","","3","","3","other","100","","","1","","1","other","100","","","","","","","","","","3","","3","other","100","","","","","","","","","","","","","","",""
"41.93796888-77.36088124---2010","https://mapsengine.google.com/06136759344167181854-06191489742681286724-4/wms/?version=1.3.0","41.9379688801","-77.3608812401","2010","Tioga","public","","12","","12","other","100","","","12","","12","other","100","","","","","","","","","","","","","","","","","","","","","","","","","","","","",""
"41.72173491-76.06952027---2005","https://mapsengine.google.com/06136759344167181854-15960346301379896183-4/wms/?version=1.3.0","41.7217349059","-76.0695202651","2005","Susquehanna","final_internal","","3","","3","other","100","","","1","","1","other","100","","","3","","3","other","100","","","3","","3","other","100","","","","","","","","","","","","","","",""
"39.87355786-79.96522561---2005","https://mapsengine.google.com/06136759344167181854-15960346301379896183-4/wms/?version=1.3.0","39.8735578588","-79.9652256129","2005","Greene","final_internal","","3","","3","other","100","","","1","","1","other","100","","","","","","","","","","3","","3","other","100","","","","","","","","","","","","","","",""
"39.97145047-79.98694041---2010","https://mapsengine.google.com/06136759344167181854-06191489742681286724-4/wms/?version=1.3.0","39.9714504689","-79.9869404093","2010","Fayette","public","","11","","11","other","100","","","11","","11","other","100","","","","","","","","","","","","","","","","","","","","","","","","","","","","",""
"41.72644016-75.89253745---2008","https://mapsengine.google.com/06136759344167181854-00219351362547715467-4/wms/?version=1.3.0","41.7264401574","-75.8925374469","2008","Susquehanna","final_internal","4","","","4","fracking","100","","1","","","1","fracking","100","","","1","2","3","unknown","66","","4","","","4","fracking","100","","","","","","","","","","","","","","",""
"41.70987133-75.8730974---2010","https://mapsengine.google.com/06136759344167181854-06191489742681286724-4/wms/?version=1.3.0","41.70987133","-75.8730974","2010","Susquehanna","first_internal","","3","","3","other","100","","","11","","11","other","100","","","3","","3","other","100","","","","","","","","","","","","","","","","","","","","","",""
"40.80718634-79.55350529---2010","https://mapsengine.google.com/06136759344167181854-06191489742681286724-4/wms/?version=1.3.0","40.8071863371","-79.5535052903","2010","Armstrong","public","","10","","10","other","100","","","10","","10","other","100","","","","","","","","","","","","","","","","","","","","","","","","","","","","",""
"41.8574324-76.83755155---2005","https://mapsengine.google.com/06136759344167181854-15960346301379896183-4/wms/?version=1.3.0","41.8574323964","-76.8375515454","2005","Bradford","final_internal","","3","","3","other","100","","","1","","1","other","100","","","3","","3","other","100","","","3","","3","other","100","","","","","","","","","","","","","","",""
"41.709555-75.58589204---2010","https://mapsengine.google.com/06136759344167181854-06191489742681286724-4/wms/?version=1.3.0","41.709555","-75.58589204","2010","Susquehanna","first_internal","","3","","3","other","100","","","10","","10","other","100","","","3","","3","other","100","","","","","","","","","","","","","","","","","","","","","",""
"39.87157686-80.05922698---2008","https://mapsengine.google.com/06136759344167181854-00219351362547715467-4/wms/?version=1.3.0","39.8715768575","-80.0592269822","2008","Greene","first_internal","3","","","3","fracking","100","","10","","","10","fracking","100","","3","","","3","fracking","100","","","","","","","","","","","","","","","","","","","","","",""
"40.57646381-79.82077217---2005","https://mapsengine.google.com/06136759344167181854-15960346301379896183-4/wms/?version=1.3.0","40.5764638104","-79.8207721721","2005","Allegheny","final_internal","","3","","3","other","100","","","1","","1","other","100","","","3","","3","other","100","","","3","","3","other","100","","","","","","","","","","","","","","",""
"41.76593489-75.97265062---2010","https://mapsengine.google.com/06136759344167181854-06191489742681286724-4/wms/?version=1.3.0","41.7659348912","-75.9726506196","2010","Susquehanna","sweeper_internal","","1","","1","other","100","","2","6","4","12","other","50","","","2","1","3","other","66","","","","","","","","","","1","","1","other","100","","","","","","","",""
"40.75113282-80.0316533---2010","https://mapsengine.google.com/06136759344167181854-06191489742681286724-4/wms/?version=1.3.0","40.7511328189","-80.0316533045","2010","Butler","sweeper_internal","","1","","1","other","100","","2","6","2","10","other","60","","","","","","","","","","","","","","","","","1","","1","other","100","","","","","","","",""
"40.26120591-80.34517684---2010","https://mapsengine.google.com/06136759344167181854-06191489742681286724-4/wms/?version=1.3.0","40.2612059105","-80.3451768384","2010","Washington","sweeper_internal","","1","","1","other","100","","2","7","1","10","other","70","","","","","","","","","","","","","","","","","1","","1","other","100","","","","","","","",""
"41.56816313-76.03639218---2010","https://mapsengine.google.com/06136759344167181854-06191489742681286724-4/wms/?version=1.3.0","41.56816313","-76.03639218","2010","Wyoming","first_internal","","3","","3","other","100","","","10","","10","other","100","","","3","","3","other","100","","","","","","","","","","","","","","","","","","","","","",""
"40.60373141-78.96094391---2010","https://mapsengine.google.com/06136759344167181854-06191489742681286724-4/wms/?version=1.3.0","40.6037314067","-78.9609439097","2010","Indiana","public","30","","","30","fracking","100","","30","","","30","fracking","100","","","","","","","","","","","","","","","","","","","","","","","","","","","","",""
"40.88383058-79.97911515---2005","https://mapsengine.google.com/06136759344167181854-15960346301379896183-4/wms/?version=1.3.0","40.8838305782","-79.979115147","2005","Butler","final_internal","","3","","3","other","100","","","1","","1","other","100","","","","","","","","","","3","","3","other","100","","","","","","","","","","","","","","",""
"41.52901752-76.35163879---2010","https://mapsengine.google.com/06136759344167181854-06191489742681286724-4/wms/?version=1.3.0","41.52901752","-76.35163879","2010","Sullivan","first_internal","","3","","3","other","100","","","9","1","10","other","90","","","3","","3","other","100","","","","","","","","","","","","","","","","","","","","","",""
"41.98810462-76.94955022---2010","https://mapsengine.google.com/06136759344167181854-06191489742681286724-4/wms/?version=1.3.0","41.9881046168","-76.9495502159","2010","Tioga","public","","12","","12","other","100","","","12","","12","other","100","","","","","","","","","","","","","","","","","","","","","","","","","","","","",""
"41.74096664-76.06019411---2010","https://mapsengine.google.com/06136759344167181854-06191489742681286724-4/wms/?version=1.3.0","41.74096664","-76.06019411","2010","Susquehanna","first_internal","","3","","3","other","100","","","11","","11","other","100","","","3","","3","other","100","","","","","","","","","","","","","","","","","","","","","",""
"41.75263644-75.90334235---2010","https://mapsengine.google.com/06136759344167181854-06191489742681286724-4/wms/?version=1.3.0","41.7526364374","-75.9033423542","2010","Susquehanna","sweeper_internal","","1","","1","other","100","","4","4","3","11","fracking|other","","36|36","","","3","3","unknown","100","","","","","","","","","","1","","1","other","100","","","","","","","",""
"41.70622418-77.52906128---2010","https://mapsengine.google.com/06136759344167181854-06191489742681286724-4/wms/?version=1.3.0","41.7062241849","-77.5290612845","2010","Tioga","public","","10","","10","other","100","","","10","","10","other","100","","","","","","","","","","","","","","","","","","","","","","","","","","","","",""
"39.80391828-79.96887486---2010","https://mapsengine.google.com/06136759344167181854-06191489742681286724-4/wms/?version=1.3.0","39.8039182818","-79.9688748591","2010","Greene","sweeper_internal","","1","","1","other","100","","3","4","3","10","other","40","","","","","","","","","","","","","","","","","1","","1","other","100","","","","","","","",""
"39.90864224-80.30645733---2008","https://mapsengine.google.com/06136759344167181854-00219351362547715467-4/wms/?version=1.3.0","39.9086422431","-80.3064573269","2008","Greene","first_internal","","3","","3","other","100","","1","9","","10","other","90","","","3","","3","other","100","","","","","","","","","","","","","","","","","","","","","",""
"40.17717027-80.40761503---2010","https://mapsengine.google.com/06136759344167181854-06191489742681286724-4/wms/?version=1.3.0","40.1771702702","-80.4076150257","2010","Washington","public","1","9","","10","other","90","","1","9","","10","other","90","","","","","","","","","","","","","","","","","","","","","","","","","","","","",""
"41.68763228-76.2485227---2010","https://mapsengine.google.com/06136759344167181854-06191489742681286724-4/wms/?version=1.3.0","41.6876322822","-76.2485226951","2010","Bradford","sweeper_internal","","1","","1","other","100","","3","5","2","10","other","50","","","2","1","3","other","66","","","","","","","","","","1","","1","other","100","","","","","","","",""
"41.87285258-76.05419064---2005","https://mapsengine.google.com/06136759344167181854-15960346301379896183-4/wms/?version=1.3.0","41.8728525786","-76.0541906447","2005","Susquehanna","final_internal","","4","","4","other","100","","","","1","1","unknown","100","","","3","","3","other","100","","","4","","4","other","100","","","","","","","","","","","","","","",""
"41.72925728-75.87189478---2008","https://mapsengine.google.com/06136759344167181854-00219351362547715467-4/wms/?version=1.3.0","41.7292572841","-75.8718947757","2008","Susquehanna","final_internal","3","","","3","fracking","100","","1","","","1","fracking","100","","3","","","3","fracking","100","","3","","","3","fracking","100","","","","","","","","","","","","","","",""
"41.56859629-76.10195038---2008","https://mapsengine.google.com/06136759344167181854-00219351362547715467-4/wms/?version=1.3.0","41.5685962935","-76.1019503783","2008","Wyoming","final_internal","","3","","3","other","100","","","1","","1","other","100","","","3","","3","other","100","","","3","","3","other","100","","","","","","","","","","","","","","",""
"41.64621257-76.34420938---2008","https://mapsengine.google.com/06136759344167181854-00219351362547715467-4/wms/?version=1.3.0","41.646212568","-76.3442093756","2008","Bradford","final_internal","","3","","3","other","100","","","1","","1","other","100","","","3","","3","other","100","","","3","","3","other","100","","","","","","","","","","","","","","",""
"41.7431678-76.09756657---2008","https://mapsengine.google.com/06136759344167181854-00219351362547715467-4/wms/?version=1.3.0","41.7431678039","-76.0975665706","2008","Susquehanna","final_internal","","3","","3","other","100","","","1","","1","other","100","","","2","1","3","other","66","","","3","","3","other","100","","","","","","","","","","","","","","",""
"41.40389545-77.16486614---2010","https://mapsengine.google.com/06136759344167181854-06191489742681286724-4/wms/?version=1.3.0","41.4038954474","-77.1648661442","2010","Lycoming","public","","10","","10","other","100","","","10","","10","other","100","","","","","","","","","","","","","","","","","","","","","","","","","","","","",""
"41.90747607-76.85432084---2008","https://mapsengine.google.com/06136759344167181854-00219351362547715467-4/wms/?version=1.3.0","41.9074760678","-76.8543208414","2008","Bradford","final_internal","","3","","3","other","100","","","1","","1","other","100","","","2","1","3","other","66","","","3","","3","other","100","","","","","","","","","","","","","","",""
"41.64999144-76.049095---2008","https://mapsengine.google.com/06136759344167181854-00219351362547715467-4/wms/?version=1.3.0","41.6499914435","-76.0490950017","2008","Susquehanna","final_internal","","3","","3","other","100","","","1","","1","other","100","","","3","","3","other","100","","","3","","3","other","100","","","","","","","","","","","","","","",""
"41.71494658-76.36594793---2008","https://mapsengine.google.com/06136759344167181854-00219351362547715467-4/wms/?version=1.3.0","41.7149465756","-76.3659479254","2008","Bradford","final_internal","3","","","3","fracking","100","","1","","","1","fracking","100","","3","","","3","fracking","100","","3","","","3","fracking","100","","","","","","","","","","","","","","",""
"41.04537853-79.34439124---2008","https://mapsengine.google.com/06136759344167181854-00219351362547715467-4/wms/?version=1.3.0","41.0453785258","-79.3443912423","2008","Clarion","first_internal","","3","","3","other","100","","","9","1","10","other","90","","","3","","3","other","100","","","","","","","","","","","","","","","","","","","","","",""
"41.4273379-76.87494861---2010","https://mapsengine.google.com/06136759344167181854-06191489742681286724-4/wms/?version=1.3.0","41.4273379032","-76.8749486103","2010","Lycoming","public","","10","","10","other","100","","","10","","10","other","100","","","","","","","","","","","","","","","","","","","","","","","","","","","","",""
"40.23355973-80.31780618---2010","https://mapsengine.google.com/06136759344167181854-06191489742681286724-4/wms/?version=1.3.0","40.2335597251","-80.3178061844","2010","Washington","public","","10","","10","other","100","","","10","","10","other","100","","","","","","","","","","","","","","","","","","","","","","","","","","","","",""
"41.66740927-76.09200405---2005","https://mapsengine.google.com/06136759344167181854-15960346301379896183-4/wms/?version=1.3.0","41.6674092721","-76.0920040507","2005","Susquehanna","final_internal","","3","","3","other","100","","","1","","1","other","100","","","3","","3","other","100","","","3","","3","other","100","","","","","","","","","","","","","","",""
"39.97186245-79.69560207---2008","https://mapsengine.google.com/06136759344167181854-00219351362547715467-4/wms/?version=1.3.0","39.971862446","-79.6956020688","2008","Fayette","sweeper_internal","","1","","1","other","100","","4","3","3","10","fracking","40","","","1","2","3","unknown","66","","","","","","","","","","1","","1","other","100","","","","","","","",""
"39.72417118-79.99308539---2010","https://mapsengine.google.com/06136759344167181854-06191489742681286724-4/wms/?version=1.3.0","39.7241711785","-79.9930853938","2010","Greene","public","2","8","","10","other","80","","2","8","","10","other","80","","","","","","","","","","","","","","","","","","","","","","","","","","","","",""
"39.87219395-80.00377008---2005","https://mapsengine.google.com/06136759344167181854-15960346301379896183-4/wms/?version=1.3.0","39.8721939455","-80.0037700769","2005","Greene","final_internal","1","2","","3","other","66","","","","1","1","unknown","100","","","","","","","","","1","2","","3","other","66","","","","","","","","","","","","","","",""
"40.5636608-79.22184186---2010","https://mapsengine.google.com/06136759344167181854-06191489742681286724-4/wms/?version=1.3.0","40.5636608036","-79.2218418571","2010","Indiana","public","1","10","","11","other","90","","1","10","","11","other","90","","","","","","","","","","","","","","","","","","","","","","","","","","","","",""
"40.29926626-79.6448708---2005","https://mapsengine.google.com/06136759344167181854-15960346301379896183-4/wms/?version=1.3.0","40.2992662554","-79.6448707979","2005","Westmoreland","final_internal","","3","","3","other","100","","","1","","1","other","100","","","","","","","","","","3","","3","other","100","","","","","","","","","","","","","","",""
"41.75676468-76.49523108---2010","https://mapsengine.google.com/06136759344167181854-06191489742681286724-4/wms/?version=1.3.0","41.75676468","-76.49523108","2010","Bradford","first_internal","","3","","3","other","100","","","10","","10","other","100","","","3","","3","other","100","","","","","","","","","","","","","","","","","","","","","",""
"40.294724-80.29980414---2005","https://mapsengine.google.com/06136759344167181854-15960346301379896183-4/wms/?version=1.3.0","40.294724005","-80.2998041449","2005","Washington","final_internal","","3","","3","other","100","","","1","","1","other","100","","","","","","","","","","3","","3","other","100","","","","","","","","","","","","","","",""
"41.76930883-76.10287618---2010","https://mapsengine.google.com/06136759344167181854-06191489742681286724-4/wms/?version=1.3.0","41.76930883","-76.10287618","2010","Susquehanna","first_internal","","2","1","3","other","66","","","11","","11","other","100","","","2","1","3","other","66","","","","","","","","","","","","","","","","","","","","","",""
"41.7182955-77.3291217---2005","https://mapsengine.google.com/06136759344167181854-15960346301379896183-4/wms/?version=1.3.0","41.7182954984","-77.3291216961","2005","Tioga","final_internal","","3","","3","other","100","","","1","","1","other","100","","","","","","","","","","3","","3","other","100","","","","","","","","","","","","","","",""
"40.23668728-80.41188393---2010","https://mapsengine.google.com/06136759344167181854-06191489742681286724-4/wms/?version=1.3.0","40.2366872839","-80.4118839296","2010","Washington","sweeper_internal","","1","","1","other","100","","3","6","1","10","other","60","","","","","","","","","","","","","","","","","1","","1","other","100","","","","","","","",""
"41.60053829-75.5702494---2005","https://mapsengine.google.com/06136759344167181854-15960346301379896183-4/wms/?version=1.3.0","41.6005382944","-75.5702494039","2005","Lackawanna","final_internal","","3","","3","other","100","","","1","","1","other","100","","","3","","3","other","100","","","3","","3","other","100","","","","","","","","","","","","","","",""
"40.27739743-80.33933957---2005","https://mapsengine.google.com/06136759344167181854-15960346301379896183-4/wms/?version=1.3.0","40.2773974309","-80.3393395679","2005","Washington","final_internal","","3","","3","other","100","","","1","","1","other","100","","","","","","","","","","3","","3","other","100","","","","","","","","","","","","","","",""
"41.57263835-78.62843561---2008","https://mapsengine.google.com/06136759344167181854-00219351362547715467-4/wms/?version=1.3.0","41.5726383526","-78.6284356121","2008","Elk","first_internal","3","","","3","fracking","100","","2","","","2","fracking","100","","3","","","3","fracking","100","","","","","","","","","","","","","","","","","","","","","",""
"39.86193536-79.9843082---2010","https://mapsengine.google.com/06136759344167181854-06191489742681286724-4/wms/?version=1.3.0","39.8619353575","-79.9843081998","2010","Greene","public","","10","","10","other","100","","","10","","10","other","100","","","","","","","","","","","","","","","","","","","","","","","","","","","","",""
"41.66128797-75.67549081---2010","https://mapsengine.google.com/06136759344167181854-06191489742681286724-4/wms/?version=1.3.0","41.66128797","-75.67549081","2010","Susquehanna","first_internal","","3","","3","other","100","","","11","","11","other","100","","","3","","3","other","100","","","","","","","","","","","","","","","","","","","","","",""
"41.89153352-75.40829343---2010","https://mapsengine.google.com/06136759344167181854-06191489742681286724-4/wms/?version=1.3.0","41.89153352","-75.40829343","2010","Wayne","first_internal","","3","","3","other","100","","","11","1","12","other","91","","","3","","3","other","100","","","","","","","","","","","","","","","","","","","","","",""
"41.66194119-76.72923152---2010","https://mapsengine.google.com/06136759344167181854-06191489742681286724-4/wms/?version=1.3.0","41.66194119","-76.72923152","2010","Bradford","first_internal","","3","","3","other","100","","","13","","13","other","100","","","3","","3","other","100","","","","","","","","","","","","","","","","","","","","","",""
"41.92056148-75.81276727---2008","https://mapsengine.google.com/06136759344167181854-00219351362547715467-4/wms/?version=1.3.0","41.9205614784","-75.8127672655","2008","Susquehanna","final_internal","","3","","3","other","100","","","1","","1","other","100","","","3","","3","other","100","","","3","","3","other","100","","","","","","","","","","","","","","",""
"41.98939912-77.02674219---2008","https://mapsengine.google.com/06136759344167181854-00219351362547715467-4/wms/?version=1.3.0","41.9893991183","-77.0267421929","2008","Tioga","final_internal","","3","","3","other","100","","","1","","1","other","100","","","","","","","","","","3","","3","other","100","","","","","","","","","","","","","","",""
"41.72986039-76.79292284---2005","https://mapsengine.google.com/06136759344167181854-15960346301379896183-4/wms/?version=1.3.0","41.7298603861","-76.7929228411","2005","Bradford","final_internal","","3","","3","other","100","","","1","","1","other","100","","","3","","3","other","100","","","3","","3","other","100","","","","","","","","","","","","","","",""
"41.73805897-77.16802825---2005","https://mapsengine.google.com/06136759344167181854-15960346301379896183-4/wms/?version=1.3.0","41.738058967","-77.1680282475","2005","Tioga","missing_internal","","1","","1","other","100","","","","","","fracking|unknown|other","","","","","","","","","","","","","","","","","","","","","","","","","1","","1","other","100",""
"39.90957423-79.96196939---2008","https://mapsengine.google.com/06136759344167181854-00219351362547715467-4/wms/?version=1.3.0","39.9095742326","-79.9619693876","2008","Greene","sweeper_internal","","1","","1","other","100","","1","7","2","10","other","70","","","2","1","3","other","66","","","","","","","","","","1","","1","other","100","","","","","","","",""
"41.62007108-76.18867449---2005","https://mapsengine.google.com/06136759344167181854-15960346301379896183-4/wms/?version=1.3.0","41.6200710828","-76.1886744925","2005","Wyoming","final_internal","","3","","3","other","100","","","1","","1","other","100","","","3","","3","other","100","","","3","","3","other","100","","","","","","","","","","","","","","",""
"39.91537957-79.9901167---2008","https://mapsengine.google.com/06136759344167181854-00219351362547715467-4/wms/?version=1.3.0","39.9153795688","-79.9901167044","2008","Greene","first_internal","3","","","3","fracking","100","","9","","1","10","fracking","90","","3","","","3","fracking","100","","","","","","","","","","","","","","","","","","","","","",""
"41.25454678-76.49959377---2010","https://mapsengine.google.com/06136759344167181854-06191489742681286724-4/wms/?version=1.3.0","41.2545467819","-76.499593774","2010","Lycoming","sweeper_internal","","1","","1","other","100","","1","7","3","11","other","63","","","","","","","","","","","","","","","","","1","","1","other","100","","","","","","","",""
"41.7469023-76.84251961---2010","https://mapsengine.google.com/06136759344167181854-06191489742681286724-4/wms/?version=1.3.0","41.7469023","-76.84251961","2010","Bradford","first_internal","","3","","3","other","100","","","13","","13","other","100","","","3","","3","other","100","","","","","","","","","","","","","","","","","","","","","",""
"41.83877792-76.37972255---2010","https://mapsengine.google.com/06136759344167181854-06191489742681286724-4/wms/?version=1.3.0","41.83877792","-76.37972255","2010","Bradford","first_internal","","3","","3","other","100","","","9","1","10","other","90","","","3","","3","other","100","","","","","","","","","","","","","","","","","","","","","",""
"41.70249293-75.84154516---2010","https://mapsengine.google.com/06136759344167181854-06191489742681286724-4/wms/?version=1.3.0","41.70249293","-75.84154516","2010","Susquehanna","first_internal","","3","","3","other","100","","","12","","12","other","100","","","3","","3","other","100","","","","","","","","","","","","","","","","","","","","","",""
"41.68225628-75.87152293---2005","https://mapsengine.google.com/06136759344167181854-15960346301379896183-4/wms/?version=1.3.0","41.6822562827","-75.8715229331","2005","Susquehanna","final_internal","","4","","4","other","100","","","1","","1","other","100","","","3","","3","other","100","","","4","","4","other","100","","","","","","","","","","","","","","",""
"41.69678781-75.90706193---2010","https://mapsengine.google.com/06136759344167181854-06191489742681286724-4/wms/?version=1.3.0","41.6967878106","-75.9070619328","2010","Susquehanna","sweeper_internal","","1","","1","other","100","","1","5","4","10","other","50","","","2","1","3","other","66","","","","","","","","","","1","","1","other","100","","","","","","","",""
"41.77519969-75.92745848---2005","https://mapsengine.google.com/06136759344167181854-15960346301379896183-4/wms/?version=1.3.0","41.775199687","-75.9274584766","2005","Susquehanna","final_internal","","3","","3","other","100","","","","1","1","unknown","100","","","3","","3","other","100","","","3","","3","other","100","","","","","","","","","","","","","","",""
"39.99046862-80.28816488---2008","https://mapsengine.google.com/06136759344167181854-00219351362547715467-4/wms/?version=1.3.0","39.9904686165","-80.288164875","2008","Greene","sweeper_internal","","1","","1","other","100","","4","5","1","10","other","50","","2","1","","3","fracking","66","","","","","","","","","","1","","1","other","100","","","","","","","",""
"41.59708579-75.57175492---2010","https://mapsengine.google.com/06136759344167181854-06191489742681286724-4/wms/?version=1.3.0","41.5970857867","-75.5717549154","2010","Lackawanna","sweeper_internal","1","","","1","fracking","100","","5","1","4","10","fracking","50","","3","","","3","fracking","100","","","","","","","","","1","","","1","fracking","100","","","","","","","",""
"41.69879141-76.44527965---2008","https://mapsengine.google.com/06136759344167181854-00219351362547715467-4/wms/?version=1.3.0","41.6987914148","-76.44527965","2008","Bradford","final_internal","","3","","3","other","100","","","1","","1","other","100","","","3","","3","other","100","","","3","","3","other","100","","","","","","","","","","","","","","",""
"41.70191418-77.31564272---2005","https://mapsengine.google.com/06136759344167181854-15960346301379896183-4/wms/?version=1.3.0","41.7019141808","-77.3156427187","2005","Tioga","final_internal","","3","","3","other","100","","","1","","1","other","100","","","","","","","","","","3","","3","other","100","","","","","","","","","","","","","","",""
"39.88501588-80.0175123---2008","https://mapsengine.google.com/06136759344167181854-00219351362547715467-4/wms/?version=1.3.0","39.8850158783","-80.0175122957","2008","Greene","sweeper_internal","","1","","1","other","100","","","7","3","10","other","70","","","3","","3","other","100","","","","","","","","","","1","","1","other","100","","","","","","","",""
"40.83345417-80.0550899---2008","https://mapsengine.google.com/06136759344167181854-00219351362547715467-4/wms/?version=1.3.0","40.8334541721","-80.0550899017","2008","Butler","first_internal","","3","","3","other","100","","","2","","2","other","100","","","3","","3","other","100","","","","","","","","","","","","","","","","","","","","","",""
"39.82787093-79.54407896---2010","https://mapsengine.google.com/06136759344167181854-06191489742681286724-4/wms/?version=1.3.0","39.827870928","-79.5440789611","2010","Fayette","public","","10","","10","other","100","","","10","","10","other","100","","","","","","","","","","","","","","","","","","","","","","","","","","","","",""
"40.79740135-78.61529225---2008","https://mapsengine.google.com/06136759344167181854-00219351362547715467-4/wms/?version=1.3.0","40.7974013493","-78.6152922537","2008","Clearfield","first_internal","","3","","3","other","100","","","2","","2","other","100","","","3","","3","other","100","","","","","","","","","","","","","","","","","","","","","",""
"41.86521849-76.02072252---2008","https://mapsengine.google.com/06136759344167181854-00219351362547715467-4/wms/?version=1.3.0","41.8652184948","-76.0207225223","2008","Susquehanna","final_internal","","3","","3","other","100","","","1","","1","other","100","","","3","","3","other","100","","","3","","3","other","100","","","","","","","","","","","","","","",""
"41.78817829-78.16985055---2010","https://mapsengine.google.com/06136759344167181854-06191489742681286724-4/wms/?version=1.3.0","41.7881782854","-78.1698505459","2010","Potter","public","","10","","10","other","100","","","10","","10","other","100","","","","","","","","","","","","","","","","","","","","","","","","","","","","",""
"41.81864612-77.04674722---2010","https://mapsengine.google.com/06136759344167181854-06191489742681286724-4/wms/?version=1.3.0","41.8186461162","-77.0467472184","2010","Tioga","sweeper_internal","","1","","1","other","100","","1","4","5","10","unknown","50","","","","","","","","","","","","","","","","","1","","1","other","100","","","","","","","",""
"40.29622975-80.38245893---2010","https://mapsengine.google.com/06136759344167181854-06191489742681286724-4/wms/?version=1.3.0","40.2962297478","-80.3824589256","2010","Washington","public","9","","1","10","fracking","90","","9","","1","10","fracking","90","","","","","","","","","","","","","","","","","","","","","","","","","","","","",""
"41.78267046-76.32098494---2010","https://mapsengine.google.com/06136759344167181854-06191489742681286724-4/wms/?version=1.3.0","41.7826704618","-76.3209849421","2010","Bradford","sweeper_internal","","1","","1","other","100","","3","2","5","10","unknown","50","","","3","","3","other","100","","","","","","","","","","1","","1","other","100","","","","","","","",""
"41.69875015-76.44448357---2010","https://mapsengine.google.com/06136759344167181854-06191489742681286724-4/wms/?version=1.3.0","41.69875015","-76.44448357","2010","Bradford","first_internal","","3","","3","other","100","","","10","","10","other","100","","","3","","3","other","100","","","","","","","","","","","","","","","","","","","","","",""
"41.98724351-77.0502668---2008","https://mapsengine.google.com/06136759344167181854-00219351362547715467-4/wms/?version=1.3.0","41.9872435139","-77.0502668017","2008","Tioga","final_internal","","3","","3","other","100","","","1","","1","other","100","","","","","","","","","","3","","3","other","100","","","","","","","","","","","","","","",""
"40.8300201-79.69045643---2005","https://mapsengine.google.com/06136759344167181854-15960346301379896183-4/wms/?version=1.3.0","40.8300201006","-79.6904564307","2005","Armstrong","final_internal","","3","","3","other","100","","","1","","1","other","100","","","","","","","","","","3","","3","other","100","","","","","","","","","","","","","","",""
"41.69826028-76.77975443---2008","https://mapsengine.google.com/06136759344167181854-00219351362547715467-4/wms/?version=1.3.0","41.6982602823","-76.7797544322","2008","Bradford","final_internal","","3","","3","other","100","","","1","","1","other","100","","","3","","3","other","100","","","3","","3","other","100","","","","","","","","","","","","","","",""
"40.43509287-79.06493783---2008","https://mapsengine.google.com/06136759344167181854-00219351362547715467-4/wms/?version=1.3.0","40.4350928685","-79.064937829","2008","Indiana","first_internal","","3","","3","other","100","","","2","","2","other","100","","","3","","3","other","100","","","","","","","","","","","","","","","","","","","","","",""
"41.74306059-75.8882202---2010","https://mapsengine.google.com/06136759344167181854-06191489742681286724-4/wms/?version=1.3.0","41.74306059","-75.8882202","2010","Susquehanna","first_internal","","3","","3","other","100","","","10","1","11","other","90","","","3","","3","other","100","","","","","","","","","","","","","","","","","","","","","",""
"41.11005402-79.74251592---2005","https://mapsengine.google.com/06136759344167181854-15960346301379896183-4/wms/?version=1.3.0","41.1100540238","-79.742515916","2005","Butler","final_internal","","3","","3","other","100","","","1","","1","other","100","","","","","","","","","","3","","3","other","100","","","","","","","","","","","","","","",""
"41.79079605-76.59042177---2005","https://mapsengine.google.com/06136759344167181854-15960346301379896183-4/wms/?version=1.3.0","41.7907960457","-76.5904217715","2005","Bradford","final_internal","","3","","3","other","100","","","1","","1","other","100","","","3","","3","other","100","","","3","","3","other","100","","","","","","","","","","","","","","",""
"41.69601621-77.31712826---2008","https://mapsengine.google.com/06136759344167181854-00219351362547715467-4/wms/?version=1.3.0","41.6960162087","-77.317128255","2008","Tioga","final_internal","","3","","3","other","100","","","1","","1","other","100","","","","","","","","","","3","","3","other","100","","","","","","","","","","","","","","",""
"39.90265136-79.95550353---2008","https://mapsengine.google.com/06136759344167181854-00219351362547715467-4/wms/?version=1.3.0","39.9026513563","-79.9555035347","2008","Greene","first_internal","3","","","3","fracking","100","","8","","2","10","fracking","80","","3","","","3","fracking","100","","","","","","","","","","","","","","","","","","","","","",""
"41.81782578-76.82707171---2008","https://mapsengine.google.com/06136759344167181854-00219351362547715467-4/wms/?version=1.3.0","41.817825781","-76.8270717128","2008","Bradford","final_internal","","3","","3","other","100","","","1","","1","other","100","","","3","","3","other","100","","","3","","3","other","100","","","","","","","","","","","","","","",""
"41.7839264-76.11072218---2008","https://mapsengine.google.com/06136759344167181854-00219351362547715467-4/wms/?version=1.3.0","41.7839263987","-76.1107221795","2008","Susquehanna","final_internal","","3","","3","other","100","","","1","","1","other","100","","","3","","3","other","100","","","3","","3","other","100","","","","","","","","","","","","","","",""
"40.01783026-80.06739712---2010","https://mapsengine.google.com/06136759344167181854-06191489742681286724-4/wms/?version=1.3.0","40.0178302606","-80.0673971185","2010","Washington","public","","10","","10","other","100","","","10","","10","other","100","","","","","","","","","","","","","","","","","","","","","","","","","","","","",""
"41.7156651-76.10118472---2005","https://mapsengine.google.com/06136759344167181854-15960346301379896183-4/wms/?version=1.3.0","41.7156650977","-76.1011847217","2005","Susquehanna","final_internal","","3","","3","other","100","","","1","","1","other","100","","","3","","3","other","100","","","3","","3","other","100","","","","","","","","","","","","","","",""
"40.86491952-79.49346848---2010","https://mapsengine.google.com/06136759344167181854-06191489742681286724-4/wms/?version=1.3.0","40.8649195201","-79.4934684812","2010","Armstrong","sweeper_internal","","1","","1","other","100","","","7","3","10","other","70","","","","","","","","","","","","","","","","","1","","1","other","100","","","","","","","",""
"41.9359685-77.0256222---2005","https://mapsengine.google.com/06136759344167181854-15960346301379896183-4/wms/?version=1.3.0","41.9359685004","-77.0256221962","2005","Tioga","final_internal","","4","","4","other","100","","","1","","1","other","100","","","","","","","","","","4","","4","other","100","","","","","","","","","","","","","","",""
"39.97275728-79.43744868---2010","https://mapsengine.google.com/06136759344167181854-06191489742681286724-4/wms/?version=1.3.0","39.9727572823","-79.4374486848","2010","Fayette","public","","10","","10","other","100","","","10","","10","other","100","","","","","","","","","","","","","","","","","","","","","","","","","","","","",""
"41.75126185-76.77478284---2008","https://mapsengine.google.com/06136759344167181854-00219351362547715467-4/wms/?version=1.3.0","41.7512618525","-76.7747828364","2008","Bradford","final_internal","","3","","3","other","100","","","1","","1","other","100","","","3","","3","other","100","","","3","","3","other","100","","","","","","","","","","","","","","",""
"41.75019744-76.7748964---2010","https://mapsengine.google.com/06136759344167181854-06191489742681286724-4/wms/?version=1.3.0","41.7501974412","-76.7748963966","2010","Bradford","sweeper_internal","","1","","1","other","100","","1","6","3","10","other","60","","","3","","3","other","100","","","","","","","","","","1","","1","other","100","","","","","","","",""
"39.74263234-79.43640064---2005","https://mapsengine.google.com/06136759344167181854-15960346301379896183-4/wms/?version=1.3.0","39.742632336","-79.4364006446","2005","Fayette","final_internal","","3","","3","other","100","","","1","","1","other","100","","","","","","","","","","3","","3","other","100","","","","","","","","","","","","","","",""
"40.92169266-79.58235818---2008","https://mapsengine.google.com/06136759344167181854-00219351362547715467-4/wms/?version=1.3.0","40.9216926597","-79.5823581808","2008","Armstrong","first_internal","","3","","3","other","100","","","6","","6","other","100","","","3","","3","other","100","","","","","","","","","","","","","","","","","","","","","",""
"40.42926834-79.08110031---2010","https://mapsengine.google.com/06136759344167181854-06191489742681286724-4/wms/?version=1.3.0","40.4292683406","-79.0811003115","2010","Indiana","sweeper_internal","","1","","1","other","100","","4","2","4","10","fracking|unknown","","40|40","","","","","","","","","","","","","","","","1","","1","other","100","","","","","","","",""
"40.38033916-79.49546595---2008","https://mapsengine.google.com/06136759344167181854-00219351362547715467-4/wms/?version=1.3.0","40.3803391572","-79.4954659487","2008","Westmoreland","final_internal","","3","","3","other","100","","","","1","1","unknown","100","","","","","","","","","","3","","3","other","100","","","","","","","","","","","","","","",""
"39.72758779-80.0011585---2008","https://mapsengine.google.com/06136759344167181854-00219351362547715467-4/wms/?version=1.3.0","39.7275877936","-80.0011585048","2008","Greene","sweeper_internal","","1","","1","other","100","","2","6","2","10","other","60","","","3","","3","other","100","","","","","","","","","","1","","1","other","100","","","","","","","",""
"41.6281954-76.43308427---2005","https://mapsengine.google.com/06136759344167181854-15960346301379896183-4/wms/?version=1.3.0","41.6281954021","-76.4330842667","2005","Bradford","final_internal","","3","","3","other","100","","","1","","1","other","100","","","3","","3","other","100","","","3","","3","other","100","","","","","","","","","","","","","","",""
"41.89061783-76.9728525---2008","https://mapsengine.google.com/06136759344167181854-00219351362547715467-4/wms/?version=1.3.0","41.8906178324","-76.9728525003","2008","Tioga","final_internal","","3","","3","other","100","","","1","","1","other","100","","","","","","","","","","3","","3","other","100","","","","","","","","","","","","","","",""
"40.77044208-80.04392176---2005","https://mapsengine.google.com/06136759344167181854-15960346301379896183-4/wms/?version=1.3.0","40.7704420767","-80.0439217556","2005","Butler","final_internal","","3","","3","other","100","","","1","","1","other","100","","","","","","","","","","3","","3","other","100","","","","","","","","","","","","","","",""
"40.249402-79.74736451---2008","https://mapsengine.google.com/06136759344167181854-00219351362547715467-4/wms/?version=1.3.0","40.249401996","-79.7473645092","2008","Westmoreland","first_internal","5","","","5","fracking","100","","1","","","1","fracking","100","","5","","","5","fracking","100","","","","","","","","","","","","","","","","","","","","","",""
"40.27672164-80.35417398---2010","https://mapsengine.google.com/06136759344167181854-06191489742681286724-4/wms/?version=1.3.0","40.2767216443","-80.3541739834","2010","Washington","public","2","8","","10","other","80","","2","8","","10","other","80","","","","","","","","","","","","","","","","","","","","","","","","","","","","",""
"41.73935068-77.21563641---2010","https://mapsengine.google.com/06136759344167181854-06191489742681286724-4/wms/?version=1.3.0","41.7393506828","-77.2156364075","2010","Tioga","sweeper_internal","1","","","1","fracking","100","","9","","3","12","fracking","75","","","","","","","","","","","","","","","","1","","","1","fracking","100","","","","","","","",""
"41.94223488-75.47395583---2008","https://mapsengine.google.com/06136759344167181854-00219351362547715467-4/wms/?version=1.3.0","41.9422348751","-75.4739558343","2008","Wayne","final_internal","","3","","3","other","100","","","1","","1","other","100","","","3","","3","other","100","","","3","","3","other","100","","","","","","","","","","","","","","",""
"41.8468575-76.92333291---2010","https://mapsengine.google.com/06136759344167181854-06191489742681286724-4/wms/?version=1.3.0","41.846857499","-76.9233329133","2010","Tioga","public","11","","","11","fracking","100","","11","","","11","fracking","100","","","","","","","","","","","","","","","","","","","","","","","","","","","","",""
"41.75250776-76.62886019---2008","https://mapsengine.google.com/06136759344167181854-00219351362547715467-4/wms/?version=1.3.0","41.7525077566","-76.6288601919","2008","Bradford","final_internal","","3","","3","other","100","","","1","","1","other","100","","","3","","3","other","100","","","3","","3","other","100","","","","","","","","","","","","","","",""
"41.66653842-75.66938095---2010","https://mapsengine.google.com/06136759344167181854-06191489742681286724-4/wms/?version=1.3.0","41.6665384239","-75.6693809532","2010","Susquehanna","sweeper_internal","","1","","1","other","100","","2","3","5","10","unknown","50","","","3","","3","other","100","","","","","","","","","","1","","1","other","100","","","","","","","",""
"40.49349684-79.57150402---2005","https://mapsengine.google.com/06136759344167181854-15960346301379896183-4/wms/?version=1.3.0","40.4934968415","-79.5715040179","2005","Westmoreland","final_internal","","3","","3","other","100","","","1","","1","other","100","","","","","","","","","","3","","3","other","100","","","","","","","","","","","","","","",""
"41.7283023-77.41237545---2010","https://mapsengine.google.com/06136759344167181854-06191489742681286724-4/wms/?version=1.3.0","41.7283023012","-77.4123754543","2010","Tioga","public","","10","","10","other","100","","","10","","10","other","100","","","","","","","","","","","","","","","","","","","","","","","","","","","","",""
"41.72270862-76.80881303---2010","https://mapsengine.google.com/06136759344167181854-06191489742681286724-4/wms/?version=1.3.0","41.72270862","-76.80881303","2010","Bradford","first_internal","","3","","3","other","100","","","9","1","10","other","90","","","3","","3","other","100","","","","","","","","","","","","","","","","","","","","","",""
"41.1267122-79.75838371---2008","https://mapsengine.google.com/06136759344167181854-00219351362547715467-4/wms/?version=1.3.0","41.126712195","-79.7583837143","2008","Butler","first_internal","1","2","","3","other","66","","","2","","2","other","100","","1","2","","3","other","66","","","","","","","","","","","","","","","","","","","","","",""
"41.00328639-79.79015201---2010","https://mapsengine.google.com/06136759344167181854-06191489742681286724-4/wms/?version=1.3.0","41.0032863931","-79.790152008","2010","Butler","public","","22","1","23","other","95","","","22","1","23","other","95","","","","","","","","","","","","","","","","","","","","","","","","","","","","",""
"40.21280691-80.31816908---2008","https://mapsengine.google.com/06136759344167181854-00219351362547715467-4/wms/?version=1.3.0","40.2128069098","-80.3181690757","2008","Washington","first_internal","","3","","3","other","100","","","8","","8","other","100","","","3","","3","other","100","","","","","","","","","","","","","","","","","","","","","",""
"41.99079724-76.97555841---2010","https://mapsengine.google.com/06136759344167181854-06191489742681286724-4/wms/?version=1.3.0","41.990797238","-76.9755584069","2010","Tioga","sweeper_internal","","1","","1","other","100","","1","6","3","10","other","60","","","","","","","","","","","","","","","","","1","","1","other","100","","","","","","","",""
"40.68106095-79.59518683---2010","https://mapsengine.google.com/06136759344167181854-06191489742681286724-4/wms/?version=1.3.0","40.6810609515","-79.5951868329","2010","Armstrong","sweeper_internal","1","","","1","fracking","100","","2","7","1","10","other","70","","","","","","","","","","","","","","","","1","","","1","fracking","100","","","","","","","",""
"39.93989567-79.98846496---2008","https://mapsengine.google.com/06136759344167181854-00219351362547715467-4/wms/?version=1.3.0","39.9398956686","-79.9884649563","2008","Greene","first_internal","","3","","3","other","100","","1","9","","10","other","90","","","3","","3","other","100","","","","","","","","","","","","","","","","","","","","","",""
"41.7286263-77.21103852---2008","https://mapsengine.google.com/06136759344167181854-00219351362547715467-4/wms/?version=1.3.0","41.7286262986","-77.2110385199","2008","Tioga","final_internal","","3","","3","other","100","","","1","","1","other","100","","","","","","","","","","3","","3","other","100","","","","","","","","","","","","","","",""
"40.17946568-80.40694503---2008","https://mapsengine.google.com/06136759344167181854-00219351362547715467-4/wms/?version=1.3.0","40.1794656803","-80.4069450267","2008","Washington","first_internal","3","","","3","fracking","100","","9","","1","10","fracking","90","","3","","","3","fracking","100","","","","","","","","","","","","","","","","","","","","","",""
"41.1379634-79.75102774---2005","https://mapsengine.google.com/06136759344167181854-15960346301379896183-4/wms/?version=1.3.0","41.1379634036","-79.7510277382","2005","Butler","final_internal","","3","","3","other","100","","","","1","1","unknown","100","","","","","","","","","","3","","3","other","100","","","","","","","","","","","","","","",""
"40.81262255-79.5741673---2010","https://mapsengine.google.com/06136759344167181854-06191489742681286724-4/wms/?version=1.3.0","40.8126225506","-79.5741672967","2010","Armstrong","public","9","","1","10","fracking","90","","9","","1","10","fracking","90","","","","","","","","","","","","","","","","","","","","","","","","","","","","",""
"39.94059607-78.88999519---2008","https://mapsengine.google.com/06136759344167181854-00219351362547715467-4/wms/?version=1.3.0","39.9405960715","-78.8899951911","2008","Somerset","final_internal","","2","1","3","other","66","","3","","","3","fracking","100","","","","","","","","","","2","1","3","other","66","","","","","","","","","","","","","","",""
"41.81778184-76.82708661---2005","https://mapsengine.google.com/06136759344167181854-15960346301379896183-4/wms/?version=1.3.0","41.8177818446","-76.827086606","2005","Bradford","final_internal","","3","","3","other","100","","","1","","1","other","100","","","3","","3","other","100","","","3","","3","other","100","","","","","","","","","","","","","","",""
"41.70802646-75.59521695---2005","https://mapsengine.google.com/06136759344167181854-15960346301379896183-4/wms/?version=1.3.0","41.7080264579","-75.5952169463","2005","Susquehanna","final_internal","","3","","3","other","100","","","1","","1","other","100","","","3","","3","other","100","","","3","","3","other","100","","","","","","","","","","","","","","",""
"40.75446532-79.78089367---2005","https://mapsengine.google.com/06136759344167181854-15960346301379896183-4/wms/?version=1.3.0","40.7544653176","-79.7808936715","2005","Butler","final_internal","","3","","3","other","100","","","1","","1","other","100","","","","","","","","","","3","","3","other","100","","","","","","","","","","","","","","",""
"41.75490189-77.03730931---2010","https://mapsengine.google.com/06136759344167181854-06191489742681286724-4/wms/?version=1.3.0","41.754901893","-77.037309313","2010","Tioga","public","","11","","11","other","100","","","11","","11","other","100","","","","","","","","","","","","","","","","","","","","","","","","","","","","",""
"40.23944285-80.3081682---2008","https://mapsengine.google.com/06136759344167181854-00219351362547715467-4/wms/?version=1.3.0","40.2394428488","-80.3081681984","2008","Washington","first_internal","","3","","3","other","100","","","7","1","8","other","87","","","3","","3","other","100","","","","","","","","","","","","","","","","","","","","","",""
"40.88571604-79.5661302---2005","https://mapsengine.google.com/06136759344167181854-15960346301379896183-4/wms/?version=1.3.0","40.8857160439","-79.5661301996","2005","Armstrong","final_internal","","3","","3","other","100","","","1","","1","other","100","","","","","","","","","","3","","3","other","100","","","","","","","","","","","","","","",""
"41.73288233-77.40209989---2005","https://mapsengine.google.com/06136759344167181854-15960346301379896183-4/wms/?version=1.3.0","41.7328823262","-77.4020998853","2005","Tioga","final_internal","","3","","3","other","100","","","1","","1","other","100","","","","","","","","","","3","","3","other","100","","","","","","","","","","","","","","",""
"41.95850215-76.86101019---2010","https://mapsengine.google.com/06136759344167181854-06191489742681286724-4/wms/?version=1.3.0","41.95850215","-76.86101019","2010","Bradford","first_internal","","3","","3","other","100","","","10","","10","other","100","","","3","","3","other","100","","","","","","","","","","","","","","","","","","","","","",""
"41.68950139-76.09216653---2008","https://mapsengine.google.com/06136759344167181854-00219351362547715467-4/wms/?version=1.3.0","41.6895013867","-76.0921665277","2008","Susquehanna","final_internal","","3","","3","other","100","","","1","","1","other","100","","","3","","3","other","100","","","3","","3","other","100","","","","","","","","","","","","","","",""
"39.84670969-79.87172472---2010","https://mapsengine.google.com/06136759344167181854-06191489742681286724-4/wms/?version=1.3.0","39.8467096872","-79.871724719","2010","Fayette","public","","10","","10","other","100","","","10","","10","other","100","","","","","","","","","","","","","","","","","","","","","","","","","","","","",""
"39.82501262-80.50232212---2010","https://mapsengine.google.com/06136759344167181854-06191489742681286724-4/wms/?version=1.3.0","39.825012618","-80.5023221193","2010","Greene","public","1","9","","10","other","90","","1","9","","10","other","90","","","","","","","","","","","","","","","","","","","","","","","","","","","","",""
"41.29563713-78.9098016---2005","https://mapsengine.google.com/06136759344167181854-15960346301379896183-4/wms/?version=1.3.0","41.2956371324","-78.9098016042","2005","Jefferson","final_internal","","3","","3","other","100","","","1","","1","other","100","","","","","","","","","","3","","3","other","100","","","","","","","","","","","","","","",""
"41.69874654-76.72774389---2008","https://mapsengine.google.com/06136759344167181854-00219351362547715467-4/wms/?version=1.3.0","41.6987465386","-76.7277438884","2008","Bradford","final_internal","","3","","3","other","100","","","1","","1","other","100","","","3","","3","other","100","","","3","","3","other","100","","","","","","","","","","","","","","",""
"40.85456476-79.50472023---2010","https://mapsengine.google.com/06136759344167181854-06191489742681286724-4/wms/?version=1.3.0","40.8545647645","-79.5047202266","2010","Armstrong","public","","11","","11","other","100","","","11","","11","other","100","","","","","","","","","","","","","","","","","","","","","","","","","","","","",""
"41.78898956-77.10413192---2010","https://mapsengine.google.com/06136759344167181854-06191489742681286724-4/wms/?version=1.3.0","41.7889895625","-77.1041319179","2010","Tioga","public","","8","2","10","other","80","","","8","2","10","other","80","","","","","","","","","","","","","","","","","","","","","","","","","","","","",""
"41.03769831-78.06727509---2010","https://mapsengine.google.com/06136759344167181854-06191489742681286724-4/wms/?version=1.3.0","41.0376983116","-78.0672750919","2010","Clearfield","public","29","1","","30","fracking","96","","29","1","","30","fracking","96","","","","","","","","","","","","","","","","","","","","","","","","","","","","",""
"41.71113685-76.83815621---2010","https://mapsengine.google.com/06136759344167181854-06191489742681286724-4/wms/?version=1.3.0","41.71113685","-76.83815621","2010","Bradford","first_internal","1","","2","3","unknown","66","","10","","1","11","fracking","90","","1","","2","3","unknown","66","","","","","","","","","","","","","","","","","","","","","",""
"40.88104754-79.26239304---2010","https://mapsengine.google.com/06136759344167181854-06191489742681286724-4/wms/?version=1.3.0","40.8810475401","-79.2623930354","2010","Armstrong","public","","10","","10","other","100","","","10","","10","other","100","","","","","","","","","","","","","","","","","","","","","","","","","","","","",""
"41.73362395-76.08204841---2010","https://mapsengine.google.com/06136759344167181854-06191489742681286724-4/wms/?version=1.3.0","41.73362395","-76.08204841","2010","Susquehanna","first_internal","","3","","3","other","100","","1","8","1","10","other","80","","","3","","3","other","100","","","","","","","","","","","","","","","","","","","","","",""
"41.71319161-76.15141618---2008","https://mapsengine.google.com/06136759344167181854-00219351362547715467-4/wms/?version=1.3.0","41.713191607","-76.1514161826","2008","Bradford","final_internal","","3","","3","other","100","","","1","","1","other","100","","","3","","3","other","100","","","3","","3","other","100","","","","","","","","","","","","","","",""
"41.88330748-76.36340271---2005","https://mapsengine.google.com/06136759344167181854-15960346301379896183-4/wms/?version=1.3.0","41.8833074777","-76.3634027111","2005","Bradford","final_internal","","3","","3","other","100","","","1","","1","other","100","","","3","","3","other","100","","","3","","3","other","100","","","","","","","","","","","","","","",""
"41.07373757-78.00998374---2008","https://mapsengine.google.com/06136759344167181854-00219351362547715467-4/wms/?version=1.3.0","41.0737375699","-78.0099837402","2008","Centre","final_internal","","3","","3","other","100","","","1","","1","other","100","","","","","","","","","","3","","3","other","100","","","","","","","","","","","","","","",""
"39.86136602-79.54016944---2005","https://mapsengine.google.com/06136759344167181854-15960346301379896183-4/wms/?version=1.3.0","39.8613660208","-79.5401694371","2005","Fayette","final_internal","","3","","3","other","100","","","1","","1","other","100","","","","","","","","","","3","","3","other","100","","","","","","","","","","","","","","",""
"41.69371809-77.35990027---2010","https://mapsengine.google.com/06136759344167181854-06191489742681286724-4/wms/?version=1.3.0","41.6937180888","-77.3599002734","2010","Tioga","sweeper_internal","1","","","1","fracking","100","","10","2","1","13","fracking","76","","","","","","","","","","","","","","","","1","","","1","fracking","100","","","","","","","",""
"41.28981099-78.91045304---2010","https://mapsengine.google.com/06136759344167181854-06191489742681286724-4/wms/?version=1.3.0","41.2898109946","-78.9104530357","2010","Jefferson","public","","8","2","10","other","80","","","8","2","10","other","80","","","","","","","","","","","","","","","","","","","","","","","","","","","","",""
"41.74018333-77.22219642---2005","https://mapsengine.google.com/06136759344167181854-15960346301379896183-4/wms/?version=1.3.0","41.7401833295","-77.222196421","2005","Tioga","final_internal","","3","","3","other","100","","","1","","1","other","100","","","","","","","","","","3","","3","other","100","","","","","","","","","","","","","","",""
"41.76649364-76.81512232---2008","https://mapsengine.google.com/06136759344167181854-00219351362547715467-4/wms/?version=1.3.0","41.7664936413","-76.8151223188","2008","Bradford","final_internal","","3","","3","other","100","","","1","","1","other","100","","","3","","3","other","100","","","3","","3","other","100","","","","","","","","","","","","","","",""
"40.52540982-79.19440545---2008","https://mapsengine.google.com/06136759344167181854-00219351362547715467-4/wms/?version=1.3.0","40.5254098239","-79.1944054517","2008","Indiana","first_internal","","3","","3","other","100","","1","","","1","fracking","100","","","3","","3","other","100","","","","","","","","","","","","","","","","","","","","","",""
"41.7878521-78.17300008---2010","https://mapsengine.google.com/06136759344167181854-06191489742681286724-4/wms/?version=1.3.0","41.7878520966","-78.1730000757","2010","Potter","public","","9","1","10","other","90","","","9","1","10","other","90","","","","","","","","","","","","","","","","","","","","","","","","","","","","",""
"41.58762302-78.48690803---2010","https://mapsengine.google.com/06136759344167181854-06191489742681286724-4/wms/?version=1.3.0","41.5876230188","-78.4869080281","2010","Elk","public","","11","","11","other","100","","","11","","11","other","100","","","","","","","","","","","","","","","","","","","","","","","","","","","","",""
"41.76309081-76.53744318---2010","https://mapsengine.google.com/06136759344167181854-06191489742681286724-4/wms/?version=1.3.0","41.76309081","-76.53744318","2010","Bradford","first_internal","","3","","3","other","100","","","10","1","11","other","90","","","3","","3","other","100","","","","","","","","","","","","","","","","","","","","","",""
"41.27594834-77.29462153---2008","https://mapsengine.google.com/06136759344167181854-00219351362547715467-4/wms/?version=1.3.0","41.2759483366","-77.2946215341","2008","Lycoming","final_internal","","3","","3","other","100","","","1","","1","other","100","","","","","","","","","","3","","3","other","100","","","","","","","","","","","","","","",""
"40.52088545-79.20176296---2010","https://mapsengine.google.com/06136759344167181854-06191489742681286724-4/wms/?version=1.3.0","40.5208854473","-79.2017629636","2010","Indiana","sweeper_internal","","1","","1","other","100","","2","4","5","11","unknown","45","","","","","","","","","","","","","","","","","1","","1","other","100","","","","","","","",""
"41.74197345-77.03197996---2010","https://mapsengine.google.com/06136759344167181854-06191489742681286724-4/wms/?version=1.3.0","41.7419734479","-77.0319799642","2010","Tioga","public","","10","","10","other","100","","","10","","10","other","100","","","","","","","","","","","","","","","","","","","","","","","","","","","","",""
"40.86696454-79.49427093---2010","https://mapsengine.google.com/06136759344167181854-06191489742681286724-4/wms/?version=1.3.0","40.8669645395","-79.4942709294","2010","Armstrong","sweeper_internal","","1","","1","other","100","","1","4","6","11","unknown","54","","","","","","","","","","","","","","","","","1","","1","other","100","","","","","","","",""
"41.89367872-77.38060478---2008","https://mapsengine.google.com/06136759344167181854-00219351362547715467-4/wms/?version=1.3.0","41.8936787204","-77.3806047788","2008","Tioga","final_internal","","4","","4","other","100","","","1","","1","other","100","","","","","","","","","","4","","4","other","100","","","","","","","","","","","","","","",""
"39.7294793-80.03342465---2008","https://mapsengine.google.com/06136759344167181854-00219351362547715467-4/wms/?version=1.3.0","39.7294793037","-80.0334246511","2008","Greene","first_internal","","3","","3","other","100","","1","9","","10","other","90","","","3","","3","other","100","","","","","","","","","","","","","","","","","","","","","",""
"40.67633094-79.75207033---2008","https://mapsengine.google.com/06136759344167181854-00219351362547715467-4/wms/?version=1.3.0","40.6763309374","-79.7520703317","2008","Butler","first_internal","1","2","","3","other","66","","1","1","","2","fracking|other","","50|50","1","2","","3","other","66","","","","","","","","","","","","","","","","","","","","","",""
"41.60189998-76.08338275---2008","https://mapsengine.google.com/06136759344167181854-00219351362547715467-4/wms/?version=1.3.0","41.6018999784","-76.083382751","2008","Wyoming","final_internal","","3","","3","other","100","","","1","","1","other","100","","","3","","3","other","100","","","3","","3","other","100","","","","","","","","","","","","","","",""
"41.70888189-76.83279685---2005","https://mapsengine.google.com/06136759344167181854-15960346301379896183-4/wms/?version=1.3.0","41.7088818934","-76.8327968483","2005","Bradford","final_internal","","3","","3","other","100","","","1","","1","other","100","","","3","","3","other","100","","","3","","3","other","100","","","","","","","","","","","","","","",""
"40.36104195-79.3380765---2005","https://mapsengine.google.com/06136759344167181854-15960346301379896183-4/wms/?version=1.3.0","40.3610419459","-79.3380764989","2005","Westmoreland","final_internal","","4","","4","other","100","","","1","","1","other","100","","","","","","","","","","4","","4","other","100","","","","","","","","","","","","","","",""
"40.79735161-79.59124533---2005","https://mapsengine.google.com/06136759344167181854-15960346301379896183-4/wms/?version=1.3.0","40.7973516096","-79.5912453281","2005","Armstrong","final_internal","","3","","3","other","100","","","1","","1","other","100","","","","","","","","","","3","","3","other","100","","","","","","","","","","","","","","",""
"41.6898888-76.78241313---2005","https://mapsengine.google.com/06136759344167181854-15960346301379896183-4/wms/?version=1.3.0","41.6898888004","-76.7824131296","2005","Bradford","final_internal","","3","","3","other","100","","","1","","1","other","100","","","3","","3","other","100","","","3","","3","other","100","","","","","","","","","","","","","","",""
"41.8211502-76.877556---2010","https://mapsengine.google.com/06136759344167181854-06191489742681286724-4/wms/?version=1.3.0","41.8211502","-76.877556","2010","Bradford","first_internal","","3","","3","other","100","","1","10","","11","other","90","","","3","","3","other","100","","","","","","","","","","","","","","","","","","","","","",""
"41.71968145-76.0623585---2010","https://mapsengine.google.com/06136759344167181854-06191489742681286724-4/wms/?version=1.3.0","41.7196814511","-76.0623584986","2010","Susquehanna","sweeper_internal","","1","","1","other","100","","1","7","3","11","other","63","","2","1","","3","fracking","66","","","","","","","","","","1","","1","other","100","","","","","","","",""
"41.87347814-76.72928505---2010","https://mapsengine.google.com/06136759344167181854-06191489742681286724-4/wms/?version=1.3.0","41.8734781361","-76.7292850518","2010","Bradford","sweeper_internal","","1","","1","other","100","","4","6","5","15","other","40","","","3","","3","other","100","","","","","","","","","","1","","1","other","100","","","","","","","",""
"41.69917465-75.84114423---2005","https://mapsengine.google.com/06136759344167181854-15960346301379896183-4/wms/?version=1.3.0","41.6991746529","-75.8411442325","2005","Susquehanna","final_internal","","3","","3","other","100","","","1","","1","other","100","","","3","","3","other","100","","","3","","3","other","100","","","","","","","","","","","","","","",""
"41.98684944-77.49664805---2005","https://mapsengine.google.com/06136759344167181854-15960346301379896183-4/wms/?version=1.3.0","41.9868494413","-77.4966480537","2005","Tioga","missing_internal","","1","","1","other","100","","","","","","fracking|unknown|other","","","","","","","","","","","","","","","","","","","","","","","","","1","","1","other","100",""
"41.74767833-75.87955917---2010","https://mapsengine.google.com/06136759344167181854-06191489742681286724-4/wms/?version=1.3.0","41.7476783307","-75.8795591747","2010","Susquehanna","sweeper_internal","","1","","1","other","100","","1","4","5","10","unknown","50","","","3","","3","other","100","","","","","","","","","","1","","1","other","100","","","","","","","",""
"41.97183806-75.88108259---2008","https://mapsengine.google.com/06136759344167181854-00219351362547715467-4/wms/?version=1.3.0","41.9718380588","-75.8810825867","2008","Susquehanna","final_internal","","3","","3","other","100","","","1","","1","other","100","","","3","","3","other","100","","","3","","3","other","100","","","","","","","","","","","","","","",""
"41.68986037-76.98020391---2008","https://mapsengine.google.com/06136759344167181854-00219351362547715467-4/wms/?version=1.3.0","41.6898603675","-76.9802039102","2008","Tioga","final_internal","","3","","3","other","100","","","1","","1","other","100","","","","","","","","","","3","","3","other","100","","","","","","","","","","","","","","",""
"40.01023083-79.67296586---2010","https://mapsengine.google.com/06136759344167181854-06191489742681286724-4/wms/?version=1.3.0","40.0102308259","-79.672965863","2010","Fayette","public","9","","1","10","fracking","90","","9","","1","10","fracking","90","","","","","","","","","","","","","","","","","","","","","","","","","","","","",""
"41.27457871-77.26790184---2008","https://mapsengine.google.com/06136759344167181854-00219351362547715467-4/wms/?version=1.3.0","41.2745787065","-77.2679018392","2008","Lycoming","final_internal","3","","","3","fracking","100","","1","","","1","fracking","100","","","","","","","","","3","","","3","fracking","100","","","","","","","","","","","","","","",""
"40.25903181-80.46486836---2010","https://mapsengine.google.com/06136759344167181854-06191489742681286724-4/wms/?version=1.3.0","40.2590318113","-80.4648683649","2010","Washington","sweeper_internal","","1","","1","other","100","","1","7","2","10","other","70","","","","","","","","","","","","","","","","","1","","1","other","100","","","","","","","",""
"40.74166594-79.61608403---2005","https://mapsengine.google.com/06136759344167181854-15960346301379896183-4/wms/?version=1.3.0","40.7416659407","-79.6160840291","2005","Armstrong","final_internal","","3","","3","other","100","","","1","","1","other","100","","","","","","","","","","3","","3","other","100","","","","","","","","","","","","","","",""
"41.83759572-76.3888362---2005","https://mapsengine.google.com/06136759344167181854-15960346301379896183-4/wms/?version=1.3.0","41.837595719","-76.3888362028","2005","Bradford","final_internal","","3","","3","other","100","","1","","","1","fracking","100","","","3","","3","other","100","","","3","","3","other","100","","","","","","","","","","","","","","",""
"41.68729125-75.89986271---2010","https://mapsengine.google.com/06136759344167181854-06191489742681286724-4/wms/?version=1.3.0","41.68729125","-75.89986271","2010","Susquehanna","first_internal","","3","","3","other","100","","","12","","12","other","100","","","3","","3","other","100","","","","","","","","","","","","","","","","","","","","","",""
"41.58863756-76.02435145---2010","https://mapsengine.google.com/06136759344167181854-06191489742681286724-4/wms/?version=1.3.0","41.58863756","-76.02435145","2010","Wyoming","first_internal","","3","","3","other","100","","","10","","10","other","100","","","3","","3","other","100","","","","","","","","","","","","","","","","","","","","","",""
"41.93917926-77.03387999---2005","https://mapsengine.google.com/06136759344167181854-15960346301379896183-4/wms/?version=1.3.0","41.9391792626","-77.0338799925","2005","Tioga","missing_internal","","1","","1","other","100","","","","","","fracking|unknown|other","","","","","","","","","","","","","","","","","","","","","","","","","1","","1","other","100",""
"39.81023836-80.41807558---2010","https://mapsengine.google.com/06136759344167181854-06191489742681286724-4/wms/?version=1.3.0","39.8102383634","-80.4180755804","2010","Greene","public","2","8","","10","other","80","","2","8","","10","other","80","","","","","","","","","","","","","","","","","","","","","","","","","","","","",""
"39.7373871-79.98812624---2010","https://mapsengine.google.com/06136759344167181854-06191489742681286724-4/wms/?version=1.3.0","39.7373871023","-79.9881262363","2010","Greene","public","1","9","","10","other","90","","1","9","","10","other","90","","","","","","","","","","","","","","","","","","","","","","","","","","","","",""
"40.52806856-79.20185252---2008","https://mapsengine.google.com/06136759344167181854-00219351362547715467-4/wms/?version=1.3.0","40.528068557","-79.2018525192","2008","Indiana","first_internal","","2","1","3","other","66","","","","1","1","unknown","100","","","2","1","3","other","66","","","","","","","","","","","","","","","","","","","","","",""
"39.94208386-79.85797676---2005","https://mapsengine.google.com/06136759344167181854-15960346301379896183-4/wms/?version=1.3.0","39.9420838637","-79.8579767626","2005","Fayette","final_internal","","3","","3","other","100","","","1","","1","other","100","","","","","","","","","","3","","3","other","100","","","","","","","","","","","","","","",""
"41.66723846-76.36301808---2005","https://mapsengine.google.com/06136759344167181854-15960346301379896183-4/wms/?version=1.3.0","41.6672384556","-76.3630180791","2005","Bradford","final_internal","","3","","3","other","100","","1","","","1","fracking","100","","","3","","3","other","100","","","3","","3","other","100","","","","","","","","","","","","","","",""
"40.09002422-79.81645484---2010","https://mapsengine.google.com/06136759344167181854-06191489742681286724-4/wms/?version=1.3.0","40.090024222","-79.8164548355","2010","Fayette","public","","10","","10","other","100","","","10","","10","other","100","","","","","","","","","","","","","","","","","","","","","","","","","","","","",""
"41.79343661-76.58807951---2005","https://mapsengine.google.com/06136759344167181854-15960346301379896183-4/wms/?version=1.3.0","41.7934366106","-76.5880795066","2005","Bradford","final_internal","","3","","3","other","100","","","1","","1","other","100","","","3","","3","other","100","","","3","","3","other","100","","","","","","","","","","","","","","",""
"41.85068114-77.29381607---2008","https://mapsengine.google.com/06136759344167181854-00219351362547715467-4/wms/?version=1.3.0","41.8506811429","-77.2938160662","2008","Tioga","final_internal","","3","","3","other","100","","","","1","1","unknown","100","","","","","","","","","","3","","3","other","100","","","","","","","","","","","","","","",""
"41.72981287-75.87120969---2008","https://mapsengine.google.com/06136759344167181854-00219351362547715467-4/wms/?version=1.3.0","41.7298128653","-75.8712096908","2008","Susquehanna","final_internal","1","2","","3","other","66","","1","","","1","fracking","100","","","3","","3","other","100","","1","2","","3","other","66","","","","","","","","","","","","","","",""
"41.19852001-77.68796846---2010","https://mapsengine.google.com/06136759344167181854-06191489742681286724-4/wms/?version=1.3.0","41.1985200094","-77.6879684608","2010","Clinton","sweeper_internal","","1","","1","other","100","","2","5","3","10","other","50","","","","","","","","","","","","","","","","","1","","1","other","100","","","","","","","",""
"41.78110687-76.99004306---2005","https://mapsengine.google.com/06136759344167181854-15960346301379896183-4/wms/?version=1.3.0","41.7811068738","-76.9900430617","2005","Tioga","final_internal","","3","","3","other","100","","","1","","1","other","100","","","","","","","","","","3","","3","other","100","","","","","","","","","","","","","","",""
"39.79265721-79.8475341---2010","https://mapsengine.google.com/06136759344167181854-06191489742681286724-4/wms/?version=1.3.0","39.7926572101","-79.8475340991","2010","Fayette","public","","10","","10","other","100","","","10","","10","other","100","","","","","","","","","","","","","","","","","","","","","","","","","","","","",""
"41.77806245-75.92086623---2008","https://mapsengine.google.com/06136759344167181854-00219351362547715467-4/wms/?version=1.3.0","41.7780624489","-75.9208662313","2008","Susquehanna","final_internal","","3","","3","other","100","","","1","","1","other","100","","","3","","3","other","100","","","3","","3","other","100","","","","","","","","","","","","","","",""
"40.11591648-79.82328485---2010","https://mapsengine.google.com/06136759344167181854-06191489742681286724-4/wms/?version=1.3.0","40.1159164792","-79.8232848471","2010","Fayette","public","1","8","1","10","other","80","","1","8","1","10","other","80","","","","","","","","","","","","","","","","","","","","","","","","","","","","",""
"41.02578805-78.8120914---2005","https://mapsengine.google.com/06136759344167181854-15960346301379896183-4/wms/?version=1.3.0","41.0257880456","-78.8120913974","2005","Jefferson","final_internal","","3","","3","other","100","","","1","","1","other","100","","","","","","","","","","3","","3","other","100","","","","","","","","","","","","","","",""
"41.25933157-76.62484607---2005","https://mapsengine.google.com/06136759344167181854-15960346301379896183-4/wms/?version=1.3.0","41.2593315697","-76.6248460651","2005","Lycoming","final_internal","","3","","3","other","100","","","1","","1","other","100","","","","","","","","","","3","","3","other","100","","","","","","","","","","","","","","",""
"41.73675463-75.90288681---2008","https://mapsengine.google.com/06136759344167181854-00219351362547715467-4/wms/?version=1.3.0","41.7367546278","-75.9028868089","2008","Susquehanna","final_internal","","3","","3","other","100","","","1","","1","other","100","","","3","","3","other","100","","","3","","3","other","100","","","","","","","","","","","","","","",""
"41.66555187-76.73724974---2008","https://mapsengine.google.com/06136759344167181854-00219351362547715467-4/wms/?version=1.3.0","41.6655518739","-76.7372497407","2008","Bradford","final_internal","","3","","3","other","100","","","1","","1","other","100","","","3","","3","other","100","","","3","","3","other","100","","","","","","","","","","","","","","",""
"39.94775483-79.83021807---2010","https://mapsengine.google.com/06136759344167181854-06191489742681286724-4/wms/?version=1.3.0","39.9477548301","-79.830218074","2010","Fayette","public","9","","1","10","fracking","90","","9","","1","10","fracking","90","","","","","","","","","","","","","","","","","","","","","","","","","","","","",""
"40.2735018-80.31869428---2010","https://mapsengine.google.com/06136759344167181854-06191489742681286724-4/wms/?version=1.3.0","40.2735017966","-80.3186942828","2010","Washington","sweeper_internal","","1","","1","other","100","","4","4","2","10","fracking|other","","40|40","","","","","","","","","","","","","","","","1","","1","other","100","","","","","","","",""
"41.98793626-76.99046838---2010","https://mapsengine.google.com/06136759344167181854-06191489742681286724-4/wms/?version=1.3.0","41.9879362571","-76.990468375","2010","Tioga","public","11","","","11","fracking","100","","11","","","11","fracking","100","","","","","","","","","","","","","","","","","","","","","","","","","","","","",""
"41.26872123-76.63968286---2008","https://mapsengine.google.com/06136759344167181854-00219351362547715467-4/wms/?version=1.3.0","41.2687212287","-76.6396828579","2008","Lycoming","final_internal","","3","","3","other","100","","","1","","1","other","100","","","","","","","","","","3","","3","other","100","","","","","","","","","","","","","","",""
"39.80363151-79.97143522---2005","https://mapsengine.google.com/06136759344167181854-15960346301379896183-4/wms/?version=1.3.0","39.8036315076","-79.9714352194","2005","Greene","final_internal","","3","","3","other","100","","","1","","1","other","100","","","","","","","","","","3","","3","other","100","","","","","","","","","","","","","","",""
"41.73116745-75.92159351---2010","https://mapsengine.google.com/06136759344167181854-06191489742681286724-4/wms/?version=1.3.0","41.73116745","-75.92159351","2010","Susquehanna","first_internal","","3","","3","other","100","","1","9","1","11","other","81","","","3","","3","other","100","","","","","","","","","","","","","","","","","","","","","",""
"41.54331836-76.42316382---2008","https://mapsengine.google.com/06136759344167181854-00219351362547715467-4/wms/?version=1.3.0","41.5433183559","-76.4231638241","2008","Sullivan","final_internal","","3","","3","other","100","","","1","","1","other","100","","","3","","3","other","100","","","3","","3","other","100","","","","","","","","","","","","","","",""
"41.64998083-76.0490546---2005","https://mapsengine.google.com/06136759344167181854-15960346301379896183-4/wms/?version=1.3.0","41.6499808251","-76.0490546038","2005","Susquehanna","final_internal","","3","","3","other","100","","","1","","1","other","100","","","3","","3","other","100","","","3","","3","other","100","","","","","","","","","","","","","","",""
"41.69650501-75.93673804---2005","https://mapsengine.google.com/06136759344167181854-15960346301379896183-4/wms/?version=1.3.0","41.6965050129","-75.936738038","2005","Susquehanna","final_internal","","3","","3","other","100","","","1","","1","other","100","","","3","","3","other","100","","","3","","3","other","100","","","","","","","","","","","","","","",""
"41.73482152-77.37468586---2008","https://mapsengine.google.com/06136759344167181854-00219351362547715467-4/wms/?version=1.3.0","41.7348215163","-77.3746858587","2008","Tioga","final_internal","3","","","3","fracking","100","","1","","","1","fracking","100","","","","","","","","","3","","","3","fracking","100","","","","","","","","","","","","","","",""
"41.24807646-76.57575041---2005","https://mapsengine.google.com/06136759344167181854-15960346301379896183-4/wms/?version=1.3.0","41.2480764625","-76.5757504094","2005","Lycoming","missing_internal","","1","","1","other","100","","","","","","fracking|unknown|other","","","","","","","","","","","","","","","","","","","","","","","","","1","","1","other","100",""
"40.74856739-80.03387905---2010","https://mapsengine.google.com/06136759344167181854-06191489742681286724-4/wms/?version=1.3.0","40.7485673857","-80.0338790514","2010","Butler","sweeper_internal","","1","","1","other","100","","4","8","4","16","other","50","","","","","","","","","","","","","","","","","1","","1","other","100","","","","","","","",""
"41.60649652-76.54511109---2005","https://mapsengine.google.com/06136759344167181854-15960346301379896183-4/wms/?version=1.3.0","41.6064965219","-76.5451110914","2005","Bradford","final_internal","","4","","4","other","100","","","","1","1","unknown","100","","","3","","3","other","100","","","4","","4","other","100","","","","","","","","","","","","","","",""
"41.42732442-76.87503478---2008","https://mapsengine.google.com/06136759344167181854-00219351362547715467-4/wms/?version=1.3.0","41.4273244244","-76.8750347818","2008","Lycoming","final_internal","","3","","3","other","100","","","1","","1","other","100","","","","","","","","","","3","","3","other","100","","","","","","","","","","","","","","",""
"41.80229616-76.97206006---2005","https://mapsengine.google.com/06136759344167181854-15960346301379896183-4/wms/?version=1.3.0","41.8022961589","-76.9720600552","2005","Tioga","final_internal","","3","","3","other","100","","","1","","1","other","100","","","","","","","","","","3","","3","other","100","","","","","","","","","","","","","","",""
"40.49516048-79.5693639---2010","https://mapsengine.google.com/06136759344167181854-06191489742681286724-4/wms/?version=1.3.0","40.4951604795","-79.5693639012","2010","Westmoreland","public","","10","","10","other","100","","","10","","10","other","100","","","","","","","","","","","","","","","","","","","","","","","","","","","","",""
"41.77889046-75.93074528---2005","https://mapsengine.google.com/06136759344167181854-15960346301379896183-4/wms/?version=1.3.0","41.7788904613","-75.93074528","2005","Susquehanna","final_internal","","3","","3","other","100","","","1","","1","other","100","","","3","","3","other","100","","","3","","3","other","100","","","","","","","","","","","","","","",""
"41.27589822-77.27849922---2010","https://mapsengine.google.com/06136759344167181854-06191489742681286724-4/wms/?version=1.3.0","41.2758982214","-77.2784992182","2010","Lycoming","public","9","1","1","11","fracking","81","","9","1","1","11","fracking","81","","","","","","","","","","","","","","","","","","","","","","","","","","","","",""
"41.79566263-76.03140313---2008","https://mapsengine.google.com/06136759344167181854-00219351362547715467-4/wms/?version=1.3.0","41.7956626321","-76.0314031343","2008","Susquehanna","final_internal","","3","","3","other","100","","","","1","1","unknown","100","","","1","2","3","unknown","66","","","3","","3","other","100","","","","","","","","","","","","","","",""
"41.75004093-76.63804291---2010","https://mapsengine.google.com/06136759344167181854-06191489742681286724-4/wms/?version=1.3.0","41.75004093","-76.63804291","2010","Bradford","first_internal","","3","","3","other","100","","","14","","14","other","100","","","3","","3","other","100","","","","","","","","","","","","","","","","","","","","","",""
"41.45697025-78.26770914---2010","https://mapsengine.google.com/06136759344167181854-06191489742681286724-4/wms/?version=1.3.0","41.4569702519","-78.2677091401","2010","Cameron","public","10","","","10","fracking","100","","10","","","10","fracking","100","","","","","","","","","","","","","","","","","","","","","","","","","","","","",""
"41.72176147-75.6494173---2010","https://mapsengine.google.com/06136759344167181854-06191489742681286724-4/wms/?version=1.3.0","41.7217614745","-75.6494173017","2010","Susquehanna","sweeper_internal","","1","","1","other","100","","2","9","1","12","other","75","","","3","","3","other","100","","","","","","","","","","1","","1","other","100","","","","","","","",""
"40.36972519-79.49738639---2008","https://mapsengine.google.com/06136759344167181854-00219351362547715467-4/wms/?version=1.3.0","40.3697251906","-79.4973863905","2008","Westmoreland","first_internal","3","","","3","fracking","100","","1","","","1","fracking","100","","3","","","3","fracking","100","","","","","","","","","","","","","","","","","","","","","",""
"41.748578-75.90036615---2008","https://mapsengine.google.com/06136759344167181854-00219351362547715467-4/wms/?version=1.3.0","41.7485779952","-75.9003661494","2008","Susquehanna","final_internal","","3","","3","other","100","","","1","","1","other","100","","","3","","3","other","100","","","3","","3","other","100","","","","","","","","","","","","","","",""
"41.91561173-76.92661545---2010","https://mapsengine.google.com/06136759344167181854-06191489742681286724-4/wms/?version=1.3.0","41.9156117276","-76.9266154509","2010","Tioga","public","","10","","10","other","100","","","10","","10","other","100","","","","","","","","","","","","","","","","","","","","","","","","","","","","",""
"41.71314892-76.15151103---2005","https://mapsengine.google.com/06136759344167181854-15960346301379896183-4/wms/?version=1.3.0","41.7131489163","-76.1515110314","2005","Bradford","final_internal","","3","","3","other","100","","","1","","1","other","100","","","3","","3","other","100","","","3","","3","other","100","","","","","","","","","","","","","","",""
"41.22570998-78.71564399---2010","https://mapsengine.google.com/06136759344167181854-06191489742681286724-4/wms/?version=1.3.0","41.2257099845","-78.7156439884","2010","Elk","public","","11","","11","other","100","","","11","","11","other","100","","","","","","","","","","","","","","","","","","","","","","","","","","","","",""
"40.20818835-80.4250601---2010","https://mapsengine.google.com/06136759344167181854-06191489742681286724-4/wms/?version=1.3.0","40.2081883531","-80.4250600997","2010","Washington","public","1","9","","10","other","90","","1","9","","10","other","90","","","","","","","","","","","","","","","","","","","","","","","","","","","","",""
"41.75703885-77.13622104---2010","https://mapsengine.google.com/06136759344167181854-06191489742681286724-4/wms/?version=1.3.0","41.7570388516","-77.1362210431","2010","Tioga","public","","11","1","12","other","91","","","11","1","12","other","91","","","","","","","","","","","","","","","","","","","","","","","","","","","","",""
"39.87826924-79.97325068---2008","https://mapsengine.google.com/06136759344167181854-00219351362547715467-4/wms/?version=1.3.0","39.8782692368","-79.9732506783","2008","Greene","sweeper_internal","","1","","1","other","100","","3","3","4","10","unknown","40","","1","2","","3","other","66","","","","","","","","","","1","","1","other","100","","","","","","","",""
"39.95837933-80.10140254---2008","https://mapsengine.google.com/06136759344167181854-00219351362547715467-4/wms/?version=1.3.0","39.9583793271","-80.1014025422","2008","Greene","first_internal","","3","","3","other","100","","","10","","10","other","100","","","3","","3","other","100","","","","","","","","","","","","","","","","","","","","","",""
"40.75751082-79.78028406---2010","https://mapsengine.google.com/06136759344167181854-06191489742681286724-4/wms/?version=1.3.0","40.7575108171","-79.7802840552","2010","Butler","sweeper_internal","","1","","1","other","100","","2","13","2","17","other","76","","","","","","","","","","","","","","","","","1","","1","other","100","","","","","","","",""
"39.86797806-80.02331189---2010","https://mapsengine.google.com/06136759344167181854-06191489742681286724-4/wms/?version=1.3.0","39.8679780606","-80.0233118945","2010","Greene","public","2","8","","10","other","80","","2","8","","10","other","80","","","","","","","","","","","","","","","","","","","","","","","","","","","","",""
"40.77040321-80.04393996---2008","https://mapsengine.google.com/06136759344167181854-00219351362547715467-4/wms/?version=1.3.0","40.770403206","-80.0439399571","2008","Butler","first_internal","","3","","3","other","100","","","2","","2","other","100","","","3","","3","other","100","","","","","","","","","","","","","","","","","","","","","",""
"40.09812218-79.80625838---2005","https://mapsengine.google.com/06136759344167181854-15960346301379896183-4/wms/?version=1.3.0","40.098122176","-79.8062583804","2005","Fayette","final_internal","","3","","3","other","100","","1","","","1","fracking","100","","","","","","","","","","3","","3","other","100","","","","","","","","","","","","","","",""
"41.42764953-76.91421866---2010","https://mapsengine.google.com/06136759344167181854-06191489742681286724-4/wms/?version=1.3.0","41.4276495277","-76.9142186579","2010","Lycoming","public","","10","","10","other","100","","","10","","10","other","100","","","","","","","","","","","","","","","","","","","","","","","","","","","","",""
"39.73219357-79.96016147---2010","https://mapsengine.google.com/06136759344167181854-06191489742681286724-4/wms/?version=1.3.0","39.7321935722","-79.9601614709","2010","Greene","sweeper_internal","","1","","1","other","100","","2","7","1","10","other","70","","","","","","","","","","","","","","","","","1","","1","other","100","","","","","","","",""
"41.79471677-76.22483434---2010","https://mapsengine.google.com/06136759344167181854-06191489742681286724-4/wms/?version=1.3.0","41.7947167667","-76.2248343396","2010","Bradford","sweeper_internal","1","","","1","fracking","100","","8","2","2","12","fracking","66","","3","","","3","fracking","100","","","","","","","","","1","","","1","fracking","100","","","","","","","",""
"40.325411-80.27603413---2008","https://mapsengine.google.com/06136759344167181854-00219351362547715467-4/wms/?version=1.3.0","40.3254110022","-80.2760341324","2008","Washington","first_internal","","3","","3","other","100","","","10","1","11","other","90","","","3","","3","other","100","","","","","","","","","","","","","","","","","","","","","",""
"39.9019905-79.99634492---2008","https://mapsengine.google.com/06136759344167181854-00219351362547715467-4/wms/?version=1.3.0","39.9019904992","-79.9963449156","2008","Greene","first_internal","","3","","3","other","100","","","11","","11","other","100","","","3","","3","other","100","","","","","","","","","","","","","","","","","","","","","",""
"41.80624511-76.52579382---2008","https://mapsengine.google.com/06136759344167181854-00219351362547715467-4/wms/?version=1.3.0","41.8062451073","-76.5257938223","2008","Bradford","final_internal","","3","","3","other","100","","","1","","1","other","100","","","3","","3","other","100","","","3","","3","other","100","","","","","","","","","","","","","","",""
"41.66816045-76.15522808---2008","https://mapsengine.google.com/06136759344167181854-00219351362547715467-4/wms/?version=1.3.0","41.6681604488","-76.1552280822","2008","Bradford","final_internal","","3","","3","other","100","","","1","","1","other","100","","","3","","3","other","100","","","3","","3","other","100","","","","","","","","","","","","","","",""
"41.27470353-76.57032314---2005","https://mapsengine.google.com/06136759344167181854-15960346301379896183-4/wms/?version=1.3.0","41.2747035297","-76.570323136","2005","Lycoming","missing_internal","","1","","1","other","100","","","","","","fracking|unknown|other","","","","","","","","","","","","","","","","","","","","","","","","","1","","1","other","100",""
"39.87194323-79.96232328---2010","https://mapsengine.google.com/06136759344167181854-06191489742681286724-4/wms/?version=1.3.0","39.8719432254","-79.962323276","2010","Greene","public","","10","","10","other","100","","","10","","10","other","100","","","","","","","","","","","","","","","","","","","","","","","","","","","","",""
"41.71292863-76.13283105---2008","https://mapsengine.google.com/06136759344167181854-00219351362547715467-4/wms/?version=1.3.0","41.7129286298","-76.132831047","2008","Bradford","final_internal","","3","","3","other","100","","","1","","1","other","100","","","3","","3","other","100","","","3","","3","other","100","","","","","","","","","","","","","","",""
"41.75517169-76.63247073---2005","https://mapsengine.google.com/06136759344167181854-15960346301379896183-4/wms/?version=1.3.0","41.7551716866","-76.6324707343","2005","Bradford","final_internal","","3","","3","other","100","","","1","","1","other","100","","","3","","3","other","100","","","3","","3","other","100","","","","","","","","","","","","","","",""
"41.76682069-77.35505999---2010","https://mapsengine.google.com/06136759344167181854-06191489742681286724-4/wms/?version=1.3.0","41.7668206938","-77.3550599881","2010","Tioga","sweeper_internal","","1","","1","other","100","","","7","3","10","other","70","","","","","","","","","","","","","","","","","1","","1","other","100","","","","","","","",""
"41.78086607-77.14040538---2010","https://mapsengine.google.com/06136759344167181854-06191489742681286724-4/wms/?version=1.3.0","41.7808660723","-77.1404053818","2010","Tioga","public","","11","1","12","other","91","","","11","1","12","other","91","","","","","","","","","","","","","","","","","","","","","","","","","","","","",""
"41.76525379-76.24394273---2010","https://mapsengine.google.com/06136759344167181854-06191489742681286724-4/wms/?version=1.3.0","41.76525379","-76.24394273","2010","Bradford","first_internal","","3","","3","other","100","","","11","","11","other","100","","","3","","3","other","100","","","","","","","","","","","","","","","","","","","","","",""
"40.65341305-79.41037329---2008","https://mapsengine.google.com/06136759344167181854-00219351362547715467-4/wms/?version=1.3.0","40.653413046","-79.4103732901","2008","Armstrong","first_internal","","3","","3","other","100","","","5","1","6","other","83","","","3","","3","other","100","","","","","","","","","","","","","","","","","","","","","",""
"41.72305795-76.81516625---2008","https://mapsengine.google.com/06136759344167181854-00219351362547715467-4/wms/?version=1.3.0","41.723057954","-76.8151662478","2008","Bradford","final_internal","","3","","3","other","100","","","1","","1","other","100","","","3","","3","other","100","","","3","","3","other","100","","","","","","","","","","","","","","",""
"39.82925396-80.04182748---2005","https://mapsengine.google.com/06136759344167181854-15960346301379896183-4/wms/?version=1.3.0","39.8292539643","-80.0418274844","2005","Greene","final_internal","","3","","3","other","100","","","1","","1","other","100","","","","","","","","","","3","","3","other","100","","","","","","","","","","","","","","",""
"41.20158855-79.21460609---2005","https://mapsengine.google.com/06136759344167181854-15960346301379896183-4/wms/?version=1.3.0","41.2015885505","-79.214606093","2005","Clarion","final_internal","2","","1","3","fracking","66","","1","","","1","fracking","100","","","","","","","","","2","","1","3","fracking","66","","","","","","","","","","","","","","",""
"41.76906546-75.96619233---2010","https://mapsengine.google.com/06136759344167181854-06191489742681286724-4/wms/?version=1.3.0","41.7690654629","-75.9661923311","2010","Susquehanna","sweeper_internal","","1","","1","other","100","","","7","5","12","other","58","","","3","","3","other","100","","","","","","","","","","1","","1","other","100","","","","","","","",""
"39.96467038-80.09752375---2008","https://mapsengine.google.com/06136759344167181854-00219351362547715467-4/wms/?version=1.3.0","39.9646703843","-80.0975237484","2008","Greene","sweeper_internal","","1","","1","other","100","","2","6","2","10","other","60","","","2","1","3","other","66","","","","","","","","","","1","","1","other","100","","","","","","","",""
"39.82988297-79.94847315---2008","https://mapsengine.google.com/06136759344167181854-00219351362547715467-4/wms/?version=1.3.0","39.8298829719","-79.9484731527","2008","Greene","sweeper_internal","","1","","1","other","100","","1","7","2","10","other","70","","","3","","3","other","100","","","","","","","","","","1","","1","other","100","","","","","","","",""
"41.82309068-76.06934964---2008","https://mapsengine.google.com/06136759344167181854-00219351362547715467-4/wms/?version=1.3.0","41.8230906791","-76.0693496403","2008","Susquehanna","final_internal","","3","","3","other","100","","","1","","1","other","100","","","3","","3","other","100","","","3","","3","other","100","","","","","","","","","","","","","","",""
"40.82117891-80.05135239---2008","https://mapsengine.google.com/06136759344167181854-00219351362547715467-4/wms/?version=1.3.0","40.8211789134","-80.0513523923","2008","Butler","first_internal","","3","","3","other","100","","","2","","2","other","100","","","3","","3","other","100","","","","","","","","","","","","","","","","","","","","","",""
"40.86371373-79.5393351---2010","https://mapsengine.google.com/06136759344167181854-06191489742681286724-4/wms/?version=1.3.0","40.8637137348","-79.5393350955","2010","Armstrong","public","1","8","1","10","other","80","","1","8","1","10","other","80","","","","","","","","","","","","","","","","","","","","","","","","","","","","",""
"41.71341292-75.87719516---2005","https://mapsengine.google.com/06136759344167181854-15960346301379896183-4/wms/?version=1.3.0","41.7134129216","-75.8771951625","2005","Susquehanna","final_internal","","4","","4","other","100","","","1","","1","other","100","","","3","","3","other","100","","","4","","4","other","100","","","","","","","","","","","","","","",""
"41.76337168-76.81695599---2005","https://mapsengine.google.com/06136759344167181854-15960346301379896183-4/wms/?version=1.3.0","41.7633716783","-76.8169559859","2005","Bradford","final_internal","","3","","3","other","100","","","1","","1","other","100","","","3","","3","other","100","","","3","","3","other","100","","","","","","","","","","","","","","",""
"41.80892777-76.53915899---2010","https://mapsengine.google.com/06136759344167181854-06191489742681286724-4/wms/?version=1.3.0","41.8089277705","-76.5391589947","2010","Bradford","sweeper_internal","1","","","1","fracking","100","","4","3","3","10","fracking","40","","2","","1","3","fracking","66","","","","","","","","","1","","","1","fracking","100","","","","","","","",""
"41.68214042-76.31464322---2010","https://mapsengine.google.com/06136759344167181854-06191489742681286724-4/wms/?version=1.3.0","41.68214042","-76.31464322","2010","Bradford","first_internal","","3","","3","other","100","","","10","","10","other","100","","","3","","3","other","100","","","","","","","","","","","","","","","","","","","","","",""
"41.97643638-77.56642387---2010","https://mapsengine.google.com/06136759344167181854-06191489742681286724-4/wms/?version=1.3.0","41.9764363766","-77.5664238716","2010","Tioga","public","","10","","10","other","100","","","10","","10","other","100","","","","","","","","","","","","","","","","","","","","","","","","","","","","",""
"41.25935623-76.62482611---2008","https://mapsengine.google.com/06136759344167181854-00219351362547715467-4/wms/?version=1.3.0","41.2593562287","-76.6248261128","2008","Lycoming","final_internal","","3","","3","other","100","","","1","","1","other","100","","","","","","","","","","3","","3","other","100","","","","","","","","","","","","","","",""
"40.3558722-78.55698065---2008","https://mapsengine.google.com/06136759344167181854-00219351362547715467-4/wms/?version=1.3.0","40.3558721961","-78.5569806501","2008","Blair","first_internal","","3","","3","other","100","","","6","","6","other","100","","","3","","3","other","100","","","","","","","","","","","","","","","","","","","","","",""
"41.41701594-78.26931674---2008","https://mapsengine.google.com/06136759344167181854-00219351362547715467-4/wms/?version=1.3.0","41.417015936","-78.2693167396","2008","Cameron","first_internal","","3","","3","other","100","","","3","3","6","unknown|other","","50|50","","3","","3","other","100","","","","","","","","","","","","","","","","","","","","","",""
"41.80514001-77.29682158---2010","https://mapsengine.google.com/06136759344167181854-06191489742681286724-4/wms/?version=1.3.0","41.8051400089","-77.2968215758","2010","Tioga","public","","12","","12","other","100","","","12","","12","other","100","","","","","","","","","","","","","","","","","","","","","","","","","","","","",""
"40.19217825-79.88210925---2010","https://mapsengine.google.com/06136759344167181854-06191489742681286724-4/wms/?version=1.3.0","40.1921782517","-79.8821092512","2010","Washington","public","10","","","10","fracking","100","","10","","","10","fracking","100","","","","","","","","","","","","","","","","","","","","","","","","","","","","",""
"39.90208294-79.99446838---2008","https://mapsengine.google.com/06136759344167181854-00219351362547715467-4/wms/?version=1.3.0","39.9020829393","-79.9944683815","2008","Greene","first_internal","","3","","3","other","100","","","10","","10","other","100","","","3","","3","other","100","","","","","","","","","","","","","","","","","","","","","",""
"40.33086373-79.48173851---2005","https://mapsengine.google.com/06136759344167181854-15960346301379896183-4/wms/?version=1.3.0","40.3308637301","-79.4817385132","2005","Westmoreland","final_internal","","3","","3","other","100","","","1","","1","other","100","","","","","","","","","","3","","3","other","100","","","","","","","","","","","","","","",""
"41.61480077-77.8766338---2008","https://mapsengine.google.com/06136759344167181854-00219351362547715467-4/wms/?version=1.3.0","41.6148007656","-77.8766337969","2008","Potter","final_internal","","3","","3","other","100","","","","1","1","unknown","100","","","","","","","","","","3","","3","other","100","","","","","","","","","","","","","","",""
"39.80724102-80.00765841---2008","https://mapsengine.google.com/06136759344167181854-00219351362547715467-4/wms/?version=1.3.0","39.8072410166","-80.0076584114","2008","Greene","first_internal","","3","","3","other","100","","1","8","1","10","other","80","","","3","","3","other","100","","","","","","","","","","","","","","","","","","","","","",""
"39.84914647-79.88846744---2005","https://mapsengine.google.com/06136759344167181854-15960346301379896183-4/wms/?version=1.3.0","39.8491464713","-79.8884674418","2005","Fayette","final_internal","","3","","3","other","100","","","1","","1","other","100","","","","","","","","","","3","","3","other","100","","","","","","","","","","","","","","",""
"39.81545199-79.96465598---2010","https://mapsengine.google.com/06136759344167181854-06191489742681286724-4/wms/?version=1.3.0","39.815451988","-79.9646559835","2010","Greene","public","1","8","1","10","other","80","","1","8","1","10","other","80","","","","","","","","","","","","","","","","","","","","","","","","","","","","",""
"39.87139104-79.95949998---2010","https://mapsengine.google.com/06136759344167181854-06191489742681286724-4/wms/?version=1.3.0","39.8713910428","-79.9594999782","2010","Greene","public","","10","","10","other","100","","","10","","10","other","100","","","","","","","","","","","","","","","","","","","","","","","","","","","","",""
"39.80175788-79.52642144---2010","https://mapsengine.google.com/06136759344167181854-06191489742681286724-4/wms/?version=1.3.0","39.8017578764","-79.5264214425","2010","Fayette","public","","9","1","10","other","90","","","9","1","10","other","90","","","","","","","","","","","","","","","","","","","","","","","","","","","","",""
"39.84372153-79.89106273---2005","https://mapsengine.google.com/06136759344167181854-15960346301379896183-4/wms/?version=1.3.0","39.8437215251","-79.8910627278","2005","Fayette","final_internal","","3","","3","other","100","","","1","","1","other","100","","","","","","","","","","3","","3","other","100","","","","","","","","","","","","","","",""
"41.71982578-75.89270174---2005","https://mapsengine.google.com/06136759344167181854-15960346301379896183-4/wms/?version=1.3.0","41.7198257752","-75.8927017423","2005","Susquehanna","final_internal","","4","","4","other","100","","","1","","1","other","100","","","3","","3","other","100","","","4","","4","other","100","","","","","","","","","","","","","","",""
"40.65940058-78.96322786---2010","https://mapsengine.google.com/06136759344167181854-06191489742681286724-4/wms/?version=1.3.0","40.6594005816","-78.9632278567","2010","Indiana","public","30","","","30","fracking","100","","30","","","30","fracking","100","","","","","","","","","","","","","","","","","","","","","","","","","","","","",""
"40.35042308-80.28585263---2010","https://mapsengine.google.com/06136759344167181854-06191489742681286724-4/wms/?version=1.3.0","40.3504230794","-80.285852635","2010","Washington","public","","10","","10","other","100","","","10","","10","other","100","","","","","","","","","","","","","","","","","","","","","","","","","","","","",""
"41.98902144-77.01770675---2010","https://mapsengine.google.com/06136759344167181854-06191489742681286724-4/wms/?version=1.3.0","41.9890214366","-77.0177067482","2010","Tioga","public","","11","","11","other","100","","","11","","11","other","100","","","","","","","","","","","","","","","","","","","","","","","","","","","","",""
"41.84084819-76.0462431---2010","https://mapsengine.google.com/06136759344167181854-06191489742681286724-4/wms/?version=1.3.0","41.84084819","-76.0462431","2010","Susquehanna","first_internal","","3","","3","other","100","","","9","1","10","other","90","","","3","","3","other","100","","","","","","","","","","","","","","","","","","","","","",""
"39.8928661-80.31550745---2008","https://mapsengine.google.com/06136759344167181854-00219351362547715467-4/wms/?version=1.3.0","39.8928661028","-80.3155074502","2008","Greene","first_internal","","3","","3","other","100","","","8","2","10","other","80","","","3","","3","other","100","","","","","","","","","","","","","","","","","","","","","",""
"40.86125525-79.50149608---2010","https://mapsengine.google.com/06136759344167181854-06191489742681286724-4/wms/?version=1.3.0","40.8612552476","-79.5014960827","2010","Armstrong","public","","8","2","10","other","80","","","8","2","10","other","80","","","","","","","","","","","","","","","","","","","","","","","","","","","","",""
"41.55843996-77.06614234---2010","https://mapsengine.google.com/06136759344167181854-06191489742681286724-4/wms/?version=1.3.0","41.5584399621","-77.0661423359","2010","Tioga","public","","11","","11","other","100","","","11","","11","other","100","","","","","","","","","","","","","","","","","","","","","","","","","","","","",""
"41.91157283-76.92411086---2010","https://mapsengine.google.com/06136759344167181854-06191489742681286724-4/wms/?version=1.3.0","41.9115728318","-76.9241108557","2010","Tioga","public","","10","","10","other","100","","","10","","10","other","100","","","","","","","","","","","","","","","","","","","","","","","","","","","","",""
"40.24157819-80.2742965---2008","https://mapsengine.google.com/06136759344167181854-00219351362547715467-4/wms/?version=1.3.0","40.2415781858","-80.2742964963","2008","Washington","first_internal","","3","","3","other","100","","","10","","10","other","100","","","3","","3","other","100","","","","","","","","","","","","","","","","","","","","","",""
"40.49398515-79.5708626---2010","https://mapsengine.google.com/06136759344167181854-06191489742681286724-4/wms/?version=1.3.0","40.4939851547","-79.5708626021","2010","Westmoreland","public","","10","","10","other","100","","","10","","10","other","100","","","","","","","","","","","","","","","","","","","","","","","","","","","","",""
"41.88901657-76.93721438---2010","https://mapsengine.google.com/06136759344167181854-06191489742681286724-4/wms/?version=1.3.0","41.889016572","-76.9372143824","2010","Tioga","public","10","1","1","12","fracking","83","","10","1","1","12","fracking","83","","","","","","","","","","","","","","","","","","","","","","","","","","","","",""
"41.5712891-77.0250066---2008","https://mapsengine.google.com/06136759344167181854-00219351362547715467-4/wms/?version=1.3.0","41.5712890968","-77.0250065956","2008","Tioga","final_internal","","3","","3","other","100","","","1","","1","other","100","","","","","","","","","","3","","3","other","100","","","","","","","","","","","","","","",""
"40.23258408-80.33632373---2008","https://mapsengine.google.com/06136759344167181854-00219351362547715467-4/wms/?version=1.3.0","40.2325840783","-80.336323734","2008","Washington","first_internal","","3","","3","other","100","","","8","","8","other","100","","","3","","3","other","100","","","","","","","","","","","","","","","","","","","","","",""
"41.8495218-77.08691633---2010","https://mapsengine.google.com/06136759344167181854-06191489742681286724-4/wms/?version=1.3.0","41.8495218036","-77.0869163344","2010","Tioga","public","","10","","10","other","100","","","10","","10","other","100","","","","","","","","","","","","","","","","","","","","","","","","","","","","",""
"41.95946635-77.42564172---2005","https://mapsengine.google.com/06136759344167181854-15960346301379896183-4/wms/?version=1.3.0","41.9594663527","-77.4256417214","2005","Tioga","missing_internal","","1","","1","other","100","","","","","","fracking|unknown|other","","","","","","","","","","","","","","","","","","","","","","","","","1","","1","other","100",""
"41.7687384-75.96460368---2010","https://mapsengine.google.com/06136759344167181854-06191489742681286724-4/wms/?version=1.3.0","41.7687384011","-75.9646036769","2010","Susquehanna","sweeper_internal","","1","","1","other","100","","","6","5","11","other","54","","","3","","3","other","100","","","","","","","","","","1","","1","other","100","","","","","","","",""
"41.74399754-77.14766822---2008","https://mapsengine.google.com/06136759344167181854-00219351362547715467-4/wms/?version=1.3.0","41.7439975441","-77.1476682226","2008","Tioga","final_internal","","3","","3","other","100","","","1","","1","other","100","","","","","","","","","","3","","3","other","100","","","","","","","","","","","","","","",""
"39.94421316-78.89010735---2005","https://mapsengine.google.com/06136759344167181854-15960346301379896183-4/wms/?version=1.3.0","39.9442131583","-78.8901073495","2005","Somerset","final_internal","","3","","3","other","100","","","","1","1","unknown","100","","","","","","","","","","3","","3","other","100","","","","","","","","","","","","","","",""
"41.76548809-76.81358011---2010","https://mapsengine.google.com/06136759344167181854-06191489742681286724-4/wms/?version=1.3.0","41.7654880887","-76.8135801123","2010","Bradford","sweeper_internal","","1","","1","other","100","","2","7","2","11","other","63","","","3","","3","other","100","","","","","","","","","","1","","1","other","100","","","","","","","",""
"40.31076545-80.32593595---2010","https://mapsengine.google.com/06136759344167181854-06191489742681286724-4/wms/?version=1.3.0","40.3107654529","-80.3259359544","2010","Washington","sweeper_internal","","1","","1","other","100","","5","3","2","10","fracking","50","","","","","","","","","","","","","","","","","1","","1","other","100","","","","","","","",""
"41.69962676-75.83465269---2008","https://mapsengine.google.com/06136759344167181854-00219351362547715467-4/wms/?version=1.3.0","41.6996267575","-75.8346526933","2008","Susquehanna","final_internal","","3","","3","other","100","","","1","","1","other","100","","","3","","3","other","100","","","3","","3","other","100","","","","","","","","","","","","","","",""
"41.70135556-75.96154874---2005","https://mapsengine.google.com/06136759344167181854-15960346301379896183-4/wms/?version=1.3.0","41.7013555617","-75.9615487444","2005","Susquehanna","final_internal","","3","","3","other","100","","","1","","1","other","100","","","3","","3","other","100","","","3","","3","other","100","","","","","","","","","","","","","","",""
"41.79220583-77.03163095---2010","https://mapsengine.google.com/06136759344167181854-06191489742681286724-4/wms/?version=1.3.0","41.7922058316","-77.0316309452","2010","Tioga","public","","12","","12","other","100","","","12","","12","other","100","","","","","","","","","","","","","","","","","","","","","","","","","","","","",""
"40.63020369-79.10280615---2010","https://mapsengine.google.com/06136759344167181854-06191489742681286724-4/wms/?version=1.3.0","40.6302036945","-79.102806153","2010","Indiana","sweeper_internal","1","","","1","fracking","100","","20","","10","30","fracking","66","","","","","","","","","","","","","","","","1","","","1","fracking","100","","","","","","","",""
"41.694461-75.93837011---2010","https://mapsengine.google.com/06136759344167181854-06191489742681286724-4/wms/?version=1.3.0","41.6944609972","-75.9383701059","2010","Susquehanna","sweeper_internal","","1","","1","other","100","","5","3","2","10","fracking","50","","","3","","3","other","100","","","","","","","","","","1","","1","other","100","","","","","","","",""
"40.6976226-78.90829635---2005","https://mapsengine.google.com/06136759344167181854-15960346301379896183-4/wms/?version=1.3.0","40.6976225993","-78.9082963474","2005","Indiana","final_internal","","3","","3","other","100","","","1","","1","other","100","","","","","","","","","","3","","3","other","100","","","","","","","","","","","","","","",""
"41.6961633-77.36538128---2008","https://mapsengine.google.com/06136759344167181854-00219351362547715467-4/wms/?version=1.3.0","41.6961633016","-77.3653812823","2008","Tioga","final_internal","","3","","3","other","100","","","1","","1","other","100","","","","","","","","","","3","","3","other","100","","","","","","","","","","","","","","",""
"40.99548936-79.79180769---2010","https://mapsengine.google.com/06136759344167181854-06191489742681286724-4/wms/?version=1.3.0","40.9954893645","-79.7918076851","2010","Butler","public","1","22","","23","other","95","","1","22","","23","other","95","","","","","","","","","","","","","","","","","","","","","","","","","","","","",""
"40.25090229-79.76407072---2010","https://mapsengine.google.com/06136759344167181854-06191489742681286724-4/wms/?version=1.3.0","40.2509022866","-79.764070717","2010","Westmoreland","sweeper_internal","","1","","1","other","100","","2","6","2","10","other","60","","","","","","","","","","","","","","","","","1","","1","other","100","","","","","","","",""
"41.86601889-76.0162862---2010","https://mapsengine.google.com/06136759344167181854-06191489742681286724-4/wms/?version=1.3.0","41.86601889","-76.0162862","2010","Susquehanna","first_internal","","3","","3","other","100","","","11","","11","other","100","","","3","","3","other","100","","","","","","","","","","","","","","","","","","","","","",""
"40.2438908-80.25298133---2008","https://mapsengine.google.com/06136759344167181854-00219351362547715467-4/wms/?version=1.3.0","40.2438908018","-80.2529813279","2008","Washington","first_internal","","3","","3","other","100","","","7","1","8","other","87","","","3","","3","other","100","","","","","","","","","","","","","","","","","","","","","",""
"39.95048038-79.98692765---2005","https://mapsengine.google.com/06136759344167181854-15960346301379896183-4/wms/?version=1.3.0","39.9504803759","-79.9869276535","2005","Greene","final_internal","","3","","3","other","100","","","1","","1","other","100","","","","","","","","","","3","","3","other","100","","","","","","","","","","","","","","",""
"41.69472219-76.78198748---2008","https://mapsengine.google.com/06136759344167181854-00219351362547715467-4/wms/?version=1.3.0","41.6947221852","-76.7819874813","2008","Bradford","final_internal","","3","","3","other","100","","","1","","1","other","100","","","3","","3","other","100","","","3","","3","other","100","","","","","","","","","","","","","","",""
"40.02179477-80.03835477---2010","https://mapsengine.google.com/06136759344167181854-06191489742681286724-4/wms/?version=1.3.0","40.021794773","-80.038354772","2010","Washington","public","","10","","10","other","100","","","10","","10","other","100","","","","","","","","","","","","","","","","","","","","","","","","","","","","",""
"39.88336846-80.0431284---2010","https://mapsengine.google.com/06136759344167181854-06191489742681286724-4/wms/?version=1.3.0","39.8833684566","-80.0431283995","2010","Greene","sweeper_internal","1","","","1","fracking","100","","1","6","3","10","other","60","","","","","","","","","","","","","","","","1","","","1","fracking","100","","","","","","","",""
"41.70232568-75.95524306---2010","https://mapsengine.google.com/06136759344167181854-06191489742681286724-4/wms/?version=1.3.0","41.7023256835","-75.9552430622","2010","Susquehanna","sweeper_internal","","1","","1","other","100","","6","2","4","12","fracking","50","","1","1","1","3","fracking|unknown|other","","33|33|33","","","","","","","","","1","","1","other","100","","","","","","","",""
"41.71074199-75.90011002---2008","https://mapsengine.google.com/06136759344167181854-00219351362547715467-4/wms/?version=1.3.0","41.710741988","-75.9001100151","2008","Susquehanna","final_internal","","4","","4","other","100","","","1","","1","other","100","","","3","","3","other","100","","","4","","4","other","100","","","","","","","","","","","","","","",""
"39.7436418-79.43501934---2005","https://mapsengine.google.com/06136759344167181854-15960346301379896183-4/wms/?version=1.3.0","39.7436417991","-79.4350193439","2005","Fayette","final_internal","","3","","3","other","100","","","1","","1","other","100","","","","","","","","","","3","","3","other","100","","","","","","","","","","","","","","",""
"41.55387106-76.46144663---2005","https://mapsengine.google.com/06136759344167181854-15960346301379896183-4/wms/?version=1.3.0","41.5538710593","-76.4614466338","2005","Sullivan","final_internal","","3","","3","other","100","","","1","","1","other","100","","","3","","3","other","100","","","3","","3","other","100","","","","","","","","","","","","","","",""
"41.63482196-76.16084508---2008","https://mapsengine.google.com/06136759344167181854-00219351362547715467-4/wms/?version=1.3.0","41.6348219571","-76.160845084","2008","Wyoming","final_internal","1","2","","3","other","66","","","1","","1","other","100","","","2","1","3","other","66","","1","2","","3","other","66","","","","","","","","","","","","","","",""
"41.85096206-76.91785601---2010","https://mapsengine.google.com/06136759344167181854-06191489742681286724-4/wms/?version=1.3.0","41.8509620622","-76.9178560087","2010","Tioga","public","10","","","10","fracking","100","","10","","","10","fracking","100","","","","","","","","","","","","","","","","","","","","","","","","","","","","",""
"41.5792828-77.05839681---2005","https://mapsengine.google.com/06136759344167181854-15960346301379896183-4/wms/?version=1.3.0","41.579282802","-77.0583968137","2005","Tioga","missing_internal","","1","","1","other","100","","","","","","fracking|unknown|other","","","","","","","","","","","","","","","","","","","","","","","","","1","","1","other","100",""
"41.87248117-76.31317546---2010","https://mapsengine.google.com/06136759344167181854-06191489742681286724-4/wms/?version=1.3.0","41.87248117","-76.31317546","2010","Bradford","first_internal","","3","","3","other","100","","","10","","10","other","100","","","3","","3","other","100","","","","","","","","","","","","","","","","","","","","","",""
"41.71293345-77.29027167---2010","https://mapsengine.google.com/06136759344167181854-06191489742681286724-4/wms/?version=1.3.0","41.712933455","-77.2902716724","2010","Tioga","public","10","","","10","fracking","100","","10","","","10","fracking","100","","","","","","","","","","","","","","","","","","","","","","","","","","","","",""
"40.83100209-79.14549086---2008","https://mapsengine.google.com/06136759344167181854-00219351362547715467-4/wms/?version=1.3.0","40.8310020927","-79.1454908634","2008","Indiana","final_internal","","3","","3","other","100","","","2","1","3","other","66","","","","","","","","","","3","","3","other","100","","","","","","","","","","","","","","",""
"41.68391163-76.33686076---2010","https://mapsengine.google.com/06136759344167181854-06191489742681286724-4/wms/?version=1.3.0","41.6839116306","-76.3368607633","2010","Bradford","sweeper_internal","","1","","1","other","100","","6","1","3","10","fracking","60","","","3","","3","other","100","","","","","","","","","","1","","1","other","100","","","","","","","",""
"41.71049955-76.84054648---2008","https://mapsengine.google.com/06136759344167181854-00219351362547715467-4/wms/?version=1.3.0","41.7104995496","-76.8405464849","2008","Bradford","final_internal","1","2","","3","other","66","","","1","","1","other","100","","","3","","3","other","100","","1","2","","3","other","66","","","","","","","","","","","","","","",""
"41.63481598-76.41545991---2010","https://mapsengine.google.com/06136759344167181854-06191489742681286724-4/wms/?version=1.3.0","41.6348159842","-76.415459914","2010","Bradford","sweeper_internal","","1","","1","other","100","","5","2","7","14","unknown","50","","","","3","3","unknown","100","","","","","","","","","","1","","1","other","100","","","","","","","",""
"41.73113578-75.91462669---2010","https://mapsengine.google.com/06136759344167181854-06191489742681286724-4/wms/?version=1.3.0","41.73113578","-75.91462669","2010","Susquehanna","first_internal","","3","","3","other","100","","","12","","12","other","100","","","3","","3","other","100","","","","","","","","","","","","","","","","","","","","","",""
"39.92771841-79.97620087---2005","https://mapsengine.google.com/06136759344167181854-15960346301379896183-4/wms/?version=1.3.0","39.9277184107","-79.9762008743","2005","Greene","final_internal","","3","","3","other","100","","","1","","1","other","100","","","","","","","","","","3","","3","other","100","","","","","","","","","","","","","","",""
"41.7321393-75.86246741---2005","https://mapsengine.google.com/06136759344167181854-15960346301379896183-4/wms/?version=1.3.0","41.7321392999","-75.8624674058","2005","Susquehanna","final_internal","","4","","4","other","100","","","1","","1","other","100","","","3","","3","other","100","","","4","","4","other","100","","","","","","","","","","","","","","",""
"40.45424133-79.55012169---2010","https://mapsengine.google.com/06136759344167181854-06191489742681286724-4/wms/?version=1.3.0","40.4542413258","-79.5501216913","2010","Westmoreland","public","","10","","10","other","100","","","10","","10","other","100","","","","","","","","","","","","","","","","","","","","","","","","","","","","",""
"41.12673535-79.75838734---2005","https://mapsengine.google.com/06136759344167181854-15960346301379896183-4/wms/?version=1.3.0","41.1267353474","-79.7583873352","2005","Butler","final_internal","","3","","3","other","100","","","1","","1","other","100","","","","","","","","","","3","","3","other","100","","","","","","","","","","","","","","",""
"41.55096538-76.47002015---2005","https://mapsengine.google.com/06136759344167181854-15960346301379896183-4/wms/?version=1.3.0","41.5509653777","-76.4700201509","2005","Sullivan","final_internal","","3","","3","other","100","","","1","","1","other","100","","","3","","3","other","100","","","3","","3","other","100","","","","","","","","","","","","","","",""
"40.86496448-79.49352462---2008","https://mapsengine.google.com/06136759344167181854-00219351362547715467-4/wms/?version=1.3.0","40.8649644767","-79.493524623","2008","Armstrong","first_internal","","3","","3","other","100","","","6","1","7","other","85","","","3","","3","other","100","","","","","","","","","","","","","","","","","","","","","",""
"41.69364456-76.99357262---2010","https://mapsengine.google.com/06136759344167181854-06191489742681286724-4/wms/?version=1.3.0","41.6936445555","-76.9935726243","2010","Tioga","sweeper_internal","","1","","1","other","100","","3","2","6","11","unknown","54","","","","","","","","","","","","","","","","","1","","1","other","100","","","","","","","",""
"41.73452078-75.8957955---2010","https://mapsengine.google.com/06136759344167181854-06191489742681286724-4/wms/?version=1.3.0","41.73452078","-75.8957955","2010","Susquehanna","first_internal","","3","","3","other","100","","","13","","13","other","100","","","3","","3","other","100","","","","","","","","","","","","","","","","","","","","","",""
"40.49484335-79.5701894---2005","https://mapsengine.google.com/06136759344167181854-15960346301379896183-4/wms/?version=1.3.0","40.4948433518","-79.570189398","2005","Westmoreland","final_internal","","3","","3","other","100","","","1","","1","other","100","","","","","","","","","","3","","3","other","100","","","","","","","","","","","","","","",""
"41.71242388-76.32013383---2010","https://mapsengine.google.com/06136759344167181854-06191489742681286724-4/wms/?version=1.3.0","41.7124238808","-76.3201338343","2010","Bradford","sweeper_internal","1","","","1","fracking","100","","6","2","2","10","fracking","60","","2","1","","3","fracking","66","","","","","","","","","1","","","1","fracking","100","","","","","","","",""
"39.80092033-79.96626543---2010","https://mapsengine.google.com/06136759344167181854-06191489742681286724-4/wms/?version=1.3.0","39.8009203337","-79.9662654258","2010","Greene","public","1","9","","10","other","90","","1","9","","10","other","90","","","","","","","","","","","","","","","","","","","","","","","","","","","","",""
"41.78922039-77.13211991---2010","https://mapsengine.google.com/06136759344167181854-06191489742681286724-4/wms/?version=1.3.0","41.7892203913","-77.1321199122","2010","Tioga","sweeper_internal","","1","","1","other","100","","","7","4","11","other","63","","","","","","","","","","","","","","","","","1","","1","other","100","","","","","","","",""
"41.72209124-75.86721297---2008","https://mapsengine.google.com/06136759344167181854-00219351362547715467-4/wms/?version=1.3.0","41.7220912423","-75.8672129699","2008","Susquehanna","final_internal","","3","","3","other","100","","","1","","1","other","100","","","3","","3","other","100","","","3","","3","other","100","","","","","","","","","","","","","","",""
"41.57063437-76.09951338---2010","https://mapsengine.google.com/06136759344167181854-06191489742681286724-4/wms/?version=1.3.0","41.57063437","-76.09951338","2010","Wyoming","first_internal","","3","","3","other","100","","","10","","10","other","100","","","3","","3","other","100","","","","","","","","","","","","","","","","","","","","","",""
"41.74606071-76.83755834---2010","https://mapsengine.google.com/06136759344167181854-06191489742681286724-4/wms/?version=1.3.0","41.74606071","-76.83755834","2010","Bradford","first_internal","","3","","3","other","100","","","13","","13","other","100","","","3","","3","other","100","","","","","","","","","","","","","","","","","","","","","",""
"41.69908634-75.90565589---2010","https://mapsengine.google.com/06136759344167181854-06191489742681286724-4/wms/?version=1.3.0","41.69908634","-75.90565589","2010","Susquehanna","first_internal","","3","","3","other","100","","1","12","","13","other","92","","","3","","3","other","100","","","","","","","","","","","","","","","","","","","","","",""
"41.64233139-76.37027131---2010","https://mapsengine.google.com/06136759344167181854-06191489742681286724-4/wms/?version=1.3.0","41.64233139","-76.37027131","2010","Bradford","first_internal","","3","","3","other","100","","","9","1","10","other","90","","","3","","3","other","100","","","","","","","","","","","","","","","","","","","","","",""
"41.85310919-76.94203509---2005","https://mapsengine.google.com/06136759344167181854-15960346301379896183-4/wms/?version=1.3.0","41.8531091871","-76.9420350944","2005","Tioga","final_internal","","3","","3","other","100","","","1","","1","other","100","","","","","","","","","","3","","3","other","100","","","","","","","","","","","","","","",""
"41.79257576-76.02734293---2010","https://mapsengine.google.com/06136759344167181854-06191489742681286724-4/wms/?version=1.3.0","41.79257576","-76.02734293","2010","Susquehanna","first_internal","","3","","3","other","100","","","11","","11","other","100","","","3","","3","other","100","","","","","","","","","","","","","","","","","","","","","",""
"40.72719272-79.61772135---2005","https://mapsengine.google.com/06136759344167181854-15960346301379896183-4/wms/?version=1.3.0","40.7271927212","-79.6177213479","2005","Armstrong","final_internal","","3","","3","other","100","","","1","","1","other","100","","","","","","","","","","3","","3","other","100","","","","","","","","","","","","","","",""
"41.75208628-76.73524669---2005","https://mapsengine.google.com/06136759344167181854-15960346301379896183-4/wms/?version=1.3.0","41.7520862847","-76.7352466942","2005","Bradford","final_internal","","3","","3","other","100","","1","","","1","fracking","100","","","3","","3","other","100","","","3","","3","other","100","","","","","","","","","","","","","","",""
"41.66718456-76.3629406---2010","https://mapsengine.google.com/06136759344167181854-06191489742681286724-4/wms/?version=1.3.0","41.66718456","-76.3629406","2010","Bradford","first_internal","","3","","3","other","100","","","10","","10","other","100","","","3","","3","other","100","","","","","","","","","","","","","","","","","","","","","",""
"41.93471409-77.04544905---2008","https://mapsengine.google.com/06136759344167181854-00219351362547715467-4/wms/?version=1.3.0","41.934714088","-77.0454490477","2008","Tioga","final_internal","","3","","3","other","100","","","1","","1","other","100","","","","","","","","","","3","","3","other","100","","","","","","","","","","","","","","",""
"40.68266607-79.3825431---2010","https://mapsengine.google.com/06136759344167181854-06191489742681286724-4/wms/?version=1.3.0","40.682666066","-79.3825431004","2010","Armstrong","public","","10","","10","other","100","","","10","","10","other","100","","","","","","","","","","","","","","","","","","","","","","","","","","","","",""
"41.67871792-76.06525096---2010","https://mapsengine.google.com/06136759344167181854-06191489742681286724-4/wms/?version=1.3.0","41.67871792","-76.06525096","2010","Susquehanna","first_internal","","3","","3","other","100","","","11","","11","other","100","","","3","","3","other","100","","","","","","","","","","","","","","","","","","","","","",""
"39.91181019-79.93461424---2005","https://mapsengine.google.com/06136759344167181854-15960346301379896183-4/wms/?version=1.3.0","39.9118101864","-79.9346142386","2005","Greene","final_internal","","3","","3","other","100","","","1","","1","other","100","","","","","","","","","","3","","3","other","100","","","","","","","","","","","","","","",""
"41.775206-76.22490168---2008","https://mapsengine.google.com/06136759344167181854-00219351362547715467-4/wms/?version=1.3.0","41.7752060038","-76.224901684","2008","Bradford","final_internal","","3","","3","other","100","","","1","","1","other","100","","","3","","3","other","100","","","3","","3","other","100","","","","","","","","","","","","","","",""
"41.71742107-75.88443621---2008","https://mapsengine.google.com/06136759344167181854-00219351362547715467-4/wms/?version=1.3.0","41.7174210715","-75.8844362088","2008","Susquehanna","final_internal","","3","","3","other","100","","","1","","1","other","100","","","3","","3","other","100","","","3","","3","other","100","","","","","","","","","","","","","","",""
"41.62113724-76.44671066---2010","https://mapsengine.google.com/06136759344167181854-06191489742681286724-4/wms/?version=1.3.0","41.62113724","-76.44671066","2010","Bradford","first_internal","","3","","3","other","100","","","10","1","11","other","90","","","3","","3","other","100","","","","","","","","","","","","","","","","","","","","","",""
"40.49421776-79.56996793---2008","https://mapsengine.google.com/06136759344167181854-00219351362547715467-4/wms/?version=1.3.0","40.4942177579","-79.5699679252","2008","Westmoreland","final_internal","","3","","3","other","100","","","1","","1","other","100","","","","","","","","","","3","","3","other","100","","","","","","","","","","","","","","",""
"41.67856803-76.07357719---2008","https://mapsengine.google.com/06136759344167181854-00219351362547715467-4/wms/?version=1.3.0","41.6785680335","-76.0735771941","2008","Susquehanna","final_internal","","3","","3","other","100","","","1","","1","other","100","","","3","","3","other","100","","","3","","3","other","100","","","","","","","","","","","","","","",""
"41.76717489-76.54351288---2010","https://mapsengine.google.com/06136759344167181854-06191489742681286724-4/wms/?version=1.3.0","41.7671748922","-76.5435128772","2010","Bradford","sweeper_internal","","1","","1","other","100","","3","6","1","10","other","60","","","2","1","3","other","66","","","","","","","","","","1","","1","other","100","","","","","","","",""
"41.76729441-76.71253233---2010","https://mapsengine.google.com/06136759344167181854-06191489742681286724-4/wms/?version=1.3.0","41.76729441","-76.71253233","2010","Bradford","first_internal","","3","","3","other","100","","2","8","","10","other","80","","","3","","3","other","100","","","","","","","","","","","","","","","","","","","","","",""
"41.47396546-77.25206046---2010","https://mapsengine.google.com/06136759344167181854-06191489742681286724-4/wms/?version=1.3.0","41.4739654628","-77.2520604551","2010","Lycoming","public","","10","","10","other","100","","","10","","10","other","100","","","","","","","","","","","","","","","","","","","","","","","","","","","","",""
"41.66899448-77.61391637---2010","https://mapsengine.google.com/06136759344167181854-06191489742681286724-4/wms/?version=1.3.0","41.6689944757","-77.6139163693","2010","Potter","public","11","1","","12","fracking","91","","11","1","","12","fracking","91","","","","","","","","","","","","","","","","","","","","","","","","","","","","",""
"39.81990786-79.97659397---2008","https://mapsengine.google.com/06136759344167181854-00219351362547715467-4/wms/?version=1.3.0","39.8199078606","-79.9765939729","2008","Greene","first_internal","","3","","3","other","100","","1","8","1","10","other","80","","","3","","3","other","100","","","","","","","","","","","","","","","","","","","","","",""
"40.35984399-79.34034677---2008","https://mapsengine.google.com/06136759344167181854-00219351362547715467-4/wms/?version=1.3.0","40.3598439924","-79.3403467688","2008","Westmoreland","first_internal","2","","1","3","fracking","66","","1","","","1","fracking","100","","2","","1","3","fracking","66","","","","","","","","","","","","","","","","","","","","","",""
"39.88467771-79.98832786---2010","https://mapsengine.google.com/06136759344167181854-06191489742681286724-4/wms/?version=1.3.0","39.8846777087","-79.9883278588","2010","Greene","sweeper_internal","","1","","1","other","100","","2","7","1","10","other","70","","","","","","","","","","","","","","","","","1","","1","other","100","","","","","","","",""
"39.82923414-80.04174966---2008","https://mapsengine.google.com/06136759344167181854-00219351362547715467-4/wms/?version=1.3.0","39.8292341391","-80.041749662","2008","Greene","first_internal","","3","","3","other","100","","","9","1","10","other","90","","","3","","3","other","100","","","","","","","","","","","","","","","","","","","","","",""
"39.94165208-79.97433199---2010","https://mapsengine.google.com/06136759344167181854-06191489742681286724-4/wms/?version=1.3.0","39.9416520839","-79.9743319912","2010","Greene","sweeper_internal","","1","","1","other","100","","3","6","1","10","other","60","","","","","","","","","","","","","","","","","1","","1","other","100","","","","","","","",""
"41.67473081-77.33950967---2005","https://mapsengine.google.com/06136759344167181854-15960346301379896183-4/wms/?version=1.3.0","41.6747308115","-77.3395096666","2005","Tioga","missing_internal","","1","","1","other","100","","","","","","fracking|unknown|other","","","","","","","","","","","","","","","","","","","","","","","","","1","","1","other","100",""
"40.28349267-80.31548399---2010","https://mapsengine.google.com/06136759344167181854-06191489742681286724-4/wms/?version=1.3.0","40.2834926712","-80.3154839857","2010","Washington","public","","10","","10","other","100","","","10","","10","other","100","","","","","","","","","","","","","","","","","","","","","","","","","","","","",""
"41.55729298-77.07541814---2008","https://mapsengine.google.com/06136759344167181854-00219351362547715467-4/wms/?version=1.3.0","41.5572929834","-77.0754181399","2008","Tioga","final_internal","","3","","3","other","100","","","1","","1","other","100","","","","","","","","","","3","","3","other","100","","","","","","","","","","","","","","",""
"40.17102896-79.76230263---2010","https://mapsengine.google.com/06136759344167181854-06191489742681286724-4/wms/?version=1.3.0","40.1710289565","-79.7623026303","2010","Westmoreland","public","","12","","12","other","100","","","12","","12","other","100","","","","","","","","","","","","","","","","","","","","","","","","","","","","",""
"41.63429058-76.41961605---2010","https://mapsengine.google.com/06136759344167181854-06191489742681286724-4/wms/?version=1.3.0","41.63429058","-76.41961605","2010","Bradford","first_internal","","3","","3","other","100","","","13","","13","other","100","","","3","","3","other","100","","","","","","","","","","","","","","","","","","","","","",""
"39.88437852-79.99967194---2008","https://mapsengine.google.com/06136759344167181854-00219351362547715467-4/wms/?version=1.3.0","39.8843785207","-79.9996719405","2008","Greene","first_internal","","3","","3","other","100","","","9","1","10","other","90","","","3","","3","other","100","","","","","","","","","","","","","","","","","","","","","",""
"39.80213876-79.97038292---2010","https://mapsengine.google.com/06136759344167181854-06191489742681286724-4/wms/?version=1.3.0","39.8021387577","-79.9703829246","2010","Greene","public","","10","","10","other","100","","","10","","10","other","100","","","","","","","","","","","","","","","","","","","","","","","","","","","","",""
"41.73254744-76.01029508---2005","https://mapsengine.google.com/06136759344167181854-15960346301379896183-4/wms/?version=1.3.0","41.7325474401","-76.0102950819","2005","Susquehanna","final_internal","1","3","","4","other","75","","","1","","1","other","100","","","3","","3","other","100","","1","3","","4","other","75","","","","","","","","","","","","","","",""
"40.24221105-80.2840382---2005","https://mapsengine.google.com/06136759344167181854-15960346301379896183-4/wms/?version=1.3.0","40.242211053","-80.2840381998","2005","Washington","final_internal","","3","","3","other","100","","","","1","1","unknown","100","","","","","","","","","","3","","3","other","100","","","","","","","","","","","","","","",""
"41.6969855-76.44267387---2010","https://mapsengine.google.com/06136759344167181854-06191489742681286724-4/wms/?version=1.3.0","41.6969855","-76.44267387","2010","Bradford","first_internal","","3","","3","other","100","","","13","","13","other","100","","","3","","3","other","100","","","","","","","","","","","","","","","","","","","","","",""
"40.24381917-80.33100873---2005","https://mapsengine.google.com/06136759344167181854-15960346301379896183-4/wms/?version=1.3.0","40.243819168","-80.3310087329","2005","Washington","final_internal","","3","","3","other","100","","","1","","1","other","100","","","","","","","","","","3","","3","other","100","","","","","","","","","","","","","","",""
"41.7565957-76.26603378---2010","https://mapsengine.google.com/06136759344167181854-06191489742681286724-4/wms/?version=1.3.0","41.7565957","-76.26603378","2010","Bradford","first_internal","","3","","3","other","100","","","14","","14","other","100","","","3","","3","other","100","","","","","","","","","","","","","","","","","","","","","",""
"41.78167775-77.34011847---2010","https://mapsengine.google.com/06136759344167181854-06191489742681286724-4/wms/?version=1.3.0","41.7816777498","-77.3401184678","2010","Tioga","public","1","8","1","10","other","80","","1","8","1","10","other","80","","","","","","","","","","","","","","","","","","","","","","","","","","","","",""
"41.68773905-76.30392857---2010","https://mapsengine.google.com/06136759344167181854-06191489742681286724-4/wms/?version=1.3.0","41.68773905","-76.30392857","2010","Bradford","first_internal","","3","","3","other","100","","","8","2","10","other","80","","","3","","3","other","100","","","","","","","","","","","","","","","","","","","","","",""
"39.77148285-79.50034471---2008","https://mapsengine.google.com/06136759344167181854-00219351362547715467-4/wms/?version=1.3.0","39.7714828531","-79.5003447124","2008","Fayette","sweeper_internal","","1","","1","other","100","","2","7","1","10","other","70","","","3","","3","other","100","","","","","","","","","","1","","1","other","100","","","","","","","",""
"41.77018482-76.81290472---2005","https://mapsengine.google.com/06136759344167181854-15960346301379896183-4/wms/?version=1.3.0","41.7701848163","-76.8129047218","2005","Bradford","final_internal","","3","","3","other","100","","","1","","1","other","100","","","3","","3","other","100","","","3","","3","other","100","","","","","","","","","","","","","","",""
"41.79033044-76.03343019---2005","https://mapsengine.google.com/06136759344167181854-15960346301379896183-4/wms/?version=1.3.0","41.7903304418","-76.0334301917","2005","Susquehanna","final_internal","","3","","3","other","100","","","1","","1","other","100","","","3","","3","other","100","","","3","","3","other","100","","","","","","","","","","","","","","",""
"41.69416815-75.85946282---2005","https://mapsengine.google.com/06136759344167181854-15960346301379896183-4/wms/?version=1.3.0","41.6941681477","-75.859462816","2005","Susquehanna","final_internal","","3","","3","other","100","","1","","","1","fracking","100","","","3","","3","other","100","","","3","","3","other","100","","","","","","","","","","","","","","",""
"41.68333482-76.65607152---2010","https://mapsengine.google.com/06136759344167181854-06191489742681286724-4/wms/?version=1.3.0","41.6833348222","-76.6560715217","2010","Bradford","sweeper_internal","","1","","1","other","100","","5","2","3","10","fracking","50","","","2","1","3","other","66","","","","","","","","","","1","","1","other","100","","","","","","","",""
"39.96038875-80.09540743---2010","https://mapsengine.google.com/06136759344167181854-06191489742681286724-4/wms/?version=1.3.0","39.9603887462","-80.0954074268","2010","Greene","public","10","","","10","fracking","100","","10","","","10","fracking","100","","","","","","","","","","","","","","","","","","","","","","","","","","","","",""
"41.77539336-76.86837071---2008","https://mapsengine.google.com/06136759344167181854-00219351362547715467-4/wms/?version=1.3.0","41.775393357","-76.8683707104","2008","Bradford","final_internal","","3","","3","other","100","","","1","","1","other","100","","","3","","3","other","100","","","3","","3","other","100","","","","","","","","","","","","","","",""
"41.73806558-77.16800902---2008","https://mapsengine.google.com/06136759344167181854-00219351362547715467-4/wms/?version=1.3.0","41.7380655844","-77.1680090202","2008","Tioga","final_internal","","3","","3","other","100","","","1","","1","other","100","","","","","","","","","","3","","3","other","100","","","","","","","","","","","","","","",""
"41.8655839-76.60487901---2008","https://mapsengine.google.com/06136759344167181854-00219351362547715467-4/wms/?version=1.3.0","41.8655838996","-76.6048790062","2008","Bradford","final_internal","","3","","3","other","100","","","1","","1","other","100","","","3","","3","other","100","","","3","","3","other","100","","","","","","","","","","","","","","",""
"40.53138642-79.19961165---2005","https://mapsengine.google.com/06136759344167181854-15960346301379896183-4/wms/?version=1.3.0","40.5313864202","-79.1996116519","2005","Indiana","final_internal","","3","","3","other","100","","","1","","1","other","100","","","","","","","","","","3","","3","other","100","","","","","","","","","","","","","","",""
"41.86271448-76.01697105---2010","https://mapsengine.google.com/06136759344167181854-06191489742681286724-4/wms/?version=1.3.0","41.86271448","-76.01697105","2010","Susquehanna","first_internal","","3","","3","other","100","","","8","2","10","other","80","","","3","","3","other","100","","","","","","","","","","","","","","","","","","","","","",""
"41.27835951-76.64325147---2010","https://mapsengine.google.com/06136759344167181854-06191489742681286724-4/wms/?version=1.3.0","41.2783595121","-76.6432514664","2010","Lycoming","public","","10","","10","other","100","","","10","","10","other","100","","","","","","","","","","","","","","","","","","","","","","","","","","","","",""
"41.79489513-77.02089834---2008","https://mapsengine.google.com/06136759344167181854-00219351362547715467-4/wms/?version=1.3.0","41.7948951287","-77.0208983394","2008","Tioga","final_internal","","3","","3","other","100","","","1","","1","other","100","","","","","","","","","","3","","3","other","100","","","","","","","","","","","","","","",""
"39.72968075-79.79921903---2005","https://mapsengine.google.com/06136759344167181854-15960346301379896183-4/wms/?version=1.3.0","39.7296807532","-79.7992190306","2005","Fayette","final_internal","","3","","3","other","100","","","","1","1","unknown","100","","","","","","","","","","3","","3","other","100","","","","","","","","","","","","","","",""
"41.87192869-76.05863049---2008","https://mapsengine.google.com/06136759344167181854-00219351362547715467-4/wms/?version=1.3.0","41.8719286901","-76.0586304886","2008","Susquehanna","final_internal","","3","","3","other","100","","","1","","1","other","100","","","3","","3","other","100","","","3","","3","other","100","","","","","","","","","","","","","","",""
"41.73734686-77.14679922---2005","https://mapsengine.google.com/06136759344167181854-15960346301379896183-4/wms/?version=1.3.0","41.7373468607","-77.1467992165","2005","Tioga","missing_internal","","1","","1","other","100","","","","","","fracking|unknown|other","","","","","","","","","","","","","","","","","","","","","","","","","1","","1","other","100",""
"41.42214655-76.90423497---2005","https://mapsengine.google.com/06136759344167181854-15960346301379896183-4/wms/?version=1.3.0","41.4221465499","-76.9042349746","2005","Lycoming","final_internal","","3","","3","other","100","","","1","","1","other","100","","","","","","","","","","3","","3","other","100","","","","","","","","","","","","","","",""
"41.71447915-76.36604838---2010","https://mapsengine.google.com/06136759344167181854-06191489742681286724-4/wms/?version=1.3.0","41.7144791508","-76.3660483816","2010","Bradford","sweeper_internal","","1","","1","other","100","","2","6","3","11","other","54","","1","","2","3","unknown","66","","","","","","","","","","1","","1","other","100","","","","","","","",""
"41.24762367-76.49359133---2010","https://mapsengine.google.com/06136759344167181854-06191489742681286724-4/wms/?version=1.3.0","41.2476236663","-76.4935913272","2010","Lycoming","public","","11","","11","other","100","","","11","","11","other","100","","","","","","","","","","","","","","","","","","","","","","","","","","","","",""
"41.69679027-76.75377111---2010","https://mapsengine.google.com/06136759344167181854-06191489742681286724-4/wms/?version=1.3.0","41.6967902706","-76.7537711141","2010","Bradford","sweeper_internal","","1","","1","other","100","","4","6","","10","other","60","","","3","","3","other","100","","","","","","","","","","1","","1","other","100","","","","","","","",""
"41.64095391-77.40699496---2008","https://mapsengine.google.com/06136759344167181854-00219351362547715467-4/wms/?version=1.3.0","41.6409539098","-77.4069949563","2008","Tioga","final_internal","","3","","3","other","100","","","1","","1","other","100","","","","","","","","","","3","","3","other","100","","","","","","","","","","","","","","",""
"39.87094429-80.04855678---2008","https://mapsengine.google.com/06136759344167181854-00219351362547715467-4/wms/?version=1.3.0","39.8709442872","-80.0485567756","2008","Greene","sweeper_internal","","1","","1","other","100","","4","1","5","10","unknown","50","","1","1","1","3","fracking|unknown|other","","33|33|33","","","","","","","","","1","","1","other","100","","","","","","","",""
"40.8818562-79.51648811---2005","https://mapsengine.google.com/06136759344167181854-15960346301379896183-4/wms/?version=1.3.0","40.8818562045","-79.5164881118","2005","Armstrong","final_internal","","3","","3","other","100","","","1","","1","other","100","","","","","","","","","","3","","3","other","100","","","","","","","","","","","","","","",""
"41.85098531-77.29460724---2010","https://mapsengine.google.com/06136759344167181854-06191489742681286724-4/wms/?version=1.3.0","41.850985311","-77.2946072363","2010","Tioga","sweeper_internal","","1","","1","other","100","","","6","6","12","unknown|other","","50|50","","","","","","","","","","","","","","","","1","","1","other","100","","","","","","","",""
"41.71612487-76.19433625---2010","https://mapsengine.google.com/06136759344167181854-06191489742681286724-4/wms/?version=1.3.0","41.7161248681","-76.1943362524","2010","Bradford","sweeper_internal","1","","","1","fracking","100","","7","3","","10","fracking","70","","2","1","","3","fracking","66","","","","","","","","","1","","","1","fracking","100","","","","","","","",""
"41.68381755-76.33634694---2010","https://mapsengine.google.com/06136759344167181854-06191489742681286724-4/wms/?version=1.3.0","41.683817554","-76.3363469369","2010","Bradford","sweeper_internal","","1","","1","other","100","","6","1","3","10","fracking","60","","","3","","3","other","100","","","","","","","","","","1","","1","other","100","","","","","","","",""
"41.90600032-76.86468534---2010","https://mapsengine.google.com/06136759344167181854-06191489742681286724-4/wms/?version=1.3.0","41.90600032","-76.86468534","2010","Bradford","first_internal","","3","","3","other","100","","1","9","","10","other","90","","","3","","3","other","100","","","","","","","","","","","","","","","","","","","","","",""
"41.11911809-78.05807589---2010","https://mapsengine.google.com/06136759344167181854-06191489742681286724-4/wms/?version=1.3.0","41.1191180893","-78.058075885","2010","Centre","public","","9","1","10","other","90","","","9","1","10","other","90","","","","","","","","","","","","","","","","","","","","","","","","","","","","",""
"40.29602019-79.63615339---2010","https://mapsengine.google.com/06136759344167181854-06191489742681286724-4/wms/?version=1.3.0","40.2960201949","-79.6361533867","2010","Westmoreland","public","","11","2","13","other","84","","","11","2","13","other","84","","","","","","","","","","","","","","","","","","","","","","","","","","","","",""
"39.84973836-79.98363946---2010","https://mapsengine.google.com/06136759344167181854-06191489742681286724-4/wms/?version=1.3.0","39.849738361","-79.9836394637","2010","Greene","public","1","9","","10","other","90","","1","9","","10","other","90","","","","","","","","","","","","","","","","","","","","","","","","","","","","",""
"39.79640842-79.19156219---2008","https://mapsengine.google.com/06136759344167181854-00219351362547715467-4/wms/?version=1.3.0","39.7964084209","-79.1915621854","2008","Somerset","first_internal","","3","","3","other","100","","","1","","1","other","100","","","3","","3","other","100","","","","","","","","","","","","","","","","","","","","","",""
"41.69145447-75.91298667---2010","https://mapsengine.google.com/06136759344167181854-06191489742681286724-4/wms/?version=1.3.0","41.69145447","-75.91298667","2010","Susquehanna","first_internal","","3","","3","other","100","","","10","","10","other","100","","","3","","3","other","100","","","","","","","","","","","","","","","","","","","","","",""
"41.87416684-77.66422048---2010","https://mapsengine.google.com/06136759344167181854-06191489742681286724-4/wms/?version=1.3.0","41.8741668426","-77.664220476","2010","Potter","sweeper_internal","","1","","1","other","100","","2","7","2","11","other","63","","","","","","","","","","","","","","","","","1","","1","other","100","","","","","","","",""
"41.7358236-76.09820862---2010","https://mapsengine.google.com/06136759344167181854-06191489742681286724-4/wms/?version=1.3.0","41.7358236","-76.09820862","2010","Susquehanna","first_internal","","3","","3","other","100","","1","12","","13","other","92","","","3","","3","other","100","","","","","","","","","","","","","","","","","","","","","",""
"40.51241466-79.19239984---2005","https://mapsengine.google.com/06136759344167181854-15960346301379896183-4/wms/?version=1.3.0","40.512414664","-79.1923998444","2005","Indiana","final_internal","","3","","3","other","100","","","1","","1","other","100","","","","","","","","","","3","","3","other","100","","","","","","","","","","","","","","",""
"40.02148795-79.68187701---2010","https://mapsengine.google.com/06136759344167181854-06191489742681286724-4/wms/?version=1.3.0","40.0214879479","-79.6818770088","2010","Fayette","public","","10","","10","other","100","","","10","","10","other","100","","","","","","","","","","","","","","","","","","","","","","","","","","","","",""
"39.73593612-80.01616527---2008","https://mapsengine.google.com/06136759344167181854-00219351362547715467-4/wms/?version=1.3.0","39.7359361161","-80.0161652683","2008","Greene","first_internal","","3","","3","other","100","","","10","","10","other","100","","","3","","3","other","100","","","","","","","","","","","","","","","","","","","","","",""
"41.68647715-78.62340222---2010","https://mapsengine.google.com/06136759344167181854-06191489742681286724-4/wms/?version=1.3.0","41.6864771465","-78.6234022214","2010","McKean","public","10","","","10","fracking","100","","10","","","10","fracking","100","","","","","","","","","","","","","","","","","","","","","","","","","","","","",""
"41.70570976-76.07838303---2010","https://mapsengine.google.com/06136759344167181854-06191489742681286724-4/wms/?version=1.3.0","41.70570976","-76.07838303","2010","Susquehanna","first_internal","","3","","3","other","100","","","8","2","10","other","80","","","3","","3","other","100","","","","","","","","","","","","","","","","","","","","","",""
"39.88794138-80.04292747---2010","https://mapsengine.google.com/06136759344167181854-06191489742681286724-4/wms/?version=1.3.0","39.8879413807","-80.0429274699","2010","Greene","public","","10","","10","other","100","","","10","","10","other","100","","","","","","","","","","","","","","","","","","","","","","","","","","","","",""
"41.53017101-76.532533---2010","https://mapsengine.google.com/06136759344167181854-06191489742681286724-4/wms/?version=1.3.0","41.53017101","-76.532533","2010","Sullivan","first_internal","","3","","3","other","100","","","10","","10","other","100","","","3","","3","other","100","","","","","","","","","","","","","","","","","","","","","",""
"41.67441194-76.07453924---2005","https://mapsengine.google.com/06136759344167181854-15960346301379896183-4/wms/?version=1.3.0","41.6744119407","-76.0745392399","2005","Susquehanna","final_internal","","3","","3","other","100","","","1","","1","other","100","","","3","","3","other","100","","","3","","3","other","100","","","","","","","","","","","","","","",""
"41.69786851-75.83391392---2010","https://mapsengine.google.com/06136759344167181854-06191489742681286724-4/wms/?version=1.3.0","41.69786851","-75.83391392","2010","Susquehanna","first_internal","","3","","3","other","100","","","9","1","10","other","90","","","3","","3","other","100","","","","","","","","","","","","","","","","","","","","","",""
"41.6296243-76.42260765---2010","https://mapsengine.google.com/06136759344167181854-06191489742681286724-4/wms/?version=1.3.0","41.6296243","-76.42260765","2010","Bradford","first_internal","","3","","3","other","100","","","10","","10","other","100","","","3","","3","other","100","","","","","","","","","","","","","","","","","","","","","",""
"41.74662609-77.20244254---2010","https://mapsengine.google.com/06136759344167181854-06191489742681286724-4/wms/?version=1.3.0","41.7466260867","-77.2024425351","2010","Tioga","sweeper_internal","1","","","1","fracking","100","","6","3","2","11","fracking","54","","","","","","","","","","","","","","","","1","","","1","fracking","100","","","","","","","",""
"41.76523118-76.47936568---2005","https://mapsengine.google.com/06136759344167181854-15960346301379896183-4/wms/?version=1.3.0","41.7652311827","-76.4793656839","2005","Bradford","final_internal","","3","","3","other","100","","","1","","1","other","100","","","3","","3","other","100","","","3","","3","other","100","","","","","","","","","","","","","","",""
"41.72983554-76.80032152---2005","https://mapsengine.google.com/06136759344167181854-15960346301379896183-4/wms/?version=1.3.0","41.7298355375","-76.8003215242","2005","Bradford","final_internal","","3","","3","other","100","","","1","","1","other","100","","","3","","3","other","100","","","3","","3","other","100","","","","","","","","","","","","","","",""
"41.27963282-76.33361757---2010","https://mapsengine.google.com/06136759344167181854-06191489742681286724-4/wms/?version=1.3.0","41.27963282","-76.33361757","2010","Columbia","first_internal","","3","","3","other","100","","","10","","10","other","100","","","3","","3","other","100","","","","","","","","","","","","","","","","","","","","","",""
"41.72093999-76.04985456---2005","https://mapsengine.google.com/06136759344167181854-15960346301379896183-4/wms/?version=1.3.0","41.7209399914","-76.0498545638","2005","Susquehanna","final_internal","","4","","4","other","100","","","1","","1","other","100","","","3","","3","other","100","","","4","","4","other","100","","","","","","","","","","","","","","",""
"41.75498885-77.03738529---2008","https://mapsengine.google.com/06136759344167181854-00219351362547715467-4/wms/?version=1.3.0","41.7549888548","-77.0373852891","2008","Tioga","final_internal","","3","","3","other","100","","","1","","1","other","100","","","","","","","","","","3","","3","other","100","","","","","","","","","","","","","","",""
"41.67948402-76.07031796---2010","https://mapsengine.google.com/06136759344167181854-06191489742681286724-4/wms/?version=1.3.0","41.67948402","-76.07031796","2010","Susquehanna","first_internal","","3","","3","other","100","","","9","2","11","other","81","","","3","","3","other","100","","","","","","","","","","","","","","","","","","","","","",""
"41.64602218-76.34448603---2005","https://mapsengine.google.com/06136759344167181854-15960346301379896183-4/wms/?version=1.3.0","41.6460221838","-76.3444860343","2005","Bradford","final_internal","","3","","3","other","100","","","1","","1","other","100","","","3","","3","other","100","","","3","","3","other","100","","","","","","","","","","","","","","",""
"40.00516981-79.80340541---2010","https://mapsengine.google.com/06136759344167181854-06191489742681286724-4/wms/?version=1.3.0","40.005169813","-79.8034054069","2010","Fayette","public","","8","2","10","other","80","","","8","2","10","other","80","","","","","","","","","","","","","","","","","","","","","","","","","","","","",""
"41.74242614-77.04300699---2010","https://mapsengine.google.com/06136759344167181854-06191489742681286724-4/wms/?version=1.3.0","41.742426141","-77.0430069904","2010","Tioga","public","","10","","10","other","100","","","10","","10","other","100","","","","","","","","","","","","","","","","","","","","","","","","","","","","",""
"41.73078335-77.36808842---2010","https://mapsengine.google.com/06136759344167181854-06191489742681286724-4/wms/?version=1.3.0","41.7307833534","-77.3680884181","2010","Tioga","public","","10","","10","other","100","","","10","","10","other","100","","","","","","","","","","","","","","","","","","","","","","","","","","","","",""
"41.77357478-75.96937609---2005","https://mapsengine.google.com/06136759344167181854-15960346301379896183-4/wms/?version=1.3.0","41.7735747807","-75.9693760923","2005","Susquehanna","final_internal","","3","","3","other","100","","","1","","1","other","100","","","3","","3","other","100","","","3","","3","other","100","","","","","","","","","","","","","","",""
"41.80844873-75.82675236---2010","https://mapsengine.google.com/06136759344167181854-06191489742681286724-4/wms/?version=1.3.0","41.80844873","-75.82675236","2010","Susquehanna","first_internal","","3","","3","other","100","","","10","","10","other","100","","","3","","3","other","100","","","","","","","","","","","","","","","","","","","","","",""
"40.85987313-79.49254876---2010","https://mapsengine.google.com/06136759344167181854-06191489742681286724-4/wms/?version=1.3.0","40.8598731283","-79.4925487593","2010","Armstrong","public","1","9","1","11","other","81","","1","9","1","11","other","81","","","","","","","","","","","","","","","","","","","","","","","","","","","","",""
"39.95128258-80.08873524---2010","https://mapsengine.google.com/06136759344167181854-06191489742681286724-4/wms/?version=1.3.0","39.9512825787","-80.0887352419","2010","Greene","public","1","9","","10","other","90","","1","9","","10","other","90","","","","","","","","","","","","","","","","","","","","","","","","","","","","",""
"41.7400246-77.22218107---2010","https://mapsengine.google.com/06136759344167181854-06191489742681286724-4/wms/?version=1.3.0","41.7400246018","-77.2221810676","2010","Tioga","public","","11","1","12","other","91","","","11","1","12","other","91","","","","","","","","","","","","","","","","","","","","","","","","","","","","",""
"41.72456267-76.80569066---2008","https://mapsengine.google.com/06136759344167181854-00219351362547715467-4/wms/?version=1.3.0","41.7245626712","-76.8056906571","2008","Bradford","final_internal","1","2","","3","other","66","","","1","","1","other","100","","","3","","3","other","100","","1","2","","3","other","66","","","","","","","","","","","","","","",""
"39.83624834-79.87553935---2010","https://mapsengine.google.com/06136759344167181854-06191489742681286724-4/wms/?version=1.3.0","39.8362483436","-79.8755393505","2010","Fayette","sweeper_internal","","1","","1","other","100","","3","5","2","10","other","50","","","","","","","","","","","","","","","","","1","","1","other","100","","","","","","","",""
"41.70187704-77.3091962---2010","https://mapsengine.google.com/06136759344167181854-06191489742681286724-4/wms/?version=1.3.0","41.7018770446","-77.3091961951","2010","Tioga","public","","11","","11","other","100","","","11","","11","other","100","","","","","","","","","","","","","","","","","","","","","","","","","","","","",""
"41.68613615-76.34726502---2010","https://mapsengine.google.com/06136759344167181854-06191489742681286724-4/wms/?version=1.3.0","41.68613615","-76.34726502","2010","Bradford","first_internal","","3","","3","other","100","","","10","","10","other","100","","","3","","3","other","100","","","","","","","","","","","","","","","","","","","","","",""
"41.7483618-76.83724109---2010","https://mapsengine.google.com/06136759344167181854-06191489742681286724-4/wms/?version=1.3.0","41.7483618","-76.83724109","2010","Bradford","first_internal","","3","","3","other","100","","","15","1","16","other","93","","","3","","3","other","100","","","","","","","","","","","","","","","","","","","","","",""
"41.70579108-76.07849432---2008","https://mapsengine.google.com/06136759344167181854-00219351362547715467-4/wms/?version=1.3.0","41.7057910847","-76.0784943173","2008","Susquehanna","final_internal","","3","","3","other","100","","","1","","1","other","100","","","3","","3","other","100","","","3","","3","other","100","","","","","","","","","","","","","","",""
"41.68939008-76.34334061---2005","https://mapsengine.google.com/06136759344167181854-15960346301379896183-4/wms/?version=1.3.0","41.6893900832","-76.3433406137","2005","Bradford","final_internal","","3","","3","other","100","","","1","","1","other","100","","","3","","3","other","100","","","3","","3","other","100","","","","","","","","","","","","","","",""
"39.90348018-80.30205515---2010","https://mapsengine.google.com/06136759344167181854-06191489742681286724-4/wms/?version=1.3.0","39.9034801794","-80.3020551478","2010","Greene","sweeper_internal","","1","","1","other","100","","2","7","1","10","other","70","","","","","","","","","","","","","","","","","1","","1","other","100","","","","","","","",""
"39.88375583-80.04475872---2010","https://mapsengine.google.com/06136759344167181854-06191489742681286724-4/wms/?version=1.3.0","39.883755827","-80.0447587239","2010","Greene","sweeper_internal","1","","","1","fracking","100","","2","2","6","10","unknown","60","","","","","","","","","","","","","","","","1","","","1","fracking","100","","","","","","","",""
"41.76629185-76.49238209---2010","https://mapsengine.google.com/06136759344167181854-06191489742681286724-4/wms/?version=1.3.0","41.7662918521","-76.4923820903","2010","Bradford","sweeper_internal","","1","","1","other","100","","2","9","2","13","other","69","","","3","","3","other","100","","","","","","","","","","1","","1","other","100","","","","","","","",""
"39.93024535-79.8580241---2010","https://mapsengine.google.com/06136759344167181854-06191489742681286724-4/wms/?version=1.3.0","39.9302453529","-79.8580241029","2010","Fayette","public","","9","1","10","other","90","","","9","1","10","other","90","","","","","","","","","","","","","","","","","","","","","","","","","","","","",""
"41.80802311-76.93385347---2010","https://mapsengine.google.com/06136759344167181854-06191489742681286724-4/wms/?version=1.3.0","41.8080231061","-76.9338534739","2010","Tioga","public","9","","1","10","fracking","90","","9","","1","10","fracking","90","","","","","","","","","","","","","","","","","","","","","","","","","","","","",""
"40.09522529-79.81620912---2010","https://mapsengine.google.com/06136759344167181854-06191489742681286724-4/wms/?version=1.3.0","40.0952252885","-79.8162091213","2010","Fayette","public","","10","","10","other","100","","","10","","10","other","100","","","","","","","","","","","","","","","","","","","","","","","","","","","","",""
"39.96462738-79.82411448---2010","https://mapsengine.google.com/06136759344167181854-06191489742681286724-4/wms/?version=1.3.0","39.9646273802","-79.8241144776","2010","Fayette","public","10","","","10","fracking","100","","10","","","10","fracking","100","","","","","","","","","","","","","","","","","","","","","","","","","","","","",""
"41.84495482-77.08370345---2005","https://mapsengine.google.com/06136759344167181854-15960346301379896183-4/wms/?version=1.3.0","41.8449548189","-77.0837034504","2005","Tioga","missing_internal","","1","","1","other","100","","","","","","fracking|unknown|other","","","","","","","","","","","","","","","","","","","","","","","","","1","","1","other","100",""
"41.94869747-76.98243618---2008","https://mapsengine.google.com/06136759344167181854-00219351362547715467-4/wms/?version=1.3.0","41.9486974676","-76.9824361782","2008","Tioga","final_internal","","3","","3","other","100","","1","","","1","fracking","100","","","","","","","","","","3","","3","other","100","","","","","","","","","","","","","","",""
"40.22470513-80.03445096---2010","https://mapsengine.google.com/06136759344167181854-06191489742681286724-4/wms/?version=1.3.0","40.2247051272","-80.0344509559","2010","Washington","public","","10","","10","other","100","","","10","","10","other","100","","","","","","","","","","","","","","","","","","","","","","","","","","","","",""
"41.78693142-78.16511416---2010","https://mapsengine.google.com/06136759344167181854-06191489742681286724-4/wms/?version=1.3.0","41.7869314211","-78.1651141617","2010","Potter","sweeper_internal","","1","","1","other","100","","1","10","2","13","other","76","","","","","","","","","","","","","","","","","1","","1","other","100","","","","","","","",""
"41.72414613-75.90336813---2005","https://mapsengine.google.com/06136759344167181854-15960346301379896183-4/wms/?version=1.3.0","41.7241461316","-75.9033681299","2005","Susquehanna","final_internal","","3","","3","other","100","","","1","","1","other","100","","","3","","3","other","100","","","3","","3","other","100","","","","","","","","","","","","","","",""
"40.7872202-80.02940966---2010","https://mapsengine.google.com/06136759344167181854-06191489742681286724-4/wms/?version=1.3.0","40.7872202026","-80.0294096622","2010","Butler","public","","10","","10","other","100","","","10","","10","other","100","","","","","","","","","","","","","","","","","","","","","","","","","","","","",""
"41.61417731-76.01153898---2010","https://mapsengine.google.com/06136759344167181854-06191489742681286724-4/wms/?version=1.3.0","41.61417731","-76.01153898","2010","Wyoming","first_internal","","3","","3","other","100","","1","9","","10","other","90","","","3","","3","other","100","","","","","","","","","","","","","","","","","","","","","",""
"41.78655873-78.17207694---2005","https://mapsengine.google.com/06136759344167181854-15960346301379896183-4/wms/?version=1.3.0","41.7865587332","-78.1720769352","2005","Potter","final_internal","","3","","3","other","100","","","1","","1","other","100","","","","","","","","","","3","","3","other","100","","","","","","","","","","","","","","",""
"41.93495209-76.94590932---2010","https://mapsengine.google.com/06136759344167181854-06191489742681286724-4/wms/?version=1.3.0","41.9349520888","-76.9459093248","2010","Tioga","public","","10","1","11","other","90","","","10","1","11","other","90","","","","","","","","","","","","","","","","","","","","","","","","","","","","",""
"41.73329278-76.81380811---2010","https://mapsengine.google.com/06136759344167181854-06191489742681286724-4/wms/?version=1.3.0","41.73329278","-76.81380811","2010","Bradford","first_internal","","3","","3","other","100","","","10","","10","other","100","","","3","","3","other","100","","","","","","","","","","","","","","","","","","","","","",""
"41.58019244-77.00338583---2008","https://mapsengine.google.com/06136759344167181854-00219351362547715467-4/wms/?version=1.3.0","41.5801924357","-77.0033858311","2008","Tioga","final_internal","","3","","3","other","100","","","1","","1","other","100","","","","","","","","","","3","","3","other","100","","","","","","","","","","","","","","",""
"40.24636287-80.26986908---2010","https://mapsengine.google.com/06136759344167181854-06191489742681286724-4/wms/?version=1.3.0","40.2463628717","-80.2698690779","2010","Washington","sweeper_internal","1","","","1","fracking","100","","6","3","1","10","fracking","60","","","","","","","","","","","","","","","","1","","","1","fracking","100","","","","","","","",""
"41.66355728-76.10117751---2010","https://mapsengine.google.com/06136759344167181854-06191489742681286724-4/wms/?version=1.3.0","41.66355728","-76.10117751","2010","Susquehanna","first_internal","","2","1","3","other","66","","","10","","10","other","100","","","2","1","3","other","66","","","","","","","","","","","","","","","","","","","","","",""
"41.71271558-77.42283793---2005","https://mapsengine.google.com/06136759344167181854-15960346301379896183-4/wms/?version=1.3.0","41.7127155804","-77.4228379342","2005","Tioga","final_internal","","3","","3","other","100","","","1","","1","other","100","","","","","","","","","","3","","3","other","100","","","","","","","","","","","","","","",""
"41.67752642-76.35066041---2005","https://mapsengine.google.com/06136759344167181854-15960346301379896183-4/wms/?version=1.3.0","41.6775264157","-76.3506604059","2005","Bradford","final_internal","","3","","3","other","100","","","1","","1","other","100","","","3","","3","other","100","","","3","","3","other","100","","","","","","","","","","","","","","",""
"40.1116853-79.79565217---2010","https://mapsengine.google.com/06136759344167181854-06191489742681286724-4/wms/?version=1.3.0","40.1116852987","-79.7956521748","2010","Fayette","public","","10","","10","other","100","","","10","","10","other","100","","","","","","","","","","","","","","","","","","","","","","","","","","","","",""
"39.77726962-80.00859843---2008","https://mapsengine.google.com/06136759344167181854-00219351362547715467-4/wms/?version=1.3.0","39.7772696212","-80.008598427","2008","Greene","sweeper_internal","","1","","1","other","100","","2","7","1","10","other","70","","","4","","4","other","100","","","","","","","","","","1","","1","other","100","","","","","","","",""
"41.74832726-76.74168828---2005","https://mapsengine.google.com/06136759344167181854-15960346301379896183-4/wms/?version=1.3.0","41.7483272558","-76.7416882839","2005","Bradford","final_internal","","3","","3","other","100","","","1","","1","other","100","","","3","","3","other","100","","","3","","3","other","100","","","","","","","","","","","","","","",""
"41.60073393-77.02462625---2005","https://mapsengine.google.com/06136759344167181854-15960346301379896183-4/wms/?version=1.3.0","41.6007339262","-77.0246262488","2005","Tioga","missing_internal","","1","","1","other","100","","","","","","fracking|unknown|other","","","","","","","","","","","","","","","","","","","","","","","","","1","","1","other","100",""
"41.68040514-76.08864928---2005","https://mapsengine.google.com/06136759344167181854-15960346301379896183-4/wms/?version=1.3.0","41.6804051356","-76.0886492796","2005","Susquehanna","final_internal","","3","","3","other","100","","","1","","1","other","100","","","3","","3","other","100","","","3","","3","other","100","","","","","","","","","","","","","","",""
"41.0005385-79.79008577---2010","https://mapsengine.google.com/06136759344167181854-06191489742681286724-4/wms/?version=1.3.0","41.0005385021","-79.7900857679","2010","Butler","public","20","","","20","fracking","100","","20","","","20","fracking","100","","","","","","","","","","","","","","","","","","","","","","","","","","","","",""
"41.74334339-76.02325829---2008","https://mapsengine.google.com/06136759344167181854-00219351362547715467-4/wms/?version=1.3.0","41.7433433948","-76.0232582918","2008","Susquehanna","final_internal","","3","","3","other","100","","","1","","1","other","100","","","3","","3","other","100","","","3","","3","other","100","","","","","","","","","","","","","","",""
"41.90194263-75.95506678---2010","https://mapsengine.google.com/06136759344167181854-06191489742681286724-4/wms/?version=1.3.0","41.90194263","-75.95506678","2010","Susquehanna","first_internal","","3","","3","other","100","","1","12","","13","other","92","","","3","","3","other","100","","","","","","","","","","","","","","","","","","","","","",""
"41.70783881-75.87245905---2010","https://mapsengine.google.com/06136759344167181854-06191489742681286724-4/wms/?version=1.3.0","41.70783881","-75.87245905","2010","Susquehanna","first_internal","","3","","3","other","100","","","11","","11","other","100","","","3","","3","other","100","","","","","","","","","","","","","","","","","","","","","",""
"41.13247122-79.75421356---2005","https://mapsengine.google.com/06136759344167181854-15960346301379896183-4/wms/?version=1.3.0","41.1324712176","-79.7542135622","2005","Butler","final_internal","","3","","3","other","100","","","1","","1","other","100","","","","","","","","","","3","","3","other","100","","","","","","","","","","","","","","",""
"39.82591425-79.98732993---2010","https://mapsengine.google.com/06136759344167181854-06191489742681286724-4/wms/?version=1.3.0","39.8259142506","-79.9873299323","2010","Greene","public","1","9","","10","other","90","","1","9","","10","other","90","","","","","","","","","","","","","","","","","","","","","","","","","","","","",""
"39.76891028-79.99270926---2008","https://mapsengine.google.com/06136759344167181854-00219351362547715467-4/wms/?version=1.3.0","39.7689102816","-79.9927092594","2008","Greene","sweeper_internal","","1","","1","other","100","","2","6","2","10","other","60","","","3","","3","other","100","","","","","","","","","","1","","1","other","100","","","","","","","",""
"41.67966062-76.35494897---2010","https://mapsengine.google.com/06136759344167181854-06191489742681286724-4/wms/?version=1.3.0","41.67966062","-76.35494897","2010","Bradford","first_internal","","3","","3","other","100","","","14","","14","other","100","","","3","","3","other","100","","","","","","","","","","","","","","","","","","","","","",""
"41.76504213-76.24338094---2008","https://mapsengine.google.com/06136759344167181854-00219351362547715467-4/wms/?version=1.3.0","41.7650421263","-76.2433809386","2008","Bradford","final_internal","","4","","4","other","100","","","1","","1","other","100","","","3","","3","other","100","","","4","","4","other","100","","","","","","","","","","","","","","",""
"40.75444839-79.79512924---2005","https://mapsengine.google.com/06136759344167181854-15960346301379896183-4/wms/?version=1.3.0","40.754448391","-79.7951292359","2005","Butler","final_internal","","3","","3","other","100","","","1","","1","other","100","","","","","","","","","","3","","3","other","100","","","","","","","","","","","","","","",""
"41.27336657-77.28963223---2008","https://mapsengine.google.com/06136759344167181854-00219351362547715467-4/wms/?version=1.3.0","41.2733665743","-77.2896322303","2008","Lycoming","final_internal","","3","","3","other","100","","","1","","1","other","100","","","","","","","","","","3","","3","other","100","","","","","","","","","","","","","","",""
"39.8154619-80.03467325---2005","https://mapsengine.google.com/06136759344167181854-15960346301379896183-4/wms/?version=1.3.0","39.8154618959","-80.0346732474","2005","Greene","final_internal","","3","","3","other","100","","","1","","1","other","100","","","","","","","","","","3","","3","other","100","","","","","","","","","","","","","","",""
"41.78218365-76.36566028---2010","https://mapsengine.google.com/06136759344167181854-06191489742681286724-4/wms/?version=1.3.0","41.78218365","-76.36566028","2010","Bradford","first_internal","","3","","3","other","100","","","9","1","10","other","90","","","3","","3","other","100","","","","","","","","","","","","","","","","","","","","","",""
"41.27346767-76.57136292---2008","https://mapsengine.google.com/06136759344167181854-00219351362547715467-4/wms/?version=1.3.0","41.2734676656","-76.5713629173","2008","Lycoming","final_internal","","3","","3","other","100","","","1","","1","other","100","","","","","","","","","","3","","3","other","100","","","","","","","","","","","","","","",""
"40.82810189-80.05188989---2008","https://mapsengine.google.com/06136759344167181854-00219351362547715467-4/wms/?version=1.3.0","40.8281018947","-80.0518898909","2008","Butler","final_internal","","3","","3","other","100","","1","","","1","fracking","100","","","","","","","","","","3","","3","other","100","","","","","","","","","","","","","","",""
"41.59896118-75.57252338---2008","https://mapsengine.google.com/06136759344167181854-00219351362547715467-4/wms/?version=1.3.0","41.5989611821","-75.5725233798","2008","Lackawanna","final_internal","","3","","3","other","100","","","1","","1","other","100","","","3","","3","other","100","","","3","","3","other","100","","","","","","","","","","","","","","",""
"39.77591735-80.00478437---2010","https://mapsengine.google.com/06136759344167181854-06191489742681286724-4/wms/?version=1.3.0","39.7759173548","-80.0047843716","2010","Greene","sweeper_internal","","1","","1","other","100","","5","5","","10","fracking|other","","50|50","","","","","","","","","","","","","","","","1","","1","other","100","","","","","","","",""
"40.50780225-79.55041229---2010","https://mapsengine.google.com/06136759344167181854-06191489742681286724-4/wms/?version=1.3.0","40.5078022473","-79.5504122855","2010","Westmoreland","public","","10","","10","other","100","","","10","","10","other","100","","","","","","","","","","","","","","","","","","","","","","","","","","","","",""
"40.92336398-80.03492883---2005","https://mapsengine.google.com/06136759344167181854-15960346301379896183-4/wms/?version=1.3.0","40.9233639754","-80.0349288325","2005","Butler","final_internal","","3","","3","other","100","","","1","","1","other","100","","","","","","","","","","3","","3","other","100","","","","","","","","","","","","","","",""
"39.90644463-80.30759709---2008","https://mapsengine.google.com/06136759344167181854-00219351362547715467-4/wms/?version=1.3.0","39.9064446299","-80.30759709","2008","Greene","first_internal","","3","","3","other","100","","1","9","","10","other","90","","","3","","3","other","100","","","","","","","","","","","","","","","","","","","","","",""
"39.78176561-79.86226198---2010","https://mapsengine.google.com/06136759344167181854-06191489742681286724-4/wms/?version=1.3.0","39.7817656132","-79.862261978","2010","Fayette","public","","10","","10","other","100","","","10","","10","other","100","","","","","","","","","","","","","","","","","","","","","","","","","","","","",""
"41.12256885-79.75105783---2005","https://mapsengine.google.com/06136759344167181854-15960346301379896183-4/wms/?version=1.3.0","41.1225688535","-79.7510578299","2005","Butler","final_internal","","3","","3","other","100","","","1","","1","other","100","","","","","","","","","","3","","3","other","100","","","","","","","","","","","","","","",""
"40.96586602-79.95870745---2008","https://mapsengine.google.com/06136759344167181854-00219351362547715467-4/wms/?version=1.3.0","40.9658660219","-79.95870745","2008","Butler","first_internal","","3","","3","other","100","","","2","","2","other","100","","","3","","3","other","100","","","","","","","","","","","","","","","","","","","","","",""
"41.78588999-75.96408082---2005","https://mapsengine.google.com/06136759344167181854-15960346301379896183-4/wms/?version=1.3.0","41.7858899892","-75.9640808152","2005","Susquehanna","final_internal","","4","","4","other","100","","","1","","1","other","100","","","3","","3","other","100","","","4","","4","other","100","","","","","","","","","","","","","","",""
"41.4543495-77.15630517---2008","https://mapsengine.google.com/06136759344167181854-00219351362547715467-4/wms/?version=1.3.0","41.4543495018","-77.1563051744","2008","Lycoming","final_internal","","3","","3","other","100","","","1","","1","other","100","","","","","","","","","","3","","3","other","100","","","","","","","","","","","","","","",""
"41.59252967-77.9684191---2010","https://mapsengine.google.com/06136759344167181854-06191489742681286724-4/wms/?version=1.3.0","41.5925296702","-77.9684191006","2010","Potter","sweeper_internal","","1","","1","other","100","","6","","4","10","fracking","60","","","","","","","","","","","","","","","","","1","","1","other","100","","","","","","","",""
"41.63902141-76.38755288---2008","https://mapsengine.google.com/06136759344167181854-00219351362547715467-4/wms/?version=1.3.0","41.6390214089","-76.3875528819","2008","Bradford","final_internal","","3","","3","other","100","","","1","","1","other","100","","","3","","3","other","100","","","3","","3","other","100","","","","","","","","","","","","","","",""
"41.80545617-78.12686244---2008","https://mapsengine.google.com/06136759344167181854-00219351362547715467-4/wms/?version=1.3.0","41.8054561668","-78.1268624438","2008","Potter","final_internal","","3","","3","other","100","","","1","","1","other","100","","","","","","","","","","3","","3","other","100","","","","","","","","","","","","","","",""
"39.883326-80.04455997---2010","https://mapsengine.google.com/06136759344167181854-06191489742681286724-4/wms/?version=1.3.0","39.8833259981","-80.0445599728","2010","Greene","sweeper_internal","1","","","1","fracking","100","","6","4","","10","fracking","60","","","","","","","","","","","","","","","","1","","","1","fracking","100","","","","","","","",""
"41.72083876-76.06120289---2008","https://mapsengine.google.com/06136759344167181854-00219351362547715467-4/wms/?version=1.3.0","41.7208387608","-76.0612028869","2008","Susquehanna","final_internal","","3","","3","other","100","","","1","","1","other","100","","","3","","3","other","100","","","3","","3","other","100","","","","","","","","","","","","","","",""
"40.27908682-79.75912535---2010","https://mapsengine.google.com/06136759344167181854-06191489742681286724-4/wms/?version=1.3.0","40.2790868223","-79.7591253516","2010","Westmoreland","sweeper_internal","1","","","1","fracking","100","","8","3","","11","fracking","72","","","","","","","","","","","","","","","","1","","","1","fracking","100","","","","","","","",""
"41.68063598-76.09844775---2008","https://mapsengine.google.com/06136759344167181854-00219351362547715467-4/wms/?version=1.3.0","41.6806359822","-76.0984477499","2008","Susquehanna","final_internal","","3","","3","other","100","","","1","","1","other","100","","","3","","3","other","100","","","3","","3","other","100","","","","","","","","","","","","","","",""
"41.6756584-75.88246469---2008","https://mapsengine.google.com/06136759344167181854-00219351362547715467-4/wms/?version=1.3.0","41.6756583975","-75.8824646893","2008","Susquehanna","final_internal","","3","","3","other","100","","","","1","1","unknown","100","","","3","","3","other","100","","","3","","3","other","100","","","","","","","","","","","","","","",""
"40.14506876-80.26024062---2005","https://mapsengine.google.com/06136759344167181854-15960346301379896183-4/wms/?version=1.3.0","40.1450687631","-80.2602406206","2005","Washington","final_internal","","3","","3","other","100","","","1","","1","other","100","","","","","","","","","","3","","3","other","100","","","","","","","","","","","","","","",""
"40.07834246-80.22433477---2010","https://mapsengine.google.com/06136759344167181854-06191489742681286724-4/wms/?version=1.3.0","40.0783424635","-80.2243347718","2010","Washington","sweeper_internal","","1","","1","other","100","","7","1","2","10","fracking","70","","","","","","","","","","","","","","","","","1","","1","other","100","","","","","","","",""
"41.7350397-76.09551303---2010","https://mapsengine.google.com/06136759344167181854-06191489742681286724-4/wms/?version=1.3.0","41.7350396984","-76.0955130297","2010","Susquehanna","sweeper_internal","","1","","1","other","100","","6","5","2","13","fracking","46","","1","2","","3","other","66","","","","","","","","","","1","","1","other","100","","","","","","","",""
"41.73039424-75.87880924---2008","https://mapsengine.google.com/06136759344167181854-00219351362547715467-4/wms/?version=1.3.0","41.7303942402","-75.8788092434","2008","Susquehanna","final_internal","","3","","3","other","100","","","1","","1","other","100","","","3","","3","other","100","","","3","","3","other","100","","","","","","","","","","","","","","",""
"41.45340069-78.27138015---2005","https://mapsengine.google.com/06136759344167181854-15960346301379896183-4/wms/?version=1.3.0","41.4534006916","-78.2713801524","2005","Cameron","final_internal","","3","","3","other","100","","","1","","1","other","100","","","","","","","","","","3","","3","other","100","","","","","","","","","","","","","","",""
"39.86627492-79.99370697---2008","https://mapsengine.google.com/06136759344167181854-00219351362547715467-4/wms/?version=1.3.0","39.8662749181","-79.9937069695","2008","Greene","first_internal","","3","","3","other","100","","","9","1","10","other","90","","","3","","3","other","100","","","","","","","","","","","","","","","","","","","","","",""
"41.91160854-76.92414267---2008","https://mapsengine.google.com/06136759344167181854-00219351362547715467-4/wms/?version=1.3.0","41.9116085437","-76.924142668","2008","Tioga","final_internal","","3","","3","other","100","","","1","","1","other","100","","","","","","","","","","3","","3","other","100","","","","","","","","","","","","","","",""
"39.84822402-79.86080715---2005","https://mapsengine.google.com/06136759344167181854-15960346301379896183-4/wms/?version=1.3.0","39.8482240158","-79.8608071498","2005","Fayette","final_internal","","3","","3","other","100","","","1","","1","other","100","","","","","","","","","","3","","3","other","100","","","","","","","","","","","","","","",""
"39.77732203-80.00725032---2008","https://mapsengine.google.com/06136759344167181854-00219351362547715467-4/wms/?version=1.3.0","39.7773220318","-80.0072503155","2008","Greene","first_internal","","3","","3","other","100","","2","8","","10","other","80","","","3","","3","other","100","","","","","","","","","","","","","","","","","","","","","",""
"40.24831158-80.37782779---2010","https://mapsengine.google.com/06136759344167181854-06191489742681286724-4/wms/?version=1.3.0","40.2483115777","-80.3778277919","2010","Washington","public","1","9","","10","other","90","","1","9","","10","other","90","","","","","","","","","","","","","","","","","","","","","","","","","","","","",""
"41.85382092-77.29964405---2005","https://mapsengine.google.com/06136759344167181854-15960346301379896183-4/wms/?version=1.3.0","41.8538209208","-77.2996440461","2005","Tioga","missing_internal","","1","","1","other","100","","","","","","fracking|unknown|other","","","","","","","","","","","","","","","","","","","","","","","","","1","","1","other","100",""
"41.69478162-76.72884863---2010","https://mapsengine.google.com/06136759344167181854-06191489742681286724-4/wms/?version=1.3.0","41.694781623","-76.7288486338","2010","Bradford","sweeper_internal","","1","","1","other","100","","8","1","2","11","fracking","72","","1","","2","3","unknown","66","","","","","","","","","","1","","1","other","100","","","","","","","",""
"39.72256137-80.01786549---2010","https://mapsengine.google.com/06136759344167181854-06191489742681286724-4/wms/?version=1.3.0","39.7225613671","-80.0178654933","2010","Greene","public","","10","","10","other","100","","","10","","10","other","100","","","","","","","","","","","","","","","","","","","","","","","","","","","","",""
"41.43598091-77.21091119---2010","https://mapsengine.google.com/06136759344167181854-06191489742681286724-4/wms/?version=1.3.0","41.4359809057","-77.2109111875","2010","Lycoming","public","","10","","10","other","100","","","10","","10","other","100","","","","","","","","","","","","","","","","","","","","","","","","","","","","",""
"41.73935815-77.20576473---2008","https://mapsengine.google.com/06136759344167181854-00219351362547715467-4/wms/?version=1.3.0","41.7393581533","-77.2057647339","2008","Tioga","final_internal","","3","","3","other","100","","","1","","1","other","100","","","","","","","","","","3","","3","other","100","","","","","","","","","","","","","","",""
"40.22274035-80.37440556---2008","https://mapsengine.google.com/06136759344167181854-00219351362547715467-4/wms/?version=1.3.0","40.2227403544","-80.3744055621","2008","Washington","first_internal","","3","","3","other","100","","","8","2","10","other","80","","","3","","3","other","100","","","","","","","","","","","","","","","","","","","","","",""
"40.70420977-79.64238014---2010","https://mapsengine.google.com/06136759344167181854-06191489742681286724-4/wms/?version=1.3.0","40.7042097708","-79.6423801447","2010","Armstrong","public","9","","1","10","fracking","90","","9","","1","10","fracking","90","","","","","","","","","","","","","","","","","","","","","","","","","","","","",""
"41.72027077-75.86721297---2008","https://mapsengine.google.com/06136759344167181854-00219351362547715467-4/wms/?version=1.3.0","41.720270768","-75.8672129699","2008","Susquehanna","final_internal","","3","","3","other","100","","","1","","1","other","100","","","3","","3","other","100","","","3","","3","other","100","","","","","","","","","","","","","","",""
"41.95814548-76.93724449---2010","https://mapsengine.google.com/06136759344167181854-06191489742681286724-4/wms/?version=1.3.0","41.9581454805","-76.9372444941","2010","Tioga","public","10","","1","11","fracking","90","","10","","1","11","fracking","90","","","","","","","","","","","","","","","","","","","","","","","","","","","","",""
"41.71302986-75.88716827---2010","https://mapsengine.google.com/06136759344167181854-06191489742681286724-4/wms/?version=1.3.0","41.71302986","-75.8871682742","2010","Susquehanna","sweeper_internal","1","","","1","fracking","100","","2","7","1","10","other","70","","","3","","3","other","100","","","","","","","","","1","","","1","fracking","100","","","","","","","",""
"41.881043-76.85486919---2010","https://mapsengine.google.com/06136759344167181854-06191489742681286724-4/wms/?version=1.3.0","41.8810430035","-76.8548691931","2010","Bradford","sweeper_internal","","1","","1","other","100","","2","10","1","13","other","76","","","3","","3","other","100","","","","","","","","","","1","","1","other","100","","","","","","","",""
"41.39957942-76.98161596---2005","https://mapsengine.google.com/06136759344167181854-15960346301379896183-4/wms/?version=1.3.0","41.3995794234","-76.9816159597","2005","Lycoming","missing_internal","","1","","1","other","100","","","","","","fracking|unknown|other","","","","","","","","","","","","","","","","","","","","","","","","","1","","1","other","100",""
"41.80535133-77.29402269---2010","https://mapsengine.google.com/06136759344167181854-06191489742681286724-4/wms/?version=1.3.0","41.8053513256","-77.2940226909","2010","Tioga","sweeper_internal","","1","","1","other","100","","4","3","5","12","unknown","41","","","","","","","","","","","","","","","","","1","","1","other","100","","","","","","","",""
"41.79841019-76.63385855---2010","https://mapsengine.google.com/06136759344167181854-06191489742681286724-4/wms/?version=1.3.0","41.79841019","-76.63385855","2010","Bradford","first_internal","","3","","3","other","100","","","12","","12","other","100","","","3","","3","other","100","","","","","","","","","","","","","","","","","","","","","",""
"40.0867957-79.83976345---2005","https://mapsengine.google.com/06136759344167181854-15960346301379896183-4/wms/?version=1.3.0","40.0867957019","-79.8397634504","2005","Fayette","final_internal","","3","","3","other","100","","","1","","1","other","100","","","","","","","","","","3","","3","other","100","","","","","","","","","","","","","","",""
"41.46502006-76.41141261---2010","https://mapsengine.google.com/06136759344167181854-06191489742681286724-4/wms/?version=1.3.0","41.4650200564","-76.4114126068","2010","Sullivan","sweeper_internal","","1","","1","other","100","","2","7","1","10","other","70","","","3","","3","other","100","","","","","","","","","","1","","1","other","100","","","","","","","",""
"40.8291715-79.60980854---2005","https://mapsengine.google.com/06136759344167181854-15960346301379896183-4/wms/?version=1.3.0","40.8291715002","-79.6098085393","2005","Armstrong","final_internal","","3","","3","other","100","","","1","","1","other","100","","","","","","","","","","3","","3","other","100","","","","","","","","","","","","","","",""
"41.68414154-76.3422631---2005","https://mapsengine.google.com/06136759344167181854-15960346301379896183-4/wms/?version=1.3.0","41.6841415401","-76.3422630968","2005","Bradford","final_internal","","3","","3","other","100","","","1","","1","other","100","","","3","","3","other","100","","","3","","3","other","100","","","","","","","","","","","","","","",""
"39.79547983-79.19019851---2005","https://mapsengine.google.com/06136759344167181854-15960346301379896183-4/wms/?version=1.3.0","39.7954798274","-79.1901985146","2005","Somerset","final_internal","","3","","3","other","100","","","1","","1","other","100","","","","","","","","","","3","","3","other","100","","","","","","","","","","","","","","",""
"40.17053288-80.04825164---2005","https://mapsengine.google.com/06136759344167181854-15960346301379896183-4/wms/?version=1.3.0","40.1705328845","-80.0482516426","2005","Washington","final_internal","","3","","3","other","100","","","1","","1","other","100","","","","","","","","","","3","","3","other","100","","","","","","","","","","","","","","",""
"41.71085958-76.84535648---2010","https://mapsengine.google.com/06136759344167181854-06191489742681286724-4/wms/?version=1.3.0","41.71085958","-76.84535648","2010","Bradford","first_internal","","3","","3","other","100","","","10","","10","other","100","","","3","","3","other","100","","","","","","","","","","","","","","","","","","","","","",""
"41.62595423-76.42145673---2010","https://mapsengine.google.com/06136759344167181854-06191489742681286724-4/wms/?version=1.3.0","41.62595423","-76.42145673","2010","Bradford","first_internal","","3","","3","other","100","","","10","","10","other","100","","","3","","3","other","100","","","","","","","","","","","","","","","","","","","","","",""
"41.7417201-75.86176229---2010","https://mapsengine.google.com/06136759344167181854-06191489742681286724-4/wms/?version=1.3.0","41.7417201","-75.86176229","2010","Susquehanna","first_internal","","3","","3","other","100","","","11","","11","other","100","","","3","","3","other","100","","","","","","","","","","","","","","","","","","","","","",""
"40.00552897-80.2882478---2010","https://mapsengine.google.com/06136759344167181854-06191489742681286724-4/wms/?version=1.3.0","40.0055289707","-80.2882477993","2010","Greene","public","9","1","","10","fracking","90","","9","1","","10","fracking","90","","","","","","","","","","","","","","","","","","","","","","","","","","","","",""
"41.65289946-76.03477961---2008","https://mapsengine.google.com/06136759344167181854-00219351362547715467-4/wms/?version=1.3.0","41.6528994594","-76.0347796067","2008","Susquehanna","final_internal","","3","","3","other","100","","","1","","1","other","100","","","3","","3","other","100","","","3","","3","other","100","","","","","","","","","","","","","","",""
"40.78380829-80.04250582---2010","https://mapsengine.google.com/06136759344167181854-06191489742681286724-4/wms/?version=1.3.0","40.7838082892","-80.0425058197","2010","Butler","public","","18","2","20","other","90","","","18","2","20","other","90","","","","","","","","","","","","","","","","","","","","","","","","","","","","",""
"41.69702458-76.44271627---2005","https://mapsengine.google.com/06136759344167181854-15960346301379896183-4/wms/?version=1.3.0","41.6970245829","-76.4427162658","2005","Bradford","final_internal","","3","","3","other","100","","","1","","1","other","100","","","3","","3","other","100","","","3","","3","other","100","","","","","","","","","","","","","","",""
"41.86272326-76.05806474---2008","https://mapsengine.google.com/06136759344167181854-00219351362547715467-4/wms/?version=1.3.0","41.8627232593","-76.0580647358","2008","Susquehanna","final_internal","","3","","3","other","100","","","1","","1","other","100","","","3","","3","other","100","","","3","","3","other","100","","","","","","","","","","","","","","",""
"39.83919097-79.8647006---2010","https://mapsengine.google.com/06136759344167181854-06191489742681286724-4/wms/?version=1.3.0","39.8391909746","-79.864700604","2010","Fayette","public","","10","","10","other","100","","","10","","10","other","100","","","","","","","","","","","","","","","","","","","","","","","","","","","","",""
"41.67409451-78.25603017---2010","https://mapsengine.google.com/06136759344167181854-06191489742681286724-4/wms/?version=1.3.0","41.6740945076","-78.2560301726","2010","McKean","sweeper_internal","1","","","1","fracking","100","","6","4","","10","fracking","60","","","","","","","","","","","","","","","","1","","","1","fracking","100","","","","","","","",""
"41.75944371-76.49186351---2008","https://mapsengine.google.com/06136759344167181854-00219351362547715467-4/wms/?version=1.3.0","41.75944371","-76.4918635073","2008","Bradford","final_internal","","4","","4","other","100","","","1","","1","other","100","","","3","","3","other","100","","","4","","4","other","100","","","","","","","","","","","","","","",""
"41.80808008-76.93599692---2008","https://mapsengine.google.com/06136759344167181854-00219351362547715467-4/wms/?version=1.3.0","41.8080800842","-76.9359969199","2008","Tioga","final_internal","","3","","3","other","100","","","1","","1","other","100","","","","","","","","","","3","","3","other","100","","","","","","","","","","","","","","",""
"40.82688667-80.04200176---2010","https://mapsengine.google.com/06136759344167181854-06191489742681286724-4/wms/?version=1.3.0","40.8268866693","-80.0420017581","2010","Butler","public","","16","","16","other","100","","","16","","16","other","100","","","","","","","","","","","","","","","","","","","","","","","","","","","","",""
"40.25647632-80.38587164---2008","https://mapsengine.google.com/06136759344167181854-00219351362547715467-4/wms/?version=1.3.0","40.2564763187","-80.3858716384","2008","Washington","first_internal","","3","","3","other","100","","","8","","8","other","100","","","3","","3","other","100","","","","","","","","","","","","","","","","","","","","","",""
"39.94064702-80.26374721---2008","https://mapsengine.google.com/06136759344167181854-00219351362547715467-4/wms/?version=1.3.0","39.9406470164","-80.2637472084","2008","Greene","sweeper_internal","1","","","1","fracking","100","","4","1","5","10","unknown","50","","3","","","3","fracking","100","","","","","","","","","1","","","1","fracking","100","","","","","","","",""
"41.72611712-76.1793469---2010","https://mapsengine.google.com/06136759344167181854-06191489742681286724-4/wms/?version=1.3.0","41.7261171182","-76.1793468997","2010","Bradford","sweeper_internal","","1","","1","other","100","","5","4","1","10","fracking","50","","3","","","3","fracking","100","","","","","","","","","","1","","1","other","100","","","","","","","",""
"41.79405864-76.02512876---2005","https://mapsengine.google.com/06136759344167181854-15960346301379896183-4/wms/?version=1.3.0","41.7940586445","-76.0251287575","2005","Susquehanna","final_internal","","3","","3","other","100","","","1","","1","other","100","","","3","","3","other","100","","","3","","3","other","100","","","","","","","","","","","","","","",""
"41.2835702-76.32797268---2008","https://mapsengine.google.com/06136759344167181854-00219351362547715467-4/wms/?version=1.3.0","41.2835702001","-76.327972676","2008","Columbia","final_internal","","3","","3","other","100","","","1","","1","other","100","","","3","","3","other","100","","","3","","3","other","100","","","","","","","","","","","","","","",""
"41.70051547-77.31035506---2008","https://mapsengine.google.com/06136759344167181854-00219351362547715467-4/wms/?version=1.3.0","41.7005154657","-77.3103550592","2008","Tioga","final_internal","","3","","3","other","100","","","1","","1","other","100","","","","","","","","","","3","","3","other","100","","","","","","","","","","","","","","",""
"40.26265978-80.36011971---2005","https://mapsengine.google.com/06136759344167181854-15960346301379896183-4/wms/?version=1.3.0","40.2626597772","-80.3601197072","2005","Washington","final_internal","","3","","3","other","100","","","1","","1","other","100","","","","","","","","","","3","","3","other","100","","","","","","","","","","","","","","",""
"41.84755184-77.07696952---2010","https://mapsengine.google.com/06136759344167181854-06191489742681286724-4/wms/?version=1.3.0","41.8475518416","-77.0769695177","2010","Tioga","public","1","9","1","11","other","81","","1","9","1","11","other","81","","","","","","","","","","","","","","","","","","","","","","","","","","","","",""
"39.71956302-79.98435566---2008","https://mapsengine.google.com/06136759344167181854-00219351362547715467-4/wms/?version=1.3.0","39.719563024","-79.9843556632","2008","Greene","first_internal","","3","","3","other","100","","","10","","10","other","100","","","3","","3","other","100","","","","","","","","","","","","","","","","","","","","","",""
"41.87602589-78.15540313---2008","https://mapsengine.google.com/06136759344167181854-00219351362547715467-4/wms/?version=1.3.0","41.8760258923","-78.1554031287","2008","Potter","final_internal","","3","","3","other","100","","","1","","1","other","100","","","","","","","","","","3","","3","other","100","","","","","","","","","","","","","","",""
"41.74719792-75.91089546---2010","https://mapsengine.google.com/06136759344167181854-06191489742681286724-4/wms/?version=1.3.0","41.74719792","-75.91089546","2010","Susquehanna","first_internal","","3","","3","other","100","","","10","","10","other","100","","","3","","3","other","100","","","","","","","","","","","","","","","","","","","","","",""
"41.88871502-75.41590714---2008","https://mapsengine.google.com/06136759344167181854-00219351362547715467-4/wms/?version=1.3.0","41.8887150169","-75.4159071418","2008","Wayne","final_internal","","3","","3","other","100","","","1","","1","other","100","","","3","","3","other","100","","","3","","3","other","100","","","","","","","","","","","","","","",""
"41.76655675-76.83991661---2008","https://mapsengine.google.com/06136759344167181854-00219351362547715467-4/wms/?version=1.3.0","41.7665567455","-76.8399166123","2008","Bradford","final_internal","","3","","3","other","100","","","1","","1","other","100","","","3","","3","other","100","","","3","","3","other","100","","","","","","","","","","","","","","",""
"39.95581251-80.26774398---2010","https://mapsengine.google.com/06136759344167181854-06191489742681286724-4/wms/?version=1.3.0","39.9558125065","-80.2677439848","2010","Greene","public","8","2","","10","fracking","80","","8","2","","10","fracking","80","","","","","","","","","","","","","","","","","","","","","","","","","","","","",""
"41.54467957-76.47893266---2008","https://mapsengine.google.com/06136759344167181854-00219351362547715467-4/wms/?version=1.3.0","41.5446795725","-76.4789326631","2008","Sullivan","final_internal","","3","","3","other","100","","","1","","1","other","100","","","3","","3","other","100","","","3","","3","other","100","","","","","","","","","","","","","","",""
"39.94067989-78.89002665---2005","https://mapsengine.google.com/06136759344167181854-15960346301379896183-4/wms/?version=1.3.0","39.9406798872","-78.8900266502","2005","Somerset","final_internal","","3","","3","other","100","","","","1","1","unknown","100","","","","","","","","","","3","","3","other","100","","","","","","","","","","","","","","",""
"41.57894581-76.03868335---2005","https://mapsengine.google.com/06136759344167181854-15960346301379896183-4/wms/?version=1.3.0","41.5789458097","-76.0386833504","2005","Wyoming","final_internal","","2","1","3","other","66","","","","1","1","unknown","100","","","1","2","3","unknown","66","","","2","1","3","other","66","","","","","","","","","","","","","","",""
"41.76995929-76.06836662---2008","https://mapsengine.google.com/06136759344167181854-00219351362547715467-4/wms/?version=1.3.0","41.7699592945","-76.0683666196","2008","Susquehanna","final_internal","","3","","3","other","100","","","1","","1","other","100","","","3","","3","other","100","","","3","","3","other","100","","","","","","","","","","","","","","",""
"41.71739463-76.05581521---2005","https://mapsengine.google.com/06136759344167181854-15960346301379896183-4/wms/?version=1.3.0","41.7173946302","-76.055815211","2005","Susquehanna","final_internal","","3","","3","other","100","","","1","","1","other","100","","","3","","3","other","100","","","3","","3","other","100","","","","","","","","","","","","","","",""
"41.69275077-75.84018878---2008","https://mapsengine.google.com/06136759344167181854-00219351362547715467-4/wms/?version=1.3.0","41.692750765","-75.8401887835","2008","Susquehanna","final_internal","","3","","3","other","100","","","1","","1","other","100","","","3","","3","other","100","","","3","","3","other","100","","","","","","","","","","","","","","",""
"41.75076794-76.79080114---2008","https://mapsengine.google.com/06136759344167181854-00219351362547715467-4/wms/?version=1.3.0","41.7507679425","-76.7908011419","2008","Bradford","final_internal","","3","","3","other","100","","","1","","1","other","100","","","3","","3","other","100","","","3","","3","other","100","","","","","","","","","","","","","","",""
"41.86253177-76.83910875---2010","https://mapsengine.google.com/06136759344167181854-06191489742681286724-4/wms/?version=1.3.0","41.86253177","-76.83910875","2010","Bradford","first_internal","","3","","3","other","100","","","10","","10","other","100","","","3","","3","other","100","","","","","","","","","","","","","","","","","","","","","",""
"41.46323316-76.39891269---2008","https://mapsengine.google.com/06136759344167181854-00219351362547715467-4/wms/?version=1.3.0","41.4632331594","-76.3989126922","2008","Sullivan","final_internal","","3","","3","other","100","","","","1","1","unknown","100","","","3","","3","other","100","","","3","","3","other","100","","","","","","","","","","","","","","",""
"39.90328777-80.00232183---2005","https://mapsengine.google.com/06136759344167181854-15960346301379896183-4/wms/?version=1.3.0","39.903287766","-80.0023218309","2005","Greene","final_internal","","3","","3","other","100","","","1","","1","other","100","","","","","","","","","","3","","3","other","100","","","","","","","","","","","","","","",""
"41.86326193-76.05791595---2008","https://mapsengine.google.com/06136759344167181854-00219351362547715467-4/wms/?version=1.3.0","41.8632619298","-76.0579159535","2008","Susquehanna","final_internal","","3","","3","other","100","","","1","","1","other","100","","","3","","3","other","100","","","3","","3","other","100","","","","","","","","","","","","","","",""
"41.83676209-76.83947942---2010","https://mapsengine.google.com/06136759344167181854-06191489742681286724-4/wms/?version=1.3.0","41.83676209","-76.83947942","2010","Bradford","first_internal","","3","","3","other","100","","","10","","10","other","100","","","3","","3","other","100","","","","","","","","","","","","","","","","","","","","","",""
"40.79497769-78.62132351---2008","https://mapsengine.google.com/06136759344167181854-00219351362547715467-4/wms/?version=1.3.0","40.7949776931","-78.6213235053","2008","Clearfield","first_internal","","3","","3","other","100","","","2","","2","other","100","","","3","","3","other","100","","","","","","","","","","","","","","","","","","","","","",""
"41.76788012-75.94017334---2005","https://mapsengine.google.com/06136759344167181854-15960346301379896183-4/wms/?version=1.3.0","41.7678801219","-75.9401733414","2005","Susquehanna","final_internal","","4","","4","other","100","","","1","","1","other","100","","","3","","3","other","100","","","4","","4","other","100","","","","","","","","","","","","","","",""
"40.27030548-80.26145379---2008","https://mapsengine.google.com/06136759344167181854-00219351362547715467-4/wms/?version=1.3.0","40.2703054755","-80.261453794","2008","Washington","first_internal","","3","","3","other","100","","1","9","","10","other","90","","","3","","3","other","100","","","","","","","","","","","","","","","","","","","","","",""
"41.76396648-76.8180082---2008","https://mapsengine.google.com/06136759344167181854-00219351362547715467-4/wms/?version=1.3.0","41.763966482","-76.8180081979","2008","Bradford","final_internal","","3","","3","other","100","","","1","","1","other","100","","","3","","3","other","100","","","3","","3","other","100","","","","","","","","","","","","","","",""
"41.65045137-75.96710389---2010","https://mapsengine.google.com/06136759344167181854-06191489742681286724-4/wms/?version=1.3.0","41.65045137","-75.96710389","2010","Susquehanna","first_internal","","3","","3","other","100","","","10","","10","other","100","","","3","","3","other","100","","","","","","","","","","","","","","","","","","","","","",""
"40.27759386-80.47287674---2010","https://mapsengine.google.com/06136759344167181854-06191489742681286724-4/wms/?version=1.3.0","40.2775938567","-80.4728767378","2010","Washington","sweeper_internal","","1","","1","other","100","","4","5","1","10","other","50","","","","","","","","","","","","","","","","","1","","1","other","100","","","","","","","",""
"41.67283161-76.97612561---2008","https://mapsengine.google.com/06136759344167181854-00219351362547715467-4/wms/?version=1.3.0","41.6728316119","-76.9761256058","2008","Tioga","final_internal","","3","","3","other","100","","","","1","1","unknown","100","","","","","","","","","","3","","3","other","100","","","","","","","","","","","","","","",""
"41.90594221-76.86474756---2005","https://mapsengine.google.com/06136759344167181854-15960346301379896183-4/wms/?version=1.3.0","41.9059422103","-76.8647475623","2005","Bradford","final_internal","","3","","3","other","100","","","1","","1","other","100","","","3","","3","other","100","","","3","","3","other","100","","","","","","","","","","","","","","",""
"41.74439922-75.95197447---2005","https://mapsengine.google.com/06136759344167181854-15960346301379896183-4/wms/?version=1.3.0","41.7443992191","-75.9519744744","2005","Susquehanna","final_internal","","3","","3","other","100","","","1","","1","other","100","","","3","","3","other","100","","","3","","3","other","100","","","","","","","","","","","","","","",""
"40.7583339-80.02820752---2008","https://mapsengine.google.com/06136759344167181854-00219351362547715467-4/wms/?version=1.3.0","40.7583339043","-80.0282075244","2008","Butler","first_internal","","3","","3","other","100","","","2","","2","other","100","","","3","","3","other","100","","","","","","","","","","","","","","","","","","","","","",""
"40.51259456-79.18115015---2008","https://mapsengine.google.com/06136759344167181854-00219351362547715467-4/wms/?version=1.3.0","40.5125945608","-79.1811501532","2008","Indiana","sweeper_internal","","1","","1","other","100","","3","","","3","fracking","100","","","","","","","","","","2","2","4","unknown|other","","50|50","","1","","1","other","100","","","","","","","",""
"40.18826153-79.73599232---2008","https://mapsengine.google.com/06136759344167181854-00219351362547715467-4/wms/?version=1.3.0","40.1882615262","-79.7359923178","2008","Westmoreland","first_internal","1","2","","3","other","66","","","","1","1","unknown","100","","1","2","","3","other","66","","","","","","","","","","","","","","","","","","","","","",""
"41.22439783-78.72424323---2008","https://mapsengine.google.com/06136759344167181854-00219351362547715467-4/wms/?version=1.3.0","41.2243978328","-78.7242432337","2008","Jefferson","first_internal","","3","","3","other","100","","","10","","10","other","100","","","3","","3","other","100","","","","","","","","","","","","","","","","","","","","","",""
"40.35076793-80.27927794---2010","https://mapsengine.google.com/06136759344167181854-06191489742681286724-4/wms/?version=1.3.0","40.3507679277","-80.2792779415","2010","Washington","public","","10","","10","other","100","","","10","","10","other","100","","","","","","","","","","","","","","","","","","","","","","","","","","","","",""
"40.32838695-80.2958319---2010","https://mapsengine.google.com/06136759344167181854-06191489742681286724-4/wms/?version=1.3.0","40.3283869532","-80.295831901","2010","Washington","public","10","","","10","fracking","100","","10","","","10","fracking","100","","","","","","","","","","","","","","","","","","","","","","","","","","","","",""
"41.74468053-75.89993894---2010","https://mapsengine.google.com/06136759344167181854-06191489742681286724-4/wms/?version=1.3.0","41.74468053","-75.89993894","2010","Susquehanna","first_internal","","3","","3","other","100","","","10","","10","other","100","","","3","","3","other","100","","","","","","","","","","","","","","","","","","","","","",""
"41.93096409-76.57888044---2010","https://mapsengine.google.com/06136759344167181854-06191489742681286724-4/wms/?version=1.3.0","41.93096409","-76.57888044","2010","Bradford","first_internal","","3","","3","other","100","","","10","","10","other","100","","","3","","3","other","100","","","","","","","","","","","","","","","","","","","","","",""
"41.13395204-79.74865097---2010","https://mapsengine.google.com/06136759344167181854-06191489742681286724-4/wms/?version=1.3.0","41.1339520412","-79.7486509723","2010","Butler","sweeper_internal","","1","","1","other","100","","9","3","8","20","fracking","45","","","","","","","","","","","","","","","","","1","","1","other","100","","","","","","","",""
"41.7193491-76.80443125---2010","https://mapsengine.google.com/06136759344167181854-06191489742681286724-4/wms/?version=1.3.0","41.7193491","-76.80443125","2010","Bradford","first_internal","","3","","3","other","100","","1","12","","13","other","92","","","3","","3","other","100","","","","","","","","","","","","","","","","","","","","","",""
"41.8610344-76.87666227---2005","https://mapsengine.google.com/06136759344167181854-15960346301379896183-4/wms/?version=1.3.0","41.8610343962","-76.8766622726","2005","Bradford","final_internal","","3","","3","other","100","","","1","","1","other","100","","","3","","3","other","100","","","3","","3","other","100","","","","","","","","","","","","","","",""
"40.29424014-79.62443083---2008","https://mapsengine.google.com/06136759344167181854-00219351362547715467-4/wms/?version=1.3.0","40.2942401399","-79.6244308277","2008","Westmoreland","first_internal","3","","","3","fracking","100","","1","","","1","fracking","100","","3","","","3","fracking","100","","","","","","","","","","","","","","","","","","","","","",""
"41.74345656-76.39220686---2008","https://mapsengine.google.com/06136759344167181854-00219351362547715467-4/wms/?version=1.3.0","41.7434565567","-76.3922068566","2008","Bradford","final_internal","","3","","3","other","100","","","1","","1","other","100","","","3","","3","other","100","","","3","","3","other","100","","","","","","","","","","","","","","",""
"41.75340667-76.62683847---2005","https://mapsengine.google.com/06136759344167181854-15960346301379896183-4/wms/?version=1.3.0","41.7534066686","-76.6268384663","2005","Bradford","final_internal","","3","","3","other","100","","","1","","1","other","100","","","3","","3","other","100","","","3","","3","other","100","","","","","","","","","","","","","","",""
"41.64284467-76.37793055---2010","https://mapsengine.google.com/06136759344167181854-06191489742681286724-4/wms/?version=1.3.0","41.64284467","-76.37793055","2010","Bradford","first_internal","","3","","3","other","100","","","9","1","10","other","90","","","3","","3","other","100","","","","","","","","","","","","","","","","","","","","","",""
"41.28517933-76.63498453---2010","https://mapsengine.google.com/06136759344167181854-06191489742681286724-4/wms/?version=1.3.0","41.2851793314","-76.634984531","2010","Lycoming","public","","10","","10","other","100","","","10","","10","other","100","","","","","","","","","","","","","","","","","","","","","","","","","","","","",""
"41.72004865-76.05861645---2008","https://mapsengine.google.com/06136759344167181854-00219351362547715467-4/wms/?version=1.3.0","41.7200486461","-76.0586164499","2008","Susquehanna","final_internal","","4","","4","other","100","","","1","","1","other","100","","","3","","3","other","100","","","4","","4","other","100","","","","","","","","","","","","","","",""
"40.00911145-79.62705286---2010","https://mapsengine.google.com/06136759344167181854-06191489742681286724-4/wms/?version=1.3.0","40.0091114505","-79.6270528576","2010","Fayette","public","","10","","10","other","100","","","10","","10","other","100","","","","","","","","","","","","","","","","","","","","","","","","","","","","",""
"41.8050758-75.83181176---2008","https://mapsengine.google.com/06136759344167181854-00219351362547715467-4/wms/?version=1.3.0","41.8050758007","-75.8318117606","2008","Susquehanna","final_internal","","3","","3","other","100","","","1","","1","other","100","","","3","","3","other","100","","","3","","3","other","100","","","","","","","","","","","","","","",""
"39.77978757-79.86370784---2005","https://mapsengine.google.com/06136759344167181854-15960346301379896183-4/wms/?version=1.3.0","39.7797875663","-79.8637078363","2005","Fayette","final_internal","","3","","3","other","100","","","1","","1","other","100","","","","","","","","","","3","","3","other","100","","","","","","","","","","","","","","",""
"41.75685598-76.47536683---2010","https://mapsengine.google.com/06136759344167181854-06191489742681286724-4/wms/?version=1.3.0","41.75685598","-76.47536683","2010","Bradford","first_internal","","3","","3","other","100","","","10","1","11","other","90","","","3","","3","other","100","","","","","","","","","","","","","","","","","","","","","",""
"41.58147944-78.81960594---2008","https://mapsengine.google.com/06136759344167181854-00219351362547715467-4/wms/?version=1.3.0","41.581479441","-78.8196059424","2008","Elk","final_internal","","4","","4","other","100","","1","","","1","fracking","100","","","","","","","","","","4","","4","other","100","","","","","","","","","","","","","","",""
"41.712426-75.91162724---2005","https://mapsengine.google.com/06136759344167181854-15960346301379896183-4/wms/?version=1.3.0","41.7124259962","-75.9116272423","2005","Susquehanna","final_internal","","3","","3","other","100","","","1","","1","other","100","","","3","","3","other","100","","","3","","3","other","100","","","","","","","","","","","","","","",""
"41.66681804-76.09463088---2010","https://mapsengine.google.com/06136759344167181854-06191489742681286724-4/wms/?version=1.3.0","41.6668180377","-76.0946308772","2010","Susquehanna","sweeper_internal","","1","","1","other","100","","2","6","2","10","other","60","","","3","","3","other","100","","","","","","","","","","1","","1","other","100","","","","","","","",""
"40.8151618-80.20207985---2005","https://mapsengine.google.com/06136759344167181854-15960346301379896183-4/wms/?version=1.3.0","40.8151617964","-80.2020798454","2005","Beaver","final_internal","","3","","3","other","100","","","1","","1","other","100","","","2","1","3","other","66","","","3","","3","other","100","","","","","","","","","","","","","","",""
"41.67391792-76.38104971---2010","https://mapsengine.google.com/06136759344167181854-06191489742681286724-4/wms/?version=1.3.0","41.67391792","-76.38104971","2010","Bradford","first_internal","","3","","3","other","100","","","13","","13","other","100","","","3","","3","other","100","","","","","","","","","","","","","","","","","","","","","",""
"41.67550121-77.34610026---2010","https://mapsengine.google.com/06136759344167181854-06191489742681286724-4/wms/?version=1.3.0","41.6755012094","-77.3461002581","2010","Tioga","public","11","","","11","fracking","100","","11","","","11","fracking","100","","","","","","","","","","","","","","","","","","","","","","","","","","","","",""
"41.61113685-76.98345617---2005","https://mapsengine.google.com/06136759344167181854-15960346301379896183-4/wms/?version=1.3.0","41.6111368516","-76.9834561738","2005","Tioga","final_internal","","3","","3","other","100","","","1","","1","other","100","","","","","","","","","","3","","3","other","100","","","","","","","","","","","","","","",""
"39.91216803-80.00733633---2005","https://mapsengine.google.com/06136759344167181854-15960346301379896183-4/wms/?version=1.3.0","39.912168033","-80.0073363307","2005","Greene","final_internal","","2","1","3","other","66","","","1","","1","other","100","","","","","","","","","","2","1","3","other","66","","","","","","","","","","","","","","",""
"41.71457883-76.0895293---2008","https://mapsengine.google.com/06136759344167181854-00219351362547715467-4/wms/?version=1.3.0","41.7145788323","-76.0895292974","2008","Susquehanna","final_internal","","3","","3","other","100","","","1","","1","other","100","","","3","","3","other","100","","","3","","3","other","100","","","","","","","","","","","","","","",""
"39.95362193-80.10163592---2010","https://mapsengine.google.com/06136759344167181854-06191489742681286724-4/wms/?version=1.3.0","39.9536219314","-80.1016359227","2010","Greene","public","10","","","10","fracking","100","","10","","","10","fracking","100","","","","","","","","","","","","","","","","","","","","","","","","","","","","",""
"41.68391423-76.66163173---2005","https://mapsengine.google.com/06136759344167181854-15960346301379896183-4/wms/?version=1.3.0","41.6839142295","-76.6616317262","2005","Bradford","final_internal","","3","","3","other","100","","","1","","1","other","100","","","3","","3","other","100","","","3","","3","other","100","","","","","","","","","","","","","","",""
"41.7594388-77.36785769---2008","https://mapsengine.google.com/06136759344167181854-00219351362547715467-4/wms/?version=1.3.0","41.7594387988","-77.3678576913","2008","Tioga","final_internal","","4","","4","other","100","","","1","","1","other","100","","","","","","","","","","4","","4","other","100","","","","","","","","","","","","","","",""
"40.28770948-80.31433099---2010","https://mapsengine.google.com/06136759344167181854-06191489742681286724-4/wms/?version=1.3.0","40.2877094794","-80.3143309906","2010","Washington","sweeper_internal","","1","","1","other","100","","1","4","5","10","unknown","50","","","","","","","","","","","","","","","","","1","","1","other","100","","","","","","","",""
"41.59398211-78.33153669---2005","https://mapsengine.google.com/06136759344167181854-15960346301379896183-4/wms/?version=1.3.0","41.5939821095","-78.3315366867","2005","Cameron","final_internal","","3","","3","other","100","","","1","","1","other","100","","","","","","","","","","3","","3","other","100","","","","","","","","","","","","","","",""
"40.27527353-80.34096629---2010","https://mapsengine.google.com/06136759344167181854-06191489742681286724-4/wms/?version=1.3.0","40.2752735298","-80.3409662887","2010","Washington","public","","8","2","10","other","80","","","8","2","10","other","80","","","","","","","","","","","","","","","","","","","","","","","","","","","","",""
"41.95506641-76.95769359---2010","https://mapsengine.google.com/06136759344167181854-06191489742681286724-4/wms/?version=1.3.0","41.9550664143","-76.9576935886","2010","Tioga","public","","10","","10","other","100","","","10","","10","other","100","","","","","","","","","","","","","","","","","","","","","","","","","","","","",""
"41.88129885-76.10245071---2010","https://mapsengine.google.com/06136759344167181854-06191489742681286724-4/wms/?version=1.3.0","41.88129885","-76.10245071","2010","Susquehanna","first_internal","","3","","3","other","100","","","11","","11","other","100","","","3","","3","other","100","","","","","","","","","","","","","","","","","","","","","",""
"40.92389639-80.03394859---2005","https://mapsengine.google.com/06136759344167181854-15960346301379896183-4/wms/?version=1.3.0","40.9238963947","-80.0339485874","2005","Butler","final_internal","","3","","3","other","100","","","1","","1","other","100","","","","","","","","","","3","","3","other","100","","","","","","","","","","","","","","",""
"41.63430106-76.41541706---2010","https://mapsengine.google.com/06136759344167181854-06191489742681286724-4/wms/?version=1.3.0","41.63430106","-76.41541706","2010","Bradford","first_internal","1","","2","3","unknown","66","","8","1","1","10","fracking","80","","1","","2","3","unknown","66","","","","","","","","","","","","","","","","","","","","","",""
"40.85480261-79.58078727---2010","https://mapsengine.google.com/06136759344167181854-06191489742681286724-4/wms/?version=1.3.0","40.8548026107","-79.5807872715","2010","Armstrong","sweeper_internal","1","","","1","fracking","100","","6","1","3","10","fracking","60","","","","","","","","","","","","","","","","1","","","1","fracking","100","","","","","","","",""
"41.56829007-76.09461796---2010","https://mapsengine.google.com/06136759344167181854-06191489742681286724-4/wms/?version=1.3.0","41.56829007","-76.09461796","2010","Wyoming","first_internal","","3","","3","other","100","","","10","","10","other","100","","","3","","3","other","100","","","","","","","","","","","","","","","","","","","","","",""
"41.72495079-75.92136507---2005","https://mapsengine.google.com/06136759344167181854-15960346301379896183-4/wms/?version=1.3.0","41.7249507861","-75.9213650747","2005","Susquehanna","final_internal","","3","","3","other","100","","","1","","1","other","100","","","3","","3","other","100","","","3","","3","other","100","","","","","","","","","","","","","","",""
"41.68706719-77.66721883---2008","https://mapsengine.google.com/06136759344167181854-00219351362547715467-4/wms/?version=1.3.0","41.6870671877","-77.6672188299","2008","Potter","final_internal","","3","","3","other","100","","","1","","1","other","100","","","","","","","","","","3","","3","other","100","","","","","","","","","","","","","","",""
"39.79558589-79.19114417---2005","https://mapsengine.google.com/06136759344167181854-15960346301379896183-4/wms/?version=1.3.0","39.7955858896","-79.1911441651","2005","Somerset","final_internal","","3","","3","other","100","","","1","","1","other","100","","","","","","","","","","3","","3","other","100","","","","","","","","","","","","","","",""
"41.74679908-76.8425682---2005","https://mapsengine.google.com/06136759344167181854-15960346301379896183-4/wms/?version=1.3.0","41.7467990779","-76.8425681989","2005","Bradford","final_internal","","3","","3","other","100","","","1","","1","other","100","","","3","","3","other","100","","","3","","3","other","100","","","","","","","","","","","","","","",""
"41.72815421-76.25509154---2008","https://mapsengine.google.com/06136759344167181854-00219351362547715467-4/wms/?version=1.3.0","41.728154205","-76.2550915431","2008","Bradford","final_internal","","3","","3","other","100","","","1","","1","other","100","","","3","","3","other","100","","","3","","3","other","100","","","","","","","","","","","","","","",""
"41.80987676-76.90655122---2005","https://mapsengine.google.com/06136759344167181854-15960346301379896183-4/wms/?version=1.3.0","41.8098767615","-76.9065512214","2005","Tioga","final_internal","","3","","3","other","100","","","1","","1","other","100","","","","","","","","","","3","","3","other","100","","","","","","","","","","","","","","",""
"41.70224427-76.72510917---2005","https://mapsengine.google.com/06136759344167181854-15960346301379896183-4/wms/?version=1.3.0","41.7022442679","-76.7251091714","2005","Bradford","final_internal","","3","","3","other","100","","","1","","1","other","100","","","3","","3","other","100","","","3","","3","other","100","","","","","","","","","","","","","","",""
"41.78102871-76.30604881---2010","https://mapsengine.google.com/06136759344167181854-06191489742681286724-4/wms/?version=1.3.0","41.78102871","-76.30604881","2010","Bradford","first_internal","","3","","3","other","100","","1","9","","10","other","90","","","3","","3","other","100","","","","","","","","","","","","","","","","","","","","","",""
"39.80864147-79.52738934---2005","https://mapsengine.google.com/06136759344167181854-15960346301379896183-4/wms/?version=1.3.0","39.8086414707","-79.5273893384","2005","Fayette","final_internal","","3","","3","other","100","","","1","","1","other","100","","","","","","","","","","3","","3","other","100","","","","","","","","","","","","","","",""
"39.88099779-80.0019142---2008","https://mapsengine.google.com/06136759344167181854-00219351362547715467-4/wms/?version=1.3.0","39.880997789","-80.0019141978","2008","Greene","sweeper_internal","","1","","1","other","100","","4","2","4","10","fracking|unknown","","40|40","","2","1","3","other","66","","","","","","","","","","1","","1","other","100","","","","","","","",""
"41.80918412-76.53858478---2010","https://mapsengine.google.com/06136759344167181854-06191489742681286724-4/wms/?version=1.3.0","41.8091841158","-76.5385847755","2010","Bradford","sweeper_internal","1","","","1","fracking","100","","4","3","3","10","fracking","40","","2","","1","3","fracking","66","","","","","","","","","1","","","1","fracking","100","","","","","","","",""
"39.90627473-80.30046314---2010","https://mapsengine.google.com/06136759344167181854-06191489742681286724-4/wms/?version=1.3.0","39.9062747312","-80.3004631442","2010","Greene","sweeper_internal","","1","","1","other","100","","5","4","1","10","fracking","50","","","","","","","","","","","","","","","","","1","","1","other","100","","","","","","","",""
"40.27033984-80.26149464---2005","https://mapsengine.google.com/06136759344167181854-15960346301379896183-4/wms/?version=1.3.0","40.2703398402","-80.2614946444","2005","Washington","final_internal","","3","","3","other","100","","","","1","1","unknown","100","","","","","","","","","","3","","3","other","100","","","","","","","","","","","","","","",""
"40.24133481-80.27330474---2010","https://mapsengine.google.com/06136759344167181854-06191489742681286724-4/wms/?version=1.3.0","40.2413348121","-80.273304738","2010","Washington","public","","8","2","10","other","80","","","8","2","10","other","80","","","","","","","","","","","","","","","","","","","","","","","","","","","","",""
"41.58360731-78.81895538---2010","https://mapsengine.google.com/06136759344167181854-06191489742681286724-4/wms/?version=1.3.0","41.5836073054","-78.8189553779","2010","Elk","sweeper_internal","1","","","1","fracking","100","","17","5","8","30","fracking","56","","","","","","","","","","","","","","","","1","","","1","fracking","100","","","","","","","",""
"41.76735191-76.25148362---2008","https://mapsengine.google.com/06136759344167181854-00219351362547715467-4/wms/?version=1.3.0","41.7673519084","-76.2514836211","2008","Bradford","final_internal","","4","","4","other","100","","","1","","1","other","100","","","3","","3","other","100","","","4","","4","other","100","","","","","","","","","","","","","","",""
"39.93761841-79.84602388---2005","https://mapsengine.google.com/06136759344167181854-15960346301379896183-4/wms/?version=1.3.0","39.9376184065","-79.8460238845","2005","Fayette","final_internal","","3","","3","other","100","","","1","","1","other","100","","","","","","","","","","3","","3","other","100","","","","","","","","","","","","","","",""
"40.52394018-79.20641178---2010","https://mapsengine.google.com/06136759344167181854-06191489742681286724-4/wms/?version=1.3.0","40.5239401768","-79.2064117783","2010","Indiana","sweeper_internal","","1","","1","other","100","","7","10","12","29","unknown","41","","","","","","","","","","","","","","","","","1","","1","other","100","","","","","","","",""
"41.93454713-75.86812535---2008","https://mapsengine.google.com/06136759344167181854-00219351362547715467-4/wms/?version=1.3.0","41.9345471331","-75.868125347","2008","Susquehanna","final_internal","","3","","3","other","100","","","1","","1","other","100","","","3","","3","other","100","","","3","","3","other","100","","","","","","","","","","","","","","",""
"41.85346234-76.83091741---2005","https://mapsengine.google.com/06136759344167181854-15960346301379896183-4/wms/?version=1.3.0","41.8534623417","-76.8309174116","2005","Bradford","final_internal","","3","","3","other","100","","1","","","1","fracking","100","","","3","","3","other","100","","","3","","3","other","100","","","","","","","","","","","","","","",""
"39.92281094-79.9805045---2008","https://mapsengine.google.com/06136759344167181854-00219351362547715467-4/wms/?version=1.3.0","39.9228109397","-79.9805044963","2008","Greene","first_internal","","3","","3","other","100","","1","8","1","10","other","80","","","3","","3","other","100","","","","","","","","","","","","","","","","","","","","","",""
"41.65088595-75.96333811---2010","https://mapsengine.google.com/06136759344167181854-06191489742681286724-4/wms/?version=1.3.0","41.65088595","-75.96333811","2010","Susquehanna","first_internal","","3","","3","other","100","","","9","1","10","other","90","","","3","","3","other","100","","","","","","","","","","","","","","","","","","","","","",""
"40.83337387-79.68494245---2010","https://mapsengine.google.com/06136759344167181854-06191489742681286724-4/wms/?version=1.3.0","40.8333738661","-79.6849424541","2010","Armstrong","public","8","","2","10","fracking","80","","8","","2","10","fracking","80","","","","","","","","","","","","","","","","","","","","","","","","","","","","",""
"41.72017768-75.86819561---2005","https://mapsengine.google.com/06136759344167181854-15960346301379896183-4/wms/?version=1.3.0","41.7201776756","-75.8681956123","2005","Susquehanna","final_internal","","4","","4","other","100","","","1","","1","other","100","","","3","","3","other","100","","","4","","4","other","100","","","","","","","","","","","","","","",""
"41.76749104-76.53390646---2010","https://mapsengine.google.com/06136759344167181854-06191489742681286724-4/wms/?version=1.3.0","41.7674910356","-76.5339064613","2010","Bradford","sweeper_internal","","1","","1","other","100","","5","4","1","10","fracking","50","","1","2","","3","other","66","","","","","","","","","","1","","1","other","100","","","","","","","",""
"40.27650253-80.25019845---2010","https://mapsengine.google.com/06136759344167181854-06191489742681286724-4/wms/?version=1.3.0","40.2765025268","-80.2501984512","2010","Washington","sweeper_internal","","1","","1","other","100","","4","5","1","10","other","50","","","","","","","","","","","","","","","","","1","","1","other","100","","","","","","","",""
"39.7332134-79.80154485---2010","https://mapsengine.google.com/06136759344167181854-06191489742681286724-4/wms/?version=1.3.0","39.733213404","-79.8015448519","2010","Fayette","sweeper_internal","","1","","1","other","100","","6","3","1","10","fracking","60","","","","","","","","","","","","","","","","","1","","1","other","100","","","","","","","",""
"41.73525662-77.15584842---2010","https://mapsengine.google.com/06136759344167181854-06191489742681286724-4/wms/?version=1.3.0","41.7352566231","-77.1558484197","2010","Tioga","public","","9","1","10","other","90","","","9","1","10","other","90","","","","","","","","","","","","","","","","","","","","","","","","","","","","",""
"41.26083332-76.58334909---2010","https://mapsengine.google.com/06136759344167181854-06191489742681286724-4/wms/?version=1.3.0","41.2608333167","-76.583349087","2010","Lycoming","public","","10","","10","other","100","","","10","","10","other","100","","","","","","","","","","","","","","","","","","","","","","","","","","","","",""
"39.88112821-80.00102607---2010","https://mapsengine.google.com/06136759344167181854-06191489742681286724-4/wms/?version=1.3.0","39.881128214","-80.0010260682","2010","Greene","sweeper_internal","","1","","1","other","100","","4","5","1","10","other","50","","","","","","","","","","","","","","","","","1","","1","other","100","","","","","","","",""
"41.77519206-77.33387224---2005","https://mapsengine.google.com/06136759344167181854-15960346301379896183-4/wms/?version=1.3.0","41.7751920564","-77.3338722432","2005","Tioga","missing_internal","","1","","1","other","100","","","","","","fracking|unknown|other","","","","","","","","","","","","","","","","","","","","","","","","","1","","1","other","100",""
"40.08769404-79.71498066---2010","https://mapsengine.google.com/06136759344167181854-06191489742681286724-4/wms/?version=1.3.0","40.0876940387","-79.7149806629","2010","Fayette","public","","10","","10","other","100","","","10","","10","other","100","","","","","","","","","","","","","","","","","","","","","","","","","","","","",""
"41.84628443-76.91154947---2005","https://mapsengine.google.com/06136759344167181854-15960346301379896183-4/wms/?version=1.3.0","41.8462844337","-76.9115494742","2005","Tioga","missing_internal","","1","","1","other","100","","","","","","fracking|unknown|other","","","","","","","","","","","","","","","","","","","","","","","","","1","","1","other","100",""
"40.01159315-79.87967618---2010","https://mapsengine.google.com/06136759344167181854-06191489742681286724-4/wms/?version=1.3.0","40.0115931459","-79.8796761806","2010","Fayette","public","10","","","10","fracking","100","","10","","","10","fracking","100","","","","","","","","","","","","","","","","","","","","","","","","","","","","",""
"40.12911964-80.19362442---2010","https://mapsengine.google.com/06136759344167181854-06191489742681286724-4/wms/?version=1.3.0","40.1291196387","-80.1936244189","2010","Washington","public","","10","","10","other","100","","","10","","10","other","100","","","","","","","","","","","","","","","","","","","","","","","","","","","","",""
"41.71922175-76.36477608---2008","https://mapsengine.google.com/06136759344167181854-00219351362547715467-4/wms/?version=1.3.0","41.7192217514","-76.3647760756","2008","Bradford","final_internal","","3","","3","other","100","","","1","","1","other","100","","","3","","3","other","100","","","3","","3","other","100","","","","","","","","","","","","","","",""
"40.24826683-80.37785575---2008","https://mapsengine.google.com/06136759344167181854-00219351362547715467-4/wms/?version=1.3.0","40.2482668262","-80.3778557481","2008","Washington","first_internal","","3","","3","other","100","","","8","","8","other","100","","","3","","3","other","100","","","","","","","","","","","","","","","","","","","","","",""
"41.86535186-76.86149533---2010","https://mapsengine.google.com/06136759344167181854-06191489742681286724-4/wms/?version=1.3.0","41.86535186","-76.86149533","2010","Bradford","first_internal","","3","","3","other","100","","","9","1","10","other","90","","","3","","3","other","100","","","","","","","","","","","","","","","","","","","","","",""
"40.75682031-79.04845196---2005","https://mapsengine.google.com/06136759344167181854-15960346301379896183-4/wms/?version=1.3.0","40.7568203111","-79.0484519617","2005","Indiana","final_internal","","3","","3","other","100","","","1","","1","other","100","","","","","","","","","","3","","3","other","100","","","","","","","","","","","","","","",""
"41.74554202-76.76848501---2010","https://mapsengine.google.com/06136759344167181854-06191489742681286724-4/wms/?version=1.3.0","41.74554202","-76.76848501","2010","Bradford","first_internal","","3","","3","other","100","","","10","","10","other","100","","","3","","3","other","100","","","","","","","","","","","","","","","","","","","","","",""
"40.01098303-79.63145381---2010","https://mapsengine.google.com/06136759344167181854-06191489742681286724-4/wms/?version=1.3.0","40.0109830306","-79.6314538054","2010","Fayette","public","10","","","10","fracking","100","","10","","","10","fracking","100","","","","","","","","","","","","","","","","","","","","","","","","","","","","",""
"41.6342455-76.40140595---2008","https://mapsengine.google.com/06136759344167181854-00219351362547715467-4/wms/?version=1.3.0","41.6342455044","-76.4014059539","2008","Bradford","final_internal","","3","","3","other","100","","","1","","1","other","100","","","3","","3","other","100","","","3","","3","other","100","","","","","","","","","","","","","","",""
"41.76664325-75.93315302---2010","https://mapsengine.google.com/06136759344167181854-06191489742681286724-4/wms/?version=1.3.0","41.76664325","-75.93315302","2010","Susquehanna","first_internal","","3","","3","other","100","","","12","","12","other","100","","","3","","3","other","100","","","","","","","","","","","","","","","","","","","","","",""
"41.6268764-76.90191863---2010","https://mapsengine.google.com/06136759344167181854-06191489742681286724-4/wms/?version=1.3.0","41.6268763997","-76.9019186283","2010","Tioga","public","","9","1","10","other","90","","","9","1","10","other","90","","","","","","","","","","","","","","","","","","","","","","","","","","","","",""
"41.0010456-79.78624814---2008","https://mapsengine.google.com/06136759344167181854-00219351362547715467-4/wms/?version=1.3.0","41.0010455952","-79.7862481394","2008","Butler","first_internal","","3","","3","other","100","","","1","1","2","unknown|other","","50|50","","3","","3","other","100","","","","","","","","","","","","","","","","","","","","","",""
"40.01772886-80.06734179---2008","https://mapsengine.google.com/06136759344167181854-00219351362547715467-4/wms/?version=1.3.0","40.0177288628","-80.0673417945","2008","Washington","first_internal","","3","","3","other","100","","1","8","1","10","other","80","","","3","","3","other","100","","","","","","","","","","","","","","","","","","","","","",""
"41.1043042-78.971872---2010","https://mapsengine.google.com/06136759344167181854-06191489742681286724-4/wms/?version=1.3.0","41.1043041999","-78.9718719984","2010","Jefferson","public","9","","1","10","fracking","90","","9","","1","10","fracking","90","","","","","","","","","","","","","","","","","","","","","","","","","","","","",""
"41.59710222-77.10615763---2008","https://mapsengine.google.com/06136759344167181854-00219351362547715467-4/wms/?version=1.3.0","41.5971022217","-77.106157628","2008","Tioga","final_internal","","3","","3","other","100","","","1","","1","other","100","","","","","","","","","","3","","3","other","100","","","","","","","","","","","","","","",""
"40.80089125-80.07916699---2005","https://mapsengine.google.com/06136759344167181854-15960346301379896183-4/wms/?version=1.3.0","40.8008912509","-80.0791669891","2005","Butler","final_internal","","3","","3","other","100","","","1","","1","other","100","","","","","","","","","","3","","3","other","100","","","","","","","","","","","","","","",""
"41.56349567-77.07335899---2005","https://mapsengine.google.com/06136759344167181854-15960346301379896183-4/wms/?version=1.3.0","41.5634956701","-77.0733589897","2005","Tioga","final_internal","","3","","3","other","100","","","1","","1","other","100","","","","","","","","","","3","","3","other","100","","","","","","","","","","","","","","",""
"39.91154413-79.96573658---2010","https://mapsengine.google.com/06136759344167181854-06191489742681286724-4/wms/?version=1.3.0","39.9115441252","-79.9657365755","2010","Greene","sweeper_internal","","1","","1","other","100","","2","7","1","10","other","70","","","","","","","","","","","","","","","","","1","","1","other","100","","","","","","","",""
"41.27621014-76.55892737---2005","https://mapsengine.google.com/06136759344167181854-15960346301379896183-4/wms/?version=1.3.0","41.2762101394","-76.5589273721","2005","Lycoming","missing_internal","1","","","1","fracking","100","","","","","","fracking|unknown|other","","","","","","","","","","","","","","","","","","","","","","","","1","","","1","fracking","100",""
"41.8263942-76.98143624---2010","https://mapsengine.google.com/06136759344167181854-06191489742681286724-4/wms/?version=1.3.0","41.8263941989","-76.9814362443","2010","Tioga","public","","10","","10","other","100","","","10","","10","other","100","","","","","","","","","","","","","","","","","","","","","","","","","","","","",""
"41.69743679-75.96234975---2010","https://mapsengine.google.com/06136759344167181854-06191489742681286724-4/wms/?version=1.3.0","41.69743679","-75.96234975","2010","Susquehanna","first_internal","","4","","4","other","100","","","10","","10","other","100","","","4","","4","other","100","","","","","","","","","","","","","","","","","","","","","",""
"41.73835919-75.9450552---2008","https://mapsengine.google.com/06136759344167181854-00219351362547715467-4/wms/?version=1.3.0","41.7383591939","-75.945055196","2008","Susquehanna","final_internal","","3","","3","other","100","","","1","","1","other","100","","","3","","3","other","100","","","3","","3","other","100","","","","","","","","","","","","","","",""
"41.76944472-76.23130864---2010","https://mapsengine.google.com/06136759344167181854-06191489742681286724-4/wms/?version=1.3.0","41.76944472","-76.23130864","2010","Bradford","first_internal","","3","","3","other","100","","","10","","10","other","100","","","3","","3","other","100","","","","","","","","","","","","","","","","","","","","","",""
"40.35164379-78.5654685---2005","https://mapsengine.google.com/06136759344167181854-15960346301379896183-4/wms/?version=1.3.0","40.3516437915","-78.5654684994","2005","Blair","final_internal","","3","","3","other","100","","","1","","1","other","100","","","","","","","","","","3","","3","other","100","","","","","","","","","","","","","","",""
"40.02092592-80.02576171---2010","https://mapsengine.google.com/06136759344167181854-06191489742681286724-4/wms/?version=1.3.0","40.0209259152","-80.0257617114","2010","Washington","public","1","9","","10","other","90","","1","9","","10","other","90","","","","","","","","","","","","","","","","","","","","","","","","","","","","",""
"41.76520415-75.97430684---2010","https://mapsengine.google.com/06136759344167181854-06191489742681286724-4/wms/?version=1.3.0","41.7652041505","-75.9743068384","2010","Susquehanna","sweeper_internal","","1","","1","other","100","","2","5","5","12","unknown|other","","41|41","","2","1","3","other","66","","","","","","","","","","1","","1","other","100","","","","","","","",""
"39.90440718-79.99758282---2008","https://mapsengine.google.com/06136759344167181854-00219351362547715467-4/wms/?version=1.3.0","39.9044071761","-79.997582821","2008","Greene","first_internal","","3","","3","other","100","","","11","","11","other","100","","","3","","3","other","100","","","","","","","","","","","","","","","","","","","","","",""
"41.84247012-76.05333804---2010","https://mapsengine.google.com/06136759344167181854-06191489742681286724-4/wms/?version=1.3.0","41.8424701236","-76.0533380439","2010","Susquehanna","sweeper_internal","","1","","1","other","100","","3","3","4","10","unknown","40","","1","2","","3","other","66","","","","","","","","","","1","","1","other","100","","","","","","","",""
"41.97859126-77.57315082---2010","https://mapsengine.google.com/06136759344167181854-06191489742681286724-4/wms/?version=1.3.0","41.9785912606","-77.5731508191","2010","Tioga","public","","10","","10","other","100","","","10","","10","other","100","","","","","","","","","","","","","","","","","","","","","","","","","","","","",""
"39.92956297-80.02598206---2008","https://mapsengine.google.com/06136759344167181854-00219351362547715467-4/wms/?version=1.3.0","39.9295629714","-80.0259820622","2008","Greene","first_internal","","3","","3","other","100","","","10","","10","other","100","","","3","","3","other","100","","","","","","","","","","","","","","","","","","","","","",""
"41.68949993-76.05824991---2005","https://mapsengine.google.com/06136759344167181854-15960346301379896183-4/wms/?version=1.3.0","41.6894999322","-76.058249913","2005","Susquehanna","final_internal","","3","","3","other","100","","","1","","1","other","100","","","3","","3","other","100","","","3","","3","other","100","","","","","","","","","","","","","","",""
"41.70189312-77.30921107---2005","https://mapsengine.google.com/06136759344167181854-15960346301379896183-4/wms/?version=1.3.0","41.7018931219","-77.3092110745","2005","Tioga","missing_internal","","1","","1","other","100","","","","","","fracking|unknown|other","","","","","","","","","","","","","","","","","","","","","","","","","1","","1","other","100",""
"41.53435415-76.68944773---2010","https://mapsengine.google.com/06136759344167181854-06191489742681286724-4/wms/?version=1.3.0","41.53435415","-76.68944773","2010","Sullivan","first_internal","","3","","3","other","100","","","9","1","10","other","90","","","3","","3","other","100","","","","","","","","","","","","","","","","","","","","","",""
"41.74414629-76.05896631---2010","https://mapsengine.google.com/06136759344167181854-06191489742681286724-4/wms/?version=1.3.0","41.74414629","-76.05896631","2010","Susquehanna","first_internal","","3","","3","other","100","","","10","","10","other","100","","","3","","3","other","100","","","","","","","","","","","","","","","","","","","","","",""
"41.58960779-78.48383066---2008","https://mapsengine.google.com/06136759344167181854-00219351362547715467-4/wms/?version=1.3.0","41.5896077888","-78.483830659","2008","Elk","first_internal","","3","","3","other","100","","","1","","1","other","100","","","3","","3","other","100","","","","","","","","","","","","","","","","","","","","","",""
"41.7532464-76.62687827---2010","https://mapsengine.google.com/06136759344167181854-06191489742681286724-4/wms/?version=1.3.0","41.7532464","-76.62687827","2010","Bradford","first_internal","","3","","3","other","100","","","11","","11","other","100","","","3","","3","other","100","","","","","","","","","","","","","","","","","","","","","",""
"41.96558955-77.03466678---2010","https://mapsengine.google.com/06136759344167181854-06191489742681286724-4/wms/?version=1.3.0","41.9655895505","-77.0346667799","2010","Tioga","sweeper_internal","","1","","1","other","100","","2","7","2","11","other","63","","","","","","","","","","","","","","","","","1","","1","other","100","","","","","","","",""
"41.78395507-76.11072172---2010","https://mapsengine.google.com/06136759344167181854-06191489742681286724-4/wms/?version=1.3.0","41.78395507","-76.11072172","2010","Susquehanna","first_internal","","3","","3","other","100","","","11","","11","other","100","","","3","","3","other","100","","","","","","","","","","","","","","","","","","","","","",""
"41.54759588-76.43308024---2008","https://mapsengine.google.com/06136759344167181854-00219351362547715467-4/wms/?version=1.3.0","41.5475958813","-76.4330802366","2008","Sullivan","final_internal","","3","","3","other","100","","","1","","1","other","100","","","3","","3","other","100","","","3","","3","other","100","","","","","","","","","","","","","","",""
"39.77147865-79.5002874---2010","https://mapsengine.google.com/06136759344167181854-06191489742681286724-4/wms/?version=1.3.0","39.7714786533","-79.5002873998","2010","Fayette","public","2","8","","10","other","80","","2","8","","10","other","80","","","","","","","","","","","","","","","","","","","","","","","","","","","","",""
"41.77099368-77.15057311---2010","https://mapsengine.google.com/06136759344167181854-06191489742681286724-4/wms/?version=1.3.0","41.7709936774","-77.1505731133","2010","Tioga","public","","10","","10","other","100","","","10","","10","other","100","","","","","","","","","","","","","","","","","","","","","","","","","","","","",""
"39.91149202-79.95907995---2008","https://mapsengine.google.com/06136759344167181854-00219351362547715467-4/wms/?version=1.3.0","39.9114920155","-79.9590799518","2008","Greene","sweeper_internal","","1","","1","other","100","","5","1","4","10","fracking","50","","1","1","1","3","fracking|unknown|other","","33|33|33","","","","","","","","","1","","1","other","100","","","","","","","",""
"40.29395982-80.24544189---2010","https://mapsengine.google.com/06136759344167181854-06191489742681286724-4/wms/?version=1.3.0","40.2939598241","-80.2454418891","2010","Washington","public","","10","","10","other","100","","","10","","10","other","100","","","","","","","","","","","","","","","","","","","","","","","","","","","","",""
"40.95894891-78.82265105---2010","https://mapsengine.google.com/06136759344167181854-06191489742681286724-4/wms/?version=1.3.0","40.9589489128","-78.8226510512","2010","Jefferson","public","","10","","10","other","100","","","10","","10","other","100","","","","","","","","","","","","","","","","","","","","","","","","","","","","",""
"40.96640987-79.95528049---2005","https://mapsengine.google.com/06136759344167181854-15960346301379896183-4/wms/?version=1.3.0","40.9664098678","-79.9552804949","2005","Butler","final_internal","","3","","3","other","100","","","1","","1","other","100","","","","","","","","","","3","","3","other","100","","","","","","","","","","","","","","",""
"40.76564499-79.74295104---2010","https://mapsengine.google.com/06136759344167181854-06191489742681286724-4/wms/?version=1.3.0","40.7656449938","-79.7429510402","2010","Butler","sweeper_internal","1","","","1","fracking","100","","22","3","5","30","fracking","73","","","","","","","","","","","","","","","","1","","","1","fracking","100","","","","","","","",""
"41.91326618-75.80757835---2008","https://mapsengine.google.com/06136759344167181854-00219351362547715467-4/wms/?version=1.3.0","41.9132661813","-75.8075783524","2008","Susquehanna","final_internal","","3","","3","other","100","","","1","","1","other","100","","","3","","3","other","100","","","3","","3","other","100","","","","","","","","","","","","","","",""
"41.96583614-77.03795236---2010","https://mapsengine.google.com/06136759344167181854-06191489742681286724-4/wms/?version=1.3.0","41.9658361355","-77.0379523561","2010","Tioga","public","11","","","11","fracking","100","","11","","","11","fracking","100","","","","","","","","","","","","","","","","","","","","","","","","","","","","",""
"39.91884097-79.84224375---2005","https://mapsengine.google.com/06136759344167181854-15960346301379896183-4/wms/?version=1.3.0","39.9188409736","-79.8422437476","2005","Fayette","final_internal","2","","1","3","fracking","66","","1","","","1","fracking","100","","","","","","","","","2","","1","3","fracking","66","","","","","","","","","","","","","","",""
"41.74104415-75.90015543---2010","https://mapsengine.google.com/06136759344167181854-06191489742681286724-4/wms/?version=1.3.0","41.741044149","-75.9001554336","2010","Susquehanna","sweeper_internal","","1","","1","other","100","","2","6","3","11","other","54","","","3","","3","other","100","","","","","","","","","","1","","1","other","100","","","","","","","",""
"39.92066891-79.99903485---2005","https://mapsengine.google.com/06136759344167181854-15960346301379896183-4/wms/?version=1.3.0","39.9206689104","-79.9990348453","2005","Greene","final_internal","","3","","3","other","100","","","1","","1","other","100","","","","","","","","","","3","","3","other","100","","","","","","","","","","","","","","",""
"40.85075993-79.8388346---2010","https://mapsengine.google.com/06136759344167181854-06191489742681286724-4/wms/?version=1.3.0","40.85075993","-79.8388346025","2010","Butler","public","","13","","13","other","100","","","13","","13","other","100","","","","","","","","","","","","","","","","","","","","","","","","","","","","",""
"40.35777787-78.56258018---2010","https://mapsengine.google.com/06136759344167181854-06191489742681286724-4/wms/?version=1.3.0","40.3577778677","-78.5625801795","2010","Blair","public","8","","2","10","fracking","80","","8","","2","10","fracking","80","","","","","","","","","","","","","","","","","","","","","","","","","","","","",""
"39.95037513-79.97620963---2008","https://mapsengine.google.com/06136759344167181854-00219351362547715467-4/wms/?version=1.3.0","39.9503751295","-79.9762096276","2008","Greene","first_internal","3","","","3","fracking","100","","9","","1","10","fracking","90","","3","","","3","fracking","100","","","","","","","","","","","","","","","","","","","","","",""
"41.52740447-76.35663967---2010","https://mapsengine.google.com/06136759344167181854-06191489742681286724-4/wms/?version=1.3.0","41.52740447","-76.35663967","2010","Sullivan","first_internal","","3","","3","other","100","","","10","1","11","other","90","","","3","","3","other","100","","","","","","","","","","","","","","","","","","","","","",""
"39.77553181-80.00163288---2010","https://mapsengine.google.com/06136759344167181854-06191489742681286724-4/wms/?version=1.3.0","39.7755318117","-80.0016328768","2010","Greene","sweeper_internal","1","","","1","fracking","100","","3","7","","10","other","70","","","","","","","","","","","","","","","","1","","","1","fracking","100","","","","","","","",""
"40.78179316-80.03568687---2010","https://mapsengine.google.com/06136759344167181854-06191489742681286724-4/wms/?version=1.3.0","40.7817931618","-80.0356868721","2010","Butler","public","25","1","4","30","fracking","83","","25","1","4","30","fracking","83","","","","","","","","","","","","","","","","","","","","","","","","","","","","",""
"41.57039614-76.03884716---2010","https://mapsengine.google.com/06136759344167181854-06191489742681286724-4/wms/?version=1.3.0","41.5703961444","-76.0388471596","2010","Wyoming","sweeper_internal","","1","","1","other","100","","6","3","1","10","fracking","60","","","2","1","3","other","66","","","","","","","","","","1","","1","other","100","","","","","","","",""
"39.82784976-80.27939956---2005","https://mapsengine.google.com/06136759344167181854-15960346301379896183-4/wms/?version=1.3.0","39.8278497579","-80.2793995635","2005","Greene","final_internal","1","2","","3","other","66","","","1","","1","other","100","","","","","","","","","1","2","","3","other","66","","","","","","","","","","","","","","",""
"40.36102966-79.3380288---2010","https://mapsengine.google.com/06136759344167181854-06191489742681286724-4/wms/?version=1.3.0","40.3610296632","-79.338028795","2010","Westmoreland","public","","10","","10","other","100","","","10","","10","other","100","","","","","","","","","","","","","","","","","","","","","","","","","","","","",""
"40.26508587-80.46267297---2010","https://mapsengine.google.com/06136759344167181854-06191489742681286724-4/wms/?version=1.3.0","40.26508587","-80.4626729695","2010","Washington","public","10","","","10","fracking","100","","10","","","10","fracking","100","","","","","","","","","","","","","","","","","","","","","","","","","","","","",""
"41.59216534-75.56882599---2008","https://mapsengine.google.com/06136759344167181854-00219351362547715467-4/wms/?version=1.3.0","41.5921653365","-75.568825993","2008","Lackawanna","final_internal","","3","","3","other","100","","","1","","1","other","100","","","3","","3","other","100","","","3","","3","other","100","","","","","","","","","","","","","","",""
"40.31079229-80.32589968---2008","https://mapsengine.google.com/06136759344167181854-00219351362547715467-4/wms/?version=1.3.0","40.3107922851","-80.3258996844","2008","Washington","sweeper_internal","","1","","1","other","100","","2","4","4","10","unknown|other","","40|40","1","1","1","3","fracking|unknown|other","","33|33|33","","","","","","","","","1","","1","other","100","","","","","","","",""
"41.74873141-76.85608331---2005","https://mapsengine.google.com/06136759344167181854-15960346301379896183-4/wms/?version=1.3.0","41.7487314083","-76.8560833108","2005","Bradford","final_internal","","3","","3","other","100","","","1","","1","other","100","","","3","","3","other","100","","","3","","3","other","100","","","","","","","","","","","","","","",""
"40.250209-79.76479641---2008","https://mapsengine.google.com/06136759344167181854-00219351362547715467-4/wms/?version=1.3.0","40.2502090006","-79.7647964126","2008","Westmoreland","final_internal","","3","","3","other","100","","1","1","","2","fracking|other","","50|50","","","","","","","","","3","","3","other","100","","","","","","","","","","","","","","",""
"40.10784883-80.05897401---2008","https://mapsengine.google.com/06136759344167181854-00219351362547715467-4/wms/?version=1.3.0","40.1078488303","-80.0589740142","2008","Washington","first_internal","","3","","3","other","100","","","8","","8","other","100","","","3","","3","other","100","","","","","","","","","","","","","","","","","","","","","",""
"39.93150681-79.8729887---2008","https://mapsengine.google.com/06136759344167181854-00219351362547715467-4/wms/?version=1.3.0","39.9315068091","-79.8729886979","2008","Fayette","first_internal","3","","","3","fracking","100","","8","1","1","10","fracking","80","","3","","","3","fracking","100","","","","","","","","","","","","","","","","","","","","","",""
"39.88170714-80.00398699---2010","https://mapsengine.google.com/06136759344167181854-06191489742681286724-4/wms/?version=1.3.0","39.8817071352","-80.0039869911","2010","Greene","sweeper_internal","","1","","1","other","100","","4","4","2","10","fracking|other","","40|40","","","","","","","","","","","","","","","","1","","1","other","100","","","","","","","",""
"40.12104587-79.79966607---2010","https://mapsengine.google.com/06136759344167181854-06191489742681286724-4/wms/?version=1.3.0","40.1210458718","-79.7996660684","2010","Fayette","public","","9","1","10","other","90","","","9","1","10","other","90","","","","","","","","","","","","","","","","","","","","","","","","","","","","",""
"40.15195932-80.41228013---2005","https://mapsengine.google.com/06136759344167181854-15960346301379896183-4/wms/?version=1.3.0","40.1519593179","-80.4122801311","2005","Washington","final_internal","","3","","3","other","100","","","1","","1","other","100","","","","","","","","","","3","","3","other","100","","","","","","","","","","","","","","",""
"41.69866902-75.95885777---2010","https://mapsengine.google.com/06136759344167181854-06191489742681286724-4/wms/?version=1.3.0","41.6986690228","-75.9588577699","2010","Susquehanna","sweeper_internal","","1","","1","other","100","","5","1","5","11","fracking|unknown","","45|45","1","","2","3","unknown","66","","","","","","","","","","1","","1","other","100","","","","","","","",""
"41.77839245-75.92033769---2008","https://mapsengine.google.com/06136759344167181854-00219351362547715467-4/wms/?version=1.3.0","41.7783924545","-75.9203376882","2008","Susquehanna","final_internal","","3","","3","other","100","","","1","","1","other","100","","","3","","3","other","100","","","3","","3","other","100","","","","","","","","","","","","","","",""
"41.07364466-77.98226547---2010","https://mapsengine.google.com/06136759344167181854-06191489742681286724-4/wms/?version=1.3.0","41.0736446603","-77.9822654652","2010","Centre","sweeper_internal","1","","","1","fracking","100","","6","","4","10","fracking","60","","","","","","","","","","","","","","","","1","","","1","fracking","100","","","","","","","",""
"40.0292692-80.15319733---2010","https://mapsengine.google.com/06136759344167181854-06191489742681286724-4/wms/?version=1.3.0","40.029269202","-80.1531973289","2010","Washington","public","10","","","10","fracking","100","","10","","","10","fracking","100","","","","","","","","","","","","","","","","","","","","","","","","","","","","",""
"40.81299536-80.20218444---2005","https://mapsengine.google.com/06136759344167181854-15960346301379896183-4/wms/?version=1.3.0","40.8129953556","-80.2021844428","2005","Beaver","final_internal","","3","","3","other","100","","","1","","1","other","100","","","3","","3","other","100","","","3","","3","other","100","","","","","","","","","","","","","","",""
"39.82617364-80.03987967---2010","https://mapsengine.google.com/06136759344167181854-06191489742681286724-4/wms/?version=1.3.0","39.8261736372","-80.0398796661","2010","Greene","sweeper_internal","","1","","1","other","100","","4","4","2","10","fracking|other","","40|40","","","","","","","","","","","","","","","","1","","1","other","100","","","","","","","",""
"41.76244443-76.10735424---2008","https://mapsengine.google.com/06136759344167181854-00219351362547715467-4/wms/?version=1.3.0","41.762444428","-76.1073542353","2008","Susquehanna","final_internal","","3","","3","other","100","","","1","","1","other","100","","","3","","3","other","100","","","3","","3","other","100","","","","","","","","","","","","","","",""
"41.13471716-79.75314093---2005","https://mapsengine.google.com/06136759344167181854-15960346301379896183-4/wms/?version=1.3.0","41.1347171631","-79.7531409334","2005","Butler","final_internal","","3","","3","other","100","","","1","","1","other","100","","","","","","","","","","3","","3","other","100","","","","","","","","","","","","","","",""
"41.40651415-77.16075304---2008","https://mapsengine.google.com/06136759344167181854-00219351362547715467-4/wms/?version=1.3.0","41.4065141515","-77.1607530387","2008","Lycoming","final_internal","3","","","3","fracking","100","","1","","","1","fracking","100","","","","","","","","","3","","","3","fracking","100","","","","","","","","","","","","","","",""
"41.96731104-77.03255523---2010","https://mapsengine.google.com/06136759344167181854-06191489742681286724-4/wms/?version=1.3.0","41.9673110446","-77.0325552281","2010","Tioga","public","","10","","10","other","100","","","10","","10","other","100","","","","","","","","","","","","","","","","","","","","","","","","","","","","",""
"41.80954734-76.90690982---2008","https://mapsengine.google.com/06136759344167181854-00219351362547715467-4/wms/?version=1.3.0","41.8095473351","-76.9069098161","2008","Tioga","final_internal","","3","","3","other","100","","","1","","1","other","100","","","","","","","","","","3","","3","other","100","","","","","","","","","","","","","","",""
"39.86078565-79.97009651---2008","https://mapsengine.google.com/06136759344167181854-00219351362547715467-4/wms/?version=1.3.0","39.8607856477","-79.9700965148","2008","Greene","sweeper_internal","1","","","1","fracking","100","","6","1","3","10","fracking","60","","2","","1","3","fracking","66","","","","","","","","","1","","","1","fracking","100","","","","","","","",""
"39.83621399-79.53681846---2010","https://mapsengine.google.com/06136759344167181854-06191489742681286724-4/wms/?version=1.3.0","39.8362139934","-79.536818463","2010","Fayette","public","1","8","1","10","other","80","","1","8","1","10","other","80","","","","","","","","","","","","","","","","","","","","","","","","","","","","",""
"40.84682156-79.83758914---2008","https://mapsengine.google.com/06136759344167181854-00219351362547715467-4/wms/?version=1.3.0","40.8468215585","-79.8375891381","2008","Butler","first_internal","2","","1","3","fracking","66","","2","","","2","fracking","100","","2","","1","3","fracking","66","","","","","","","","","","","","","","","","","","","","","",""
"41.71331682-77.34972446---2008","https://mapsengine.google.com/06136759344167181854-00219351362547715467-4/wms/?version=1.3.0","41.7133168248","-77.3497244626","2008","Tioga","final_internal","","3","","3","other","100","","","1","","1","other","100","","","","","","","","","","3","","3","other","100","","","","","","","","","","","","","","",""
"41.76148382-77.11424967---2010","https://mapsengine.google.com/06136759344167181854-06191489742681286724-4/wms/?version=1.3.0","41.7614838151","-77.1142496744","2010","Tioga","public","","10","","10","other","100","","","10","","10","other","100","","","","","","","","","","","","","","","","","","","","","","","","","","","","",""
"41.71070108-76.00900021---2008","https://mapsengine.google.com/06136759344167181854-00219351362547715467-4/wms/?version=1.3.0","41.7107010838","-76.0090002144","2008","Susquehanna","final_internal","","3","","3","other","100","","","1","","1","other","100","","","3","","3","other","100","","","3","","3","other","100","","","","","","","","","","","","","","",""
"41.7565239-76.46973262---2008","https://mapsengine.google.com/06136759344167181854-00219351362547715467-4/wms/?version=1.3.0","41.7565238955","-76.4697326189","2008","Bradford","final_internal","","3","","3","other","100","","","1","","1","other","100","","","3","","3","other","100","","","3","","3","other","100","","","","","","","","","","","","","","",""
"40.49623874-79.56810195---2005","https://mapsengine.google.com/06136759344167181854-15960346301379896183-4/wms/?version=1.3.0","40.4962387372","-79.5681019495","2005","Westmoreland","final_internal","","3","","3","other","100","","","1","","1","other","100","","","","","","","","","","3","","3","other","100","","","","","","","","","","","","","","",""
"41.73569973-75.89537253---2008","https://mapsengine.google.com/06136759344167181854-00219351362547715467-4/wms/?version=1.3.0","41.7356997331","-75.8953725303","2008","Susquehanna","final_internal","","3","","3","other","100","","","1","","1","other","100","","","3","","3","other","100","","","3","","3","other","100","","","","","","","","","","","","","","",""
"41.7145849-76.04977602---2005","https://mapsengine.google.com/06136759344167181854-15960346301379896183-4/wms/?version=1.3.0","41.7145849012","-76.0497760157","2005","Susquehanna","final_internal","","3","","3","other","100","","","1","","1","other","100","","","3","","3","other","100","","","3","","3","other","100","","","","","","","","","","","","","","",""
"41.93510705-75.47065343---2010","https://mapsengine.google.com/06136759344167181854-06191489742681286724-4/wms/?version=1.3.0","41.93510705","-75.47065343","2010","Wayne","first_internal","","3","","3","other","100","","","12","","12","other","100","","","3","","3","other","100","","","","","","","","","","","","","","","","","","","","","",""
"40.86409633-79.70530375---2010","https://mapsengine.google.com/06136759344167181854-06191489742681286724-4/wms/?version=1.3.0","40.8640963286","-79.7053037504","2010","Butler","public","","15","","15","other","100","","","15","","15","other","100","","","","","","","","","","","","","","","","","","","","","","","","","","","","",""
"41.73829173-77.02121657---2008","https://mapsengine.google.com/06136759344167181854-00219351362547715467-4/wms/?version=1.3.0","41.7382917263","-77.021216574","2008","Tioga","final_internal","","3","","3","other","100","","","1","","1","other","100","","","","","","","","","","3","","3","other","100","","","","","","","","","","","","","","",""
"40.08758011-79.71433507---2005","https://mapsengine.google.com/06136759344167181854-15960346301379896183-4/wms/?version=1.3.0","40.0875801112","-79.7143350743","2005","Fayette","final_internal","","3","","3","other","100","","","1","","1","other","100","","","","","","","","","","3","","3","other","100","","","","","","","","","","","","","","",""
"41.07991984-78.02357699---2005","https://mapsengine.google.com/06136759344167181854-15960346301379896183-4/wms/?version=1.3.0","41.0799198375","-78.0235769944","2005","Centre","missing_internal","","","1","1","unknown","100","","","","","","fracking|unknown|other","","","","","","","","","","","","","","","","","","","","","","","","","","1","1","unknown","100",""
"40.22657272-79.75805774---2008","https://mapsengine.google.com/06136759344167181854-00219351362547715467-4/wms/?version=1.3.0","40.2265727155","-79.7580577442","2008","Westmoreland","final_internal","","3","","3","other","100","","","1","","1","other","100","","","","","","","","","","3","","3","other","100","","","","","","","","","","","","","","",""
"40.77780739-79.62182967---2008","https://mapsengine.google.com/06136759344167181854-00219351362547715467-4/wms/?version=1.3.0","40.7778073929","-79.6218296682","2008","Armstrong","first_internal","","3","","3","other","100","","","4","2","6","other","66","","","3","","3","other","100","","","","","","","","","","","","","","","","","","","","","",""
"41.86251158-76.83904795---2008","https://mapsengine.google.com/06136759344167181854-00219351362547715467-4/wms/?version=1.3.0","41.862511584","-76.8390479528","2008","Bradford","final_internal","","3","","3","other","100","","","1","","1","other","100","","","3","","3","other","100","","","3","","3","other","100","","","","","","","","","","","","","","",""
"41.78282483-76.70237817---2008","https://mapsengine.google.com/06136759344167181854-00219351362547715467-4/wms/?version=1.3.0","41.7828248303","-76.7023781706","2008","Bradford","final_internal","","4","","4","other","100","","","1","","1","other","100","","","3","","3","other","100","","","4","","4","other","100","","","","","","","","","","","","","","",""
"39.93947159-79.87023173---2010","https://mapsengine.google.com/06136759344167181854-06191489742681286724-4/wms/?version=1.3.0","39.9394715927","-79.8702317303","2010","Fayette","public","","8","2","10","other","80","","","8","2","10","other","80","","","","","","","","","","","","","","","","","","","","","","","","","","","","",""
"41.52579476-76.35149033---2008","https://mapsengine.google.com/06136759344167181854-00219351362547715467-4/wms/?version=1.3.0","41.525794757","-76.3514903253","2008","Sullivan","final_internal","","3","","3","other","100","","","1","","1","other","100","","","2","1","3","other","66","","","3","","3","other","100","","","","","","","","","","","","","","",""
"41.71882241-75.89948812---2010","https://mapsengine.google.com/06136759344167181854-06191489742681286724-4/wms/?version=1.3.0","41.71882241","-75.89948812","2010","Susquehanna","first_internal","3","","","3","fracking","100","","8","1","1","10","fracking","80","","3","","","3","fracking","100","","","","","","","","","","","","","","","","","","","","","",""
"41.65776275-76.02922733---2008","https://mapsengine.google.com/06136759344167181854-00219351362547715467-4/wms/?version=1.3.0","41.6577627545","-76.0292273256","2008","Susquehanna","final_internal","","3","","3","other","100","","","1","","1","other","100","","","3","","3","other","100","","","3","","3","other","100","","","","","","","","","","","","","","",""
"41.12674244-79.75838913---2010","https://mapsengine.google.com/06136759344167181854-06191489742681286724-4/wms/?version=1.3.0","41.1267424396","-79.7583891334","2010","Butler","sweeper_internal","","1","","1","other","100","","1","10","4","15","other","66","","","","","","","","","","","","","","","","","1","","1","other","100","","","","","","","",""
"41.72075945-75.90907652---2010","https://mapsengine.google.com/06136759344167181854-06191489742681286724-4/wms/?version=1.3.0","41.72075945","-75.90907652","2010","Susquehanna","first_internal","","3","","3","other","100","","","11","1","12","other","91","","","3","","3","other","100","","","","","","","","","","","","","","","","","","","","","",""
"41.68059257-76.78030276---2010","https://mapsengine.google.com/06136759344167181854-06191489742681286724-4/wms/?version=1.3.0","41.6805925742","-76.780302755","2010","Bradford","sweeper_internal","","1","","1","other","100","","2","8","3","13","other","61","","","3","","3","other","100","","","","","","","","","","1","","1","other","100","","","","","","","",""
"39.90402151-79.99505622---2010","https://mapsengine.google.com/06136759344167181854-06191489742681286724-4/wms/?version=1.3.0","39.9040215057","-79.9950562158","2010","Greene","public","","10","","10","other","100","","","10","","10","other","100","","","","","","","","","","","","","","","","","","","","","","","","","","","","",""
"41.72508963-75.86998951---2008","https://mapsengine.google.com/06136759344167181854-00219351362547715467-4/wms/?version=1.3.0","41.7250896273","-75.8699895076","2008","Susquehanna","final_internal","1","2","","3","other","66","","","1","","1","other","100","","","2","1","3","other","66","","1","2","","3","other","66","","","","","","","","","","","","","","",""
"40.96584622-79.95871004---2010","https://mapsengine.google.com/06136759344167181854-06191489742681286724-4/wms/?version=1.3.0","40.965846223","-79.958710039","2010","Butler","public","","20","2","22","other","90","","","20","2","22","other","90","","","","","","","","","","","","","","","","","","","","","","","","","","","","",""
"40.16218266-79.34401159---2010","https://mapsengine.google.com/06136759344167181854-06191489742681286724-4/wms/?version=1.3.0","40.1621826571","-79.3440115943","2010","Westmoreland","public","11","","","11","fracking","100","","11","","","11","fracking","100","","","","","","","","","","","","","","","","","","","","","","","","","","","","",""
"40.87108682-79.56533859---2008","https://mapsengine.google.com/06136759344167181854-00219351362547715467-4/wms/?version=1.3.0","40.8710868228","-79.565338587","2008","Armstrong","first_internal","","3","","3","other","100","","","6","","6","other","100","","","3","","3","other","100","","","","","","","","","","","","","","","","","","","","","",""
"41.88001439-76.65624326---2005","https://mapsengine.google.com/06136759344167181854-15960346301379896183-4/wms/?version=1.3.0","41.8800143935","-76.6562432605","2005","Bradford","final_internal","","3","","3","other","100","","","1","","1","other","100","","","3","","3","other","100","","","3","","3","other","100","","","","","","","","","","","","","","",""
"41.67312888-77.34384663---2008","https://mapsengine.google.com/06136759344167181854-00219351362547715467-4/wms/?version=1.3.0","41.6731288844","-77.3438466311","2008","Tioga","final_internal","","3","","3","other","100","","","1","","1","other","100","","","","","","","","","","3","","3","other","100","","","","","","","","","","","","","","",""
"41.76878014-76.01810677---2005","https://mapsengine.google.com/06136759344167181854-15960346301379896183-4/wms/?version=1.3.0","41.7687801386","-76.0181067749","2005","Susquehanna","final_internal","","3","","3","other","100","","","1","","1","other","100","","","3","","3","other","100","","","3","","3","other","100","","","","","","","","","","","","","","",""
"39.9879426-80.29850872---2010","https://mapsengine.google.com/06136759344167181854-06191489742681286724-4/wms/?version=1.3.0","39.9879425966","-80.2985087247","2010","Greene","public","8","","2","10","fracking","80","","8","","2","10","fracking","80","","","","","","","","","","","","","","","","","","","","","","","","","","","","",""
"40.23751773-79.7438736---2005","https://mapsengine.google.com/06136759344167181854-15960346301379896183-4/wms/?version=1.3.0","40.2375177341","-79.7438736045","2005","Westmoreland","final_internal","","3","","3","other","100","","","1","","1","other","100","","","","","","","","","","3","","3","other","100","","","","","","","","","","","","","","",""
"41.59617456-75.57136908---2010","https://mapsengine.google.com/06136759344167181854-06191489742681286724-4/wms/?version=1.3.0","41.5961745551","-75.5713690761","2010","Lackawanna","sweeper_internal","1","","","1","fracking","100","","4","2","5","11","unknown","45","","3","","","3","fracking","100","","","","","","","","","1","","","1","fracking","100","","","","","","","",""
"41.70958551-76.68079485---2010","https://mapsengine.google.com/06136759344167181854-06191489742681286724-4/wms/?version=1.3.0","41.70958551","-76.68079485","2010","Bradford","first_internal","","3","","3","other","100","","","9","1","10","other","90","","","3","","3","other","100","","","","","","","","","","","","","","","","","","","","","",""
"41.68550814-77.60583656---2010","https://mapsengine.google.com/06136759344167181854-06191489742681286724-4/wms/?version=1.3.0","41.6855081419","-77.6058365562","2010","Potter","sweeper_internal","1","","","1","fracking","100","","2","5","5","12","unknown|other","","41|41","","","","","","","","","","","","","","","1","","","1","fracking","100","","","","","","","",""
"40.94879294-78.81041553---2010","https://mapsengine.google.com/06136759344167181854-06191489742681286724-4/wms/?version=1.3.0","40.9487929441","-78.810415527","2010","Jefferson","public","","10","","10","other","100","","","10","","10","other","100","","","","","","","","","","","","","","","","","","","","","","","","","","","","",""
"39.90981323-79.96902209---2008","https://mapsengine.google.com/06136759344167181854-00219351362547715467-4/wms/?version=1.3.0","39.9098132328","-79.9690220908","2008","Greene","first_internal","2","","1","3","fracking","66","","8","","2","10","fracking","80","","2","","1","3","fracking","66","","","","","","","","","","","","","","","","","","","","","",""
"39.92258828-79.99825684---2010","https://mapsengine.google.com/06136759344167181854-06191489742681286724-4/wms/?version=1.3.0","39.922588276","-79.9982568422","2010","Greene","public","","10","","10","other","100","","","10","","10","other","100","","","","","","","","","","","","","","","","","","","","","","","","","","","","",""
"41.62969863-76.17344659---2010","https://mapsengine.google.com/06136759344167181854-06191489742681286724-4/wms/?version=1.3.0","41.62969863","-76.17344659","2010","Wyoming","first_internal","","3","","3","other","100","","","10","","10","other","100","","","3","","3","other","100","","","","","","","","","","","","","","","","","","","","","",""
"41.69041324-75.93599055---2005","https://mapsengine.google.com/06136759344167181854-15960346301379896183-4/wms/?version=1.3.0","41.6904132363","-75.9359905471","2005","Susquehanna","final_internal","","3","","3","other","100","","","1","","1","other","100","","","3","","3","other","100","","","3","","3","other","100","","","","","","","","","","","","","","",""
"39.73298742-80.33226926---2010","https://mapsengine.google.com/06136759344167181854-06191489742681286724-4/wms/?version=1.3.0","39.732987424","-80.3322692628","2010","Greene","sweeper_internal","","1","","1","other","100","","5","1","4","10","fracking","50","","","","","","","","","","","","","","","","","1","","1","other","100","","","","","","","",""
"39.80185649-79.52527644---2005","https://mapsengine.google.com/06136759344167181854-15960346301379896183-4/wms/?version=1.3.0","39.8018564869","-79.5252764424","2005","Fayette","final_internal","","3","","3","other","100","","","1","","1","other","100","","","","","","","","","","3","","3","other","100","","","","","","","","","","","","","","",""
"41.62619311-76.42143419---2005","https://mapsengine.google.com/06136759344167181854-15960346301379896183-4/wms/?version=1.3.0","41.6261931054","-76.4214341947","2005","Bradford","final_internal","","3","","3","other","100","","","1","","1","other","100","","","3","","3","other","100","","","3","","3","other","100","","","","","","","","","","","","","","",""
"41.44802099-78.24981876---2010","https://mapsengine.google.com/06136759344167181854-06191489742681286724-4/wms/?version=1.3.0","41.4480209873","-78.2498187635","2010","Cameron","public","1","11","1","13","other","84","","1","11","1","13","other","84","","","","","","","","","","","","","","","","","","","","","","","","","","","","",""
"41.64943293-76.03609322---2005","https://mapsengine.google.com/06136759344167181854-15960346301379896183-4/wms/?version=1.3.0","41.649432929","-76.0360932249","2005","Susquehanna","final_internal","","3","","3","other","100","","","1","","1","other","100","","","3","","3","other","100","","","3","","3","other","100","","","","","","","","","","","","","","",""
"41.89057262-76.97289381---2010","https://mapsengine.google.com/06136759344167181854-06191489742681286724-4/wms/?version=1.3.0","41.8905726156","-76.9728938103","2010","Tioga","public","","11","","11","other","100","","","11","","11","other","100","","","","","","","","","","","","","","","","","","","","","","","","","","","","",""
"41.78667506-78.17185167---None","","41.7866750558","-78.1718516656","","","public","","2","8","10","unknown","80","","","2","8","10","unknown","80","","","","","","","","","","","","","","","","","","","","","","","","","","","","",""
"41.68183656-76.09392809---2010","https://mapsengine.google.com/06136759344167181854-06191489742681286724-4/wms/?version=1.3.0","41.68183656","-76.09392809","2010","Susquehanna","first_internal","","3","","3","other","100","","","9","1","10","other","90","","","3","","3","other","100","","","","","","","","","","","","","","","","","","","","","",""
"41.70528413-75.66217953---2008","https://mapsengine.google.com/06136759344167181854-00219351362547715467-4/wms/?version=1.3.0","41.7052841343","-75.6621795267","2008","Susquehanna","final_internal","","3","","3","other","100","","","1","","1","other","100","","","3","","3","other","100","","","3","","3","other","100","","","","","","","","","","","","","","",""
"41.73827477-77.02119709---2010","https://mapsengine.google.com/06136759344167181854-06191489742681286724-4/wms/?version=1.3.0","41.7382747715","-77.0211970896","2010","Tioga","public","","11","","11","other","100","","","11","","11","other","100","","","","","","","","","","","","","","","","","","","","","","","","","","","","",""
"41.85356442-76.94487135---2005","https://mapsengine.google.com/06136759344167181854-15960346301379896183-4/wms/?version=1.3.0","41.8535644209","-76.9448713483","2005","Tioga","missing_internal","","1","","1","other","100","","","","","","fracking|unknown|other","","","","","","","","","","","","","","","","","","","","","","","","","1","","1","other","100",""
"41.73570549-76.79412175---2010","https://mapsengine.google.com/06136759344167181854-06191489742681286724-4/wms/?version=1.3.0","41.73570549","-76.79412175","2010","Bradford","first_internal","3","","","3","fracking","100","","12","","","12","fracking","100","","3","","","3","fracking","100","","","","","","","","","","","","","","","","","","","","","",""
"41.69689208-76.43644797---2005","https://mapsengine.google.com/06136759344167181854-15960346301379896183-4/wms/?version=1.3.0","41.6968920765","-76.4364479691","2005","Bradford","final_internal","","3","","3","other","100","","1","","","1","fracking","100","","","3","","3","other","100","","","3","","3","other","100","","","","","","","","","","","","","","",""
"41.76960245-76.07737418---2008","https://mapsengine.google.com/06136759344167181854-00219351362547715467-4/wms/?version=1.3.0","41.7696024536","-76.0773741756","2008","Susquehanna","final_internal","","3","","3","other","100","","","","1","1","unknown","100","","","2","1","3","other","66","","","3","","3","other","100","","","","","","","","","","","","","","",""
"41.74171856-77.19782591---2008","https://mapsengine.google.com/06136759344167181854-00219351362547715467-4/wms/?version=1.3.0","41.7417185613","-77.1978259098","2008","Tioga","final_internal","","3","","3","other","100","","1","","","1","fracking","100","","","","","","","","","","3","","3","other","100","","","","","","","","","","","","","","",""
"39.90807756-79.96603546---2008","https://mapsengine.google.com/06136759344167181854-00219351362547715467-4/wms/?version=1.3.0","39.9080775572","-79.966035461","2008","Greene","sweeper_internal","","1","","1","other","100","","1","7","2","10","other","70","","","3","","3","other","100","","","","","","","","","","1","","1","other","100","","","","","","","",""
"41.68723738-75.97226087---2010","https://mapsengine.google.com/06136759344167181854-06191489742681286724-4/wms/?version=1.3.0","41.68723738","-75.97226087","2010","Susquehanna","first_internal","","3","","3","other","100","","1","9","","10","other","90","","","3","","3","other","100","","","","","","","","","","","","","","","","","","","","","",""
"41.70601539-76.80610752---2005","https://mapsengine.google.com/06136759344167181854-15960346301379896183-4/wms/?version=1.3.0","41.7060153925","-76.8061075206","2005","Bradford","final_internal","","3","","3","other","100","","","1","","1","other","100","","","3","","3","other","100","","","3","","3","other","100","","","","","","","","","","","","","","",""
"41.67478116-77.33938895---2010","https://mapsengine.google.com/06136759344167181854-06191489742681286724-4/wms/?version=1.3.0","41.6747811643","-77.3393889466","2010","Tioga","public","","10","","10","other","100","","","10","","10","other","100","","","","","","","","","","","","","","","","","","","","","","","","","","","","",""
"41.21502109-78.71157768---2010","https://mapsengine.google.com/06136759344167181854-06191489742681286724-4/wms/?version=1.3.0","41.2150210905","-78.7115776788","2010","Jefferson","public","8","","2","10","fracking","80","","8","","2","10","fracking","80","","","","","","","","","","","","","","","","","","","","","","","","","","","","",""
"41.74937443-76.13736402---2005","https://mapsengine.google.com/06136759344167181854-15960346301379896183-4/wms/?version=1.3.0","41.7493744276","-76.137364024","2005","Bradford","final_internal","","3","","3","other","100","","","1","","1","other","100","","","3","","3","other","100","","","3","","3","other","100","","","","","","","","","","","","","","",""
"41.73981209-75.95700662---2008","https://mapsengine.google.com/06136759344167181854-00219351362547715467-4/wms/?version=1.3.0","41.7398120913","-75.9570066171","2008","Susquehanna","final_internal","","3","","3","other","100","","","1","","1","other","100","","","3","","3","other","100","","","3","","3","other","100","","","","","","","","","","","","","","",""
"40.77131173-80.04946175---2008","https://mapsengine.google.com/06136759344167181854-00219351362547715467-4/wms/?version=1.3.0","40.7713117258","-80.0494617545","2008","Butler","first_internal","","3","","3","other","100","","","2","","2","other","100","","","3","","3","other","100","","","","","","","","","","","","","","","","","","","","","",""
"41.11911809-78.05802193---2008","https://mapsengine.google.com/06136759344167181854-00219351362547715467-4/wms/?version=1.3.0","41.1191180893","-78.0580219333","2008","Centre","final_internal","","3","","3","other","100","","","1","","1","other","100","","","","","","","","","","3","","3","other","100","","","","","","","","","","","","","","",""
"41.88026959-75.89323883---2005","https://mapsengine.google.com/06136759344167181854-15960346301379896183-4/wms/?version=1.3.0","41.8802695948","-75.8932388308","2005","Susquehanna","final_internal","","3","","3","other","100","","","1","","1","other","100","","","3","","3","other","100","","","3","","3","other","100","","","","","","","","","","","","","","",""
"41.68371973-76.33015228---2008","https://mapsengine.google.com/06136759344167181854-00219351362547715467-4/wms/?version=1.3.0","41.6837197305","-76.3301522797","2008","Bradford","final_internal","","3","","3","other","100","","","1","","1","other","100","","","3","","3","other","100","","","3","","3","other","100","","","","","","","","","","","","","","",""
"41.29190848-79.49034863---2005","https://mapsengine.google.com/06136759344167181854-15960346301379896183-4/wms/?version=1.3.0","41.2919084831","-79.4903486259","2005","Clarion","final_internal","","3","","3","other","100","","","1","","1","other","100","","","","","","","","","","3","","3","other","100","","","","","","","","","","","","","","",""
"39.93415524-79.96266971---2008","https://mapsengine.google.com/06136759344167181854-00219351362547715467-4/wms/?version=1.3.0","39.934155237","-79.9626697119","2008","Greene","sweeper_internal","","1","","1","other","100","","3","7","","10","other","70","","","2","1","3","other","66","","","","","","","","","","1","","1","other","100","","","","","","","",""
"39.93087593-80.01144923---2010","https://mapsengine.google.com/06136759344167181854-06191489742681286724-4/wms/?version=1.3.0","39.9308759275","-80.0114492315","2010","Greene","public","","10","","10","other","100","","","10","","10","other","100","","","","","","","","","","","","","","","","","","","","","","","","","","","","",""
"41.2899454-79.48765574---2005","https://mapsengine.google.com/06136759344167181854-15960346301379896183-4/wms/?version=1.3.0","41.2899454037","-79.4876557417","2005","Clarion","final_internal","1","2","","3","other","66","","","1","","1","other","100","","","","","","","","","1","2","","3","other","66","","","","","","","","","","","","","","",""
"39.88184761-79.97937997---2010","https://mapsengine.google.com/06136759344167181854-06191489742681286724-4/wms/?version=1.3.0","39.8818476078","-79.9793799697","2010","Greene","public","","10","","10","other","100","","","10","","10","other","100","","","","","","","","","","","","","","","","","","","","","","","","","","","","",""
"40.89092388-79.26553276---2005","https://mapsengine.google.com/06136759344167181854-15960346301379896183-4/wms/?version=1.3.0","40.8909238809","-79.2655327584","2005","Armstrong","final_internal","","3","","3","other","100","","","1","","1","other","100","","","","","","","","","","3","","3","other","100","","","","","","","","","","","","","","",""
"41.78941481-77.20800899---2008","https://mapsengine.google.com/06136759344167181854-00219351362547715467-4/wms/?version=1.3.0","41.7894148095","-77.2080089872","2008","Tioga","final_internal","","3","","3","other","100","","","1","","1","other","100","","","","","","","","","","3","","3","other","100","","","","","","","","","","","","","","",""
"41.97505101-76.63408788---2008","https://mapsengine.google.com/06136759344167181854-00219351362547715467-4/wms/?version=1.3.0","41.975051005","-76.6340878842","2008","Bradford","final_internal","","3","","3","other","100","","","1","","1","other","100","","","3","","3","other","100","","","3","","3","other","100","","","","","","","","","","","","","","",""
"41.72754509-76.69489059---2005","https://mapsengine.google.com/06136759344167181854-15960346301379896183-4/wms/?version=1.3.0","41.7275450881","-76.6948905919","2005","Bradford","final_internal","","3","","3","other","100","","1","","","1","fracking","100","","","2","1","3","other","66","","","3","","3","other","100","","","","","","","","","","","","","","",""
"39.93962235-78.89700024---2005","https://mapsengine.google.com/06136759344167181854-15960346301379896183-4/wms/?version=1.3.0","39.9396223549","-78.8970002393","2005","Somerset","final_internal","","3","","3","other","100","","","","1","1","unknown","100","","","","","","","","","","3","","3","other","100","","","","","","","","","","","","","","",""
"41.83947861-76.05880826---2005","https://mapsengine.google.com/06136759344167181854-15960346301379896183-4/wms/?version=1.3.0","41.8394786109","-76.0588082594","2005","Susquehanna","final_internal","","3","","3","other","100","","","1","","1","other","100","","","3","","3","other","100","","","3","","3","other","100","","","","","","","","","","","","","","",""
"41.79228405-76.99550512---2008","https://mapsengine.google.com/06136759344167181854-00219351362547715467-4/wms/?version=1.3.0","41.7922840481","-76.9955051194","2008","Tioga","final_internal","","3","","3","other","100","","","1","","1","other","100","","","","","","","","","","3","","3","other","100","","","","","","","","","","","","","","",""
"41.76422823-75.97308801---2010","https://mapsengine.google.com/06136759344167181854-06191489742681286724-4/wms/?version=1.3.0","41.764228227","-75.9730880059","2010","Susquehanna","sweeper_internal","","1","","1","other","100","","3","7","3","13","other","53","","","3","","3","other","100","","","","","","","","","","1","","1","other","100","","","","","","","",""
"41.37066412-77.15671404---2010","https://mapsengine.google.com/06136759344167181854-06191489742681286724-4/wms/?version=1.3.0","41.3706641175","-77.1567140419","2010","Lycoming","sweeper_internal","","1","","1","other","100","","2","7","1","10","other","70","","","","","","","","","","","","","","","","","1","","1","other","100","","","","","","","",""
"41.72338715-76.04891465---2005","https://mapsengine.google.com/06136759344167181854-15960346301379896183-4/wms/?version=1.3.0","41.7233871496","-76.0489146538","2005","Susquehanna","final_internal","","3","","3","other","100","","","1","","1","other","100","","","3","","3","other","100","","","3","","3","other","100","","","","","","","","","","","","","","",""
"40.1780406-80.40152152---2008","https://mapsengine.google.com/06136759344167181854-00219351362547715467-4/wms/?version=1.3.0","40.1780405993","-80.40152152","2008","Washington","first_internal","","3","","3","other","100","","","10","","10","other","100","","","3","","3","other","100","","","","","","","","","","","","","","","","","","","","","",""
"41.38047979-77.52279347---2010","https://mapsengine.google.com/06136759344167181854-06191489742681286724-4/wms/?version=1.3.0","41.3804797851","-77.5227934749","2010","Lycoming","sweeper_internal","","1","","1","other","100","","1","6","5","12","other","50","","","","","","","","","","","","","","","","","1","","1","other","100","","","","","","","",""
"39.9682298-79.98417488---2008","https://mapsengine.google.com/06136759344167181854-00219351362547715467-4/wms/?version=1.3.0","39.9682297985","-79.9841748776","2008","Fayette","sweeper_internal","","1","","1","other","100","","5","3","2","10","fracking","50","","","3","","3","other","100","","","","","","","","","","1","","1","other","100","","","","","","","",""
"40.31147203-79.17865211---2010","https://mapsengine.google.com/06136759344167181854-06191489742681286724-4/wms/?version=1.3.0","40.3114720274","-79.1786521084","2010","Westmoreland","sweeper_internal","","1","","1","other","100","","2","3","6","11","unknown","54","","","","","","","","","","","","","","","","","1","","1","other","100","","","","","","","",""
"41.12672325-79.75659216---2008","https://mapsengine.google.com/06136759344167181854-00219351362547715467-4/wms/?version=1.3.0","41.126723254","-79.7565921632","2008","Butler","first_internal","","3","","3","other","100","","","2","","2","other","100","","","3","","3","other","100","","","","","","","","","","","","","","","","","","","","","",""
"41.23070669-78.7251969---2008","https://mapsengine.google.com/06136759344167181854-00219351362547715467-4/wms/?version=1.3.0","41.2307066878","-78.7251968978","2008","Jefferson","first_internal","","3","","3","other","100","","2","8","","10","other","80","","","3","","3","other","100","","","","","","","","","","","","","","","","","","","","","",""
"41.53359619-76.98844456---2010","https://mapsengine.google.com/06136759344167181854-06191489742681286724-4/wms/?version=1.3.0","41.5335961942","-76.9884445609","2010","Lycoming","public","","10","","10","other","100","","","10","","10","other","100","","","","","","","","","","","","","","","","","","","","","","","","","","","","",""
"41.72658764-76.56299354---2010","https://mapsengine.google.com/06136759344167181854-06191489742681286724-4/wms/?version=1.3.0","41.72658764","-76.56299354","2010","Bradford","first_internal","","3","","3","other","100","","","11","","11","other","100","","","3","","3","other","100","","","","","","","","","","","","","","","","","","","","","",""
"41.66904952-76.09258901---2008","https://mapsengine.google.com/06136759344167181854-00219351362547715467-4/wms/?version=1.3.0","41.6690495209","-76.0925890106","2008","Susquehanna","final_internal","","3","","3","other","100","","","1","","1","other","100","","","3","","3","other","100","","","3","","3","other","100","","","","","","","","","","","","","","",""
"39.94507619-80.0258385---2008","https://mapsengine.google.com/06136759344167181854-00219351362547715467-4/wms/?version=1.3.0","39.9450761931","-80.025838499","2008","Greene","sweeper_internal","","1","","1","other","100","","3","4","3","10","other","40","","","3","","3","other","100","","","","","","","","","","1","","1","other","100","","","","","","","",""
"39.92290689-79.98046234---2005","https://mapsengine.google.com/06136759344167181854-15960346301379896183-4/wms/?version=1.3.0","39.922906888","-79.9804623425","2005","Greene","final_internal","","3","","3","other","100","","","1","","1","other","100","","","","","","","","","","3","","3","other","100","","","","","","","","","","","","","","",""
"41.68099921-76.3104054---2010","https://mapsengine.google.com/06136759344167181854-06191489742681286724-4/wms/?version=1.3.0","41.6809992066","-76.3104054008","2010","Bradford","sweeper_internal","","1","","1","other","100","","4","1","9","14","unknown","64","","","1","2","3","unknown","66","","","","","","","","","","1","","1","other","100","","","","","","","",""
"39.88369038-80.04938174---2010","https://mapsengine.google.com/06136759344167181854-06191489742681286724-4/wms/?version=1.3.0","39.8836903816","-80.0493817359","2010","Greene","sweeper_internal","1","","","1","fracking","100","","4","3","3","10","fracking","40","","","","","","","","","","","","","","","","1","","","1","fracking","100","","","","","","","",""
"41.67446219-76.07458099---2008","https://mapsengine.google.com/06136759344167181854-00219351362547715467-4/wms/?version=1.3.0","41.6744621869","-76.07458099","2008","Susquehanna","final_internal","","3","","3","other","100","","","1","","1","other","100","","","3","","3","other","100","","","3","","3","other","100","","","","","","","","","","","","","","",""
"41.73846388-77.16023764---2010","https://mapsengine.google.com/06136759344167181854-06191489742681286724-4/wms/?version=1.3.0","41.7384638822","-77.1602376376","2010","Tioga","sweeper_internal","","1","","1","other","100","","4","1","5","10","unknown","50","","","","","","","","","","","","","","","","","1","","1","other","100","","","","","","","",""
"41.73198069-76.81302397---2008","https://mapsengine.google.com/06136759344167181854-00219351362547715467-4/wms/?version=1.3.0","41.731980688","-76.8130239736","2008","Bradford","final_internal","","3","","3","other","100","","","1","","1","other","100","","","3","","3","other","100","","","3","","3","other","100","","","","","","","","","","","","","","",""
"40.24217926-80.28402929---2010","https://mapsengine.google.com/06136759344167181854-06191489742681286724-4/wms/?version=1.3.0","40.2421792598","-80.284029287","2010","Washington","public","","10","","10","other","100","","","10","","10","other","100","","","","","","","","","","","","","","","","","","","","","","","","","","","","",""
"41.58767556-77.0049512---2008","https://mapsengine.google.com/06136759344167181854-00219351362547715467-4/wms/?version=1.3.0","41.587675558","-77.0049511961","2008","Tioga","final_internal","","3","","3","other","100","","","1","","1","other","100","","","","","","","","","","3","","3","other","100","","","","","","","","","","","","","","",""
"41.70863605-76.84528117---2010","https://mapsengine.google.com/06136759344167181854-06191489742681286724-4/wms/?version=1.3.0","41.70863605","-76.84528117","2010","Bradford","first_internal","","3","","3","other","100","","","10","","10","other","100","","","3","","3","other","100","","","","","","","","","","","","","","","","","","","","","",""
"41.83815525-76.38272986---2010","https://mapsengine.google.com/06136759344167181854-06191489742681286724-4/wms/?version=1.3.0","41.83815525","-76.38272986","2010","Bradford","first_internal","","3","","3","other","100","","","10","","10","other","100","","","3","","3","other","100","","","","","","","","","","","","","","","","","","","","","",""
"41.67641713-76.26346023---2008","https://mapsengine.google.com/06136759344167181854-00219351362547715467-4/wms/?version=1.3.0","41.6764171299","-76.2634602273","2008","Bradford","final_internal","","3","","3","other","100","","","1","","1","other","100","","","3","","3","other","100","","","3","","3","other","100","","","","","","","","","","","","","","",""
"41.34362004-77.25873391---2010","https://mapsengine.google.com/06136759344167181854-06191489742681286724-4/wms/?version=1.3.0","41.3436200446","-77.2587339137","2010","Lycoming","public","8","","2","10","fracking","80","","8","","2","10","fracking","80","","","","","","","","","","","","","","","","","","","","","","","","","","","","",""
"41.71600221-75.8925821---2008","https://mapsengine.google.com/06136759344167181854-00219351362547715467-4/wms/?version=1.3.0","41.7160022067","-75.8925820983","2008","Susquehanna","final_internal","","4","","4","other","100","","","1","","1","other","100","","","3","","3","other","100","","","4","","4","other","100","","","","","","","","","","","","","","",""
"39.80314105-80.42142773---2010","https://mapsengine.google.com/06136759344167181854-06191489742681286724-4/wms/?version=1.3.0","39.8031410495","-80.4214277319","2010","Greene","public","","10","","10","other","100","","","10","","10","other","100","","","","","","","","","","","","","","","","","","","","","","","","","","","","",""
"40.88597509-79.26964954---2010","https://mapsengine.google.com/06136759344167181854-06191489742681286724-4/wms/?version=1.3.0","40.8859750917","-79.2696495438","2010","Armstrong","sweeper_internal","","1","","1","other","100","","4","2","4","10","fracking|unknown","","40|40","","","","","","","","","","","","","","","","1","","1","other","100","","","","","","","",""
"41.74258402-76.10132346---2010","https://mapsengine.google.com/06136759344167181854-06191489742681286724-4/wms/?version=1.3.0","41.74258402","-76.10132346","2010","Susquehanna","first_internal","","3","","3","other","100","","","10","1","11","other","90","","","3","","3","other","100","","","","","","","","","","","","","","","","","","","","","",""
"41.20134212-79.2164543---2008","https://mapsengine.google.com/06136759344167181854-00219351362547715467-4/wms/?version=1.3.0","41.2013421167","-79.2164542984","2008","Clarion","sweeper_internal","","1","","1","other","100","","5","1","4","10","fracking","50","","2","","1","3","fracking","66","","","","","","","","","","1","","1","other","100","","","","","","","",""
"40.3052867-79.1764693---2010","https://mapsengine.google.com/06136759344167181854-06191489742681286724-4/wms/?version=1.3.0","40.3052867047","-79.1764692995","2010","Westmoreland","public","9","","1","10","fracking","90","","9","","1","10","fracking","90","","","","","","","","","","","","","","","","","","","","","","","","","","","","",""
"40.75740683-79.84207133---2010","https://mapsengine.google.com/06136759344167181854-06191489742681286724-4/wms/?version=1.3.0","40.7574068337","-79.842071334","2010","Butler","public","","14","","14","other","100","","","14","","14","other","100","","","","","","","","","","","","","","","","","","","","","","","","","","","","",""
"41.85311891-76.94193049---2010","https://mapsengine.google.com/06136759344167181854-06191489742681286724-4/wms/?version=1.3.0","41.8531189072","-76.9419304942","2010","Tioga","public","","11","","11","other","100","","","11","","11","other","100","","","","","","","","","","","","","","","","","","","","","","","","","","","","",""
"41.7944457-77.02260745---2010","https://mapsengine.google.com/06136759344167181854-06191489742681286724-4/wms/?version=1.3.0","41.7944457004","-77.0226074515","2010","Tioga","public","","9","2","11","other","81","","","9","2","11","other","81","","","","","","","","","","","","","","","","","","","","","","","","","","","","",""
"39.82825321-80.50012176---2005","https://mapsengine.google.com/06136759344167181854-15960346301379896183-4/wms/?version=1.3.0","39.8282532066","-80.5001217606","2005","Greene","final_internal","","3","","3","other","100","","","1","","1","other","100","","","","","","","","","","3","","3","other","100","","","","","","","","","","","","","","",""
"41.95783286-76.86778369---2010","https://mapsengine.google.com/06136759344167181854-06191489742681286724-4/wms/?version=1.3.0","41.95783286","-76.86778369","2010","Bradford","first_internal","","3","","3","other","100","","","10","","10","other","100","","","3","","3","other","100","","","","","","","","","","","","","","","","","","","","","",""
"41.80473072-77.29717161---2005","https://mapsengine.google.com/06136759344167181854-15960346301379896183-4/wms/?version=1.3.0","41.8047307225","-77.297171613","2005","Tioga","missing_internal","","1","","1","other","100","","","","","","fracking|unknown|other","","","","","","","","","","","","","","","","","","","","","","","","","1","","1","other","100",""
"41.74000796-76.10604706---2005","https://mapsengine.google.com/06136759344167181854-15960346301379896183-4/wms/?version=1.3.0","41.7400079632","-76.1060470567","2005","Susquehanna","final_internal","","3","","3","other","100","","","1","","1","other","100","","","3","","3","other","100","","","3","","3","other","100","","","","","","","","","","","","","","",""
"41.74287741-76.05792507---2005","https://mapsengine.google.com/06136759344167181854-15960346301379896183-4/wms/?version=1.3.0","41.7428774071","-76.0579250733","2005","Susquehanna","final_internal","","3","","3","other","100","","","1","","1","other","100","","","3","","3","other","100","","","3","","3","other","100","","","","","","","","","","","","","","",""
"39.91401964-79.95267561---2010","https://mapsengine.google.com/06136759344167181854-06191489742681286724-4/wms/?version=1.3.0","39.914019642","-79.9526756068","2010","Greene","public","10","1","","11","fracking","90","","10","1","","11","fracking","90","","","","","","","","","","","","","","","","","","","","","","","","","","","","",""
"41.93389843-76.58582024---2010","https://mapsengine.google.com/06136759344167181854-06191489742681286724-4/wms/?version=1.3.0","41.93389843","-76.58582024","2010","Bradford","first_internal","","3","","3","other","100","","","10","","10","other","100","","","3","","3","other","100","","","","","","","","","","","","","","","","","","","","","",""
"41.27239199-76.65504042---2008","https://mapsengine.google.com/06136759344167181854-00219351362547715467-4/wms/?version=1.3.0","41.2723919852","-76.6550404185","2008","Lycoming","final_internal","","3","","3","other","100","","","1","","1","other","100","","","","","","","","","","3","","3","other","100","","","","","","","","","","","","","","",""
"40.80418246-80.03927319---2010","https://mapsengine.google.com/06136759344167181854-06191489742681286724-4/wms/?version=1.3.0","40.8041824591","-80.0392731924","2010","Butler","public","1","18","1","20","other","90","","1","18","1","20","other","90","","","","","","","","","","","","","","","","","","","","","","","","","","","","",""
"39.80423666-80.00107656---2008","https://mapsengine.google.com/06136759344167181854-00219351362547715467-4/wms/?version=1.3.0","39.8042366594","-80.0010765581","2008","Greene","sweeper_internal","","1","","1","other","100","","1","6","3","10","other","60","","","3","","3","other","100","","","","","","","","","","1","","1","other","100","","","","","","","",""
"41.7810284-77.13043465---2010","https://mapsengine.google.com/06136759344167181854-06191489742681286724-4/wms/?version=1.3.0","41.7810284029","-77.1304346544","2010","Tioga","sweeper_internal","","1","","1","other","100","","3","3","4","10","unknown","40","","","","","","","","","","","","","","","","","1","","1","other","100","","","","","","","",""
"41.6439925-78.47764617---2010","https://mapsengine.google.com/06136759344167181854-06191489742681286724-4/wms/?version=1.3.0","41.6439925048","-78.47764617","2010","McKean","public","","9","1","10","other","90","","","9","1","10","other","90","","","","","","","","","","","","","","","","","","","","","","","","","","","","",""
"41.74722636-76.78557029---2010","https://mapsengine.google.com/06136759344167181854-06191489742681286724-4/wms/?version=1.3.0","41.74722636","-76.78557029","2010","Bradford","first_internal","3","","","3","fracking","100","","9","1","","10","fracking","90","","3","","","3","fracking","100","","","","","","","","","","","","","","","","","","","","","",""
"41.77567641-77.168106---2008","https://mapsengine.google.com/06136759344167181854-00219351362547715467-4/wms/?version=1.3.0","41.7756764125","-77.1681059965","2008","Tioga","final_internal","","3","","3","other","100","","","1","","1","other","100","","","","","","","","","","3","","3","other","100","","","","","","","","","","","","","","",""
"40.62684193-79.36291838---2005","https://mapsengine.google.com/06136759344167181854-15960346301379896183-4/wms/?version=1.3.0","40.6268419326","-79.3629183811","2005","Armstrong","final_internal","","3","","3","other","100","","","1","","1","other","100","","","","","","","","","","3","","3","other","100","","","","","","","","","","","","","","",""
"41.76185481-76.01369265---2008","https://mapsengine.google.com/06136759344167181854-00219351362547715467-4/wms/?version=1.3.0","41.7618548147","-76.0136926463","2008","Susquehanna","final_internal","","3","","3","other","100","","","1","","1","other","100","","","3","","3","other","100","","","3","","3","other","100","","","","","","","","","","","","","","",""
"41.78090888-76.30588815---2008","https://mapsengine.google.com/06136759344167181854-00219351362547715467-4/wms/?version=1.3.0","41.7809088831","-76.3058881543","2008","Bradford","final_internal","","3","","3","other","100","","","1","","1","other","100","","","3","","3","other","100","","","3","","3","other","100","","","","","","","","","","","","","","",""
"39.98174459-79.69181729---2005","https://mapsengine.google.com/06136759344167181854-15960346301379896183-4/wms/?version=1.3.0","39.9817445865","-79.6918172911","2005","Fayette","final_internal","","3","","3","other","100","","","1","","1","other","100","","","","","","","","","","3","","3","other","100","","","","","","","","","","","","","","",""
"41.70572183-77.53210476---2010","https://mapsengine.google.com/06136759344167181854-06191489742681286724-4/wms/?version=1.3.0","41.7057218256","-77.5321047608","2010","Tioga","sweeper_internal","","1","","1","other","100","","5","4","3","12","fracking","41","","","","","","","","","","","","","","","","","1","","1","other","100","","","","","","","",""
"41.74894637-75.8640424---2005","https://mapsengine.google.com/06136759344167181854-15960346301379896183-4/wms/?version=1.3.0","41.748946372","-75.8640424026","2005","Susquehanna","final_internal","","3","","3","other","100","","","1","","1","other","100","","","3","","3","other","100","","","3","","3","other","100","","","","","","","","","","","","","","",""
"41.97198017-75.88107759---2005","https://mapsengine.google.com/06136759344167181854-15960346301379896183-4/wms/?version=1.3.0","41.971980173","-75.8810775852","2005","Susquehanna","final_internal","","3","","3","other","100","","","1","","1","other","100","","","3","","3","other","100","","","3","","3","other","100","","","","","","","","","","","","","","",""
"41.68961493-76.06150153---2005","https://mapsengine.google.com/06136759344167181854-15960346301379896183-4/wms/?version=1.3.0","41.6896149256","-76.0615015254","2005","Susquehanna","final_internal","","3","","3","other","100","","","1","","1","other","100","","","3","","3","other","100","","","3","","3","other","100","","","","","","","","","","","","","","",""
"39.81983609-80.00686106---2008","https://mapsengine.google.com/06136759344167181854-00219351362547715467-4/wms/?version=1.3.0","39.8198360912","-80.0068610631","2008","Greene","first_internal","","3","","3","other","100","","","10","","10","other","100","","","3","","3","other","100","","","","","","","","","","","","","","","","","","","","","",""
"41.75430732-76.74514832---2010","https://mapsengine.google.com/06136759344167181854-06191489742681286724-4/wms/?version=1.3.0","41.7543073166","-76.7451483153","2010","Bradford","sweeper_internal","","1","","1","other","100","","3","5","6","14","unknown","42","","","3","","3","other","100","","","","","","","","","","1","","1","other","100","","","","","","","",""
"41.76502733-76.48100625---2010","https://mapsengine.google.com/06136759344167181854-06191489742681286724-4/wms/?version=1.3.0","41.76502733","-76.48100625","2010","Bradford","first_internal","","3","","3","other","100","","","14","","14","other","100","","","3","","3","other","100","","","","","","","","","","","","","","","","","","","","","",""
"41.28582711-79.4881212---2010","https://mapsengine.google.com/06136759344167181854-06191489742681286724-4/wms/?version=1.3.0","41.285827115","-79.4881212005","2010","Clarion","public","9","","1","10","fracking","90","","9","","1","10","fracking","90","","","","","","","","","","","","","","","","","","","","","","","","","","","","",""
"41.71157376-76.13093054---2010","https://mapsengine.google.com/06136759344167181854-06191489742681286724-4/wms/?version=1.3.0","41.71157376","-76.13093054","2010","Bradford","first_internal","","3","","3","other","100","","","11","","11","other","100","","","3","","3","other","100","","","","","","","","","","","","","","","","","","","","","",""
"39.95629677-80.2677457---2010","https://mapsengine.google.com/06136759344167181854-06191489742681286724-4/wms/?version=1.3.0","39.9562967681","-80.2677456972","2010","Greene","sweeper_internal","","1","","1","other","100","","7","2","1","10","fracking","70","","","","","","","","","","","","","","","","","1","","1","other","100","","","","","","","",""
"41.6928196-75.84698747---2008","https://mapsengine.google.com/06136759344167181854-00219351362547715467-4/wms/?version=1.3.0","41.6928195981","-75.8469874708","2008","Susquehanna","final_internal","","3","","3","other","100","","","1","","1","other","100","","","3","","3","other","100","","","3","","3","other","100","","","","","","","","","","","","","","",""
"41.80280492-77.23148167---2010","https://mapsengine.google.com/06136759344167181854-06191489742681286724-4/wms/?version=1.3.0","41.8028049179","-77.2314816696","2010","Tioga","public","","11","","11","other","100","","","11","","11","other","100","","","","","","","","","","","","","","","","","","","","","","","","","","","","",""
"41.82308748-76.06947054---2010","https://mapsengine.google.com/06136759344167181854-06191489742681286724-4/wms/?version=1.3.0","41.82308748","-76.06947054","2010","Susquehanna","first_internal","","3","","3","other","100","","","10","","10","other","100","","","3","","3","other","100","","","","","","","","","","","","","","","","","","","","","",""
"41.86740324-76.85188108---2010","https://mapsengine.google.com/06136759344167181854-06191489742681286724-4/wms/?version=1.3.0","41.86740324","-76.85188108","2010","Bradford","first_internal","","3","","3","other","100","","","10","","10","other","100","","","3","","3","other","100","","","","","","","","","","","","","","","","","","","","","",""
"41.37185903-77.56532094---2010","https://mapsengine.google.com/06136759344167181854-06191489742681286724-4/wms/?version=1.3.0","41.3718590295","-77.5653209394","2010","Clinton","sweeper_internal","","1","","1","other","100","","4","3","3","10","fracking","40","","","","","","","","","","","","","","","","","1","","1","other","100","","","","","","","",""
"40.74766384-79.52517778---2010","https://mapsengine.google.com/06136759344167181854-06191489742681286724-4/wms/?version=1.3.0","40.7476638362","-79.5251777799","2010","Armstrong","public","","10","","10","other","100","","","10","","10","other","100","","","","","","","","","","","","","","","","","","","","","","","","","","","","",""
"39.799511-79.52766161---2008","https://mapsengine.google.com/06136759344167181854-00219351362547715467-4/wms/?version=1.3.0","39.7995109992","-79.5276616138","2008","Fayette","first_internal","","3","","3","other","100","","1","8","1","10","other","80","","","3","","3","other","100","","","","","","","","","","","","","","","","","","","","","",""
"39.72958284-79.99331542---2005","https://mapsengine.google.com/06136759344167181854-15960346301379896183-4/wms/?version=1.3.0","39.7295828368","-79.9933154213","2005","Greene","final_internal","","3","","3","other","100","","","1","","1","other","100","","","","","","","","","","3","","3","other","100","","","","","","","","","","","","","","",""
"40.24884957-80.2634902---2008","https://mapsengine.google.com/06136759344167181854-00219351362547715467-4/wms/?version=1.3.0","40.2488495672","-80.2634901989","2008","Washington","sweeper_internal","","1","","1","other","100","","4","","6","10","unknown","60","","2","1","","3","fracking","66","","","","","","","","","","1","","1","other","100","","","","","","","",""
"40.67606281-79.75023272---2010","https://mapsengine.google.com/06136759344167181854-06191489742681286724-4/wms/?version=1.3.0","40.6760628061","-79.7502327181","2010","Butler","sweeper_internal","1","","","1","fracking","100","","7","8","2","17","other","47","","","","","","","","","","","","","","","","1","","","1","fracking","100","","","","","","","",""
"41.58052726-77.05989054---2010","https://mapsengine.google.com/06136759344167181854-06191489742681286724-4/wms/?version=1.3.0","41.5805272566","-77.0598905449","2010","Tioga","public","","9","2","11","other","81","","","9","2","11","other","81","","","","","","","","","","","","","","","","","","","","","","","","","","","","",""
"41.67759881-75.9136696---2008","https://mapsengine.google.com/06136759344167181854-00219351362547715467-4/wms/?version=1.3.0","41.6775988144","-75.9136696034","2008","Susquehanna","final_internal","","3","","3","other","100","","","1","","1","other","100","","","3","","3","other","100","","","3","","3","other","100","","","","","","","","","","","","","","",""
"41.99156942-77.02198006---2010","https://mapsengine.google.com/06136759344167181854-06191489742681286724-4/wms/?version=1.3.0","41.9915694215","-77.0219800575","2010","Tioga","public","","12","","12","other","100","","","12","","12","other","100","","","","","","","","","","","","","","","","","","","","","","","","","","","","",""
"40.26393583-80.46363592---2010","https://mapsengine.google.com/06136759344167181854-06191489742681286724-4/wms/?version=1.3.0","40.2639358292","-80.4636359218","2010","Washington","sweeper_internal","1","","","1","fracking","100","","4","6","","10","other","60","","","","","","","","","","","","","","","","1","","","1","fracking","100","","","","","","","",""
"41.87415958-77.66392847---2008","https://mapsengine.google.com/06136759344167181854-00219351362547715467-4/wms/?version=1.3.0","41.8741595775","-77.6639284717","2008","Potter","final_internal","3","","","3","fracking","100","","1","","","1","fracking","100","","","","","","","","","3","","","3","fracking","100","","","","","","","","","","","","","","",""
"41.72543397-76.24970352---2010","https://mapsengine.google.com/06136759344167181854-06191489742681286724-4/wms/?version=1.3.0","41.72543397","-76.24970352","2010","Bradford","first_internal","","3","","3","other","100","","","9","1","10","other","90","","","3","","3","other","100","","","","","","","","","","","","","","","","","","","","","",""
"41.87872914-75.89211761---2010","https://mapsengine.google.com/06136759344167181854-06191489742681286724-4/wms/?version=1.3.0","41.87872914","-75.89211761","2010","Susquehanna","first_internal","","3","","3","other","100","","","11","","11","other","100","","","3","","3","other","100","","","","","","","","","","","","","","","","","","","","","",""
"41.04354009-79.34200585---2005","https://mapsengine.google.com/06136759344167181854-15960346301379896183-4/wms/?version=1.3.0","41.0435400863","-79.3420058466","2005","Clarion","final_internal","","3","","3","other","100","","","1","","1","other","100","","","","","","","","","","3","","3","other","100","","","","","","","","","","","","","","",""
"41.81344088-76.53162098---2010","https://mapsengine.google.com/06136759344167181854-06191489742681286724-4/wms/?version=1.3.0","41.81344088","-76.53162098","2010","Bradford","first_internal","","3","","3","other","100","","","8","2","10","other","80","","","3","","3","other","100","","","","","","","","","","","","","","","","","","","","","",""
"40.0875042-79.83973342---2010","https://mapsengine.google.com/06136759344167181854-06191489742681286724-4/wms/?version=1.3.0","40.0875041967","-79.8397334159","2010","Fayette","public","1","8","1","10","other","80","","1","8","1","10","other","80","","","","","","","","","","","","","","","","","","","","","","","","","","","","",""
"40.28127856-80.22541597---2010","https://mapsengine.google.com/06136759344167181854-06191489742681286724-4/wms/?version=1.3.0","40.281278561","-80.2254159684","2010","Washington","public","9","","1","10","fracking","90","","9","","1","10","fracking","90","","","","","","","","","","","","","","","","","","","","","","","","","","","","",""
"40.03552127-80.04940878---2008","https://mapsengine.google.com/06136759344167181854-00219351362547715467-4/wms/?version=1.3.0","40.0355212652","-80.049408776","2008","Washington","sweeper_internal","","1","","1","other","100","","2","7","1","10","other","70","","","3","","3","other","100","","","","","","","","","","1","","1","other","100","","","","","","","",""
"41.78736369-76.23399125---2008","https://mapsengine.google.com/06136759344167181854-00219351362547715467-4/wms/?version=1.3.0","41.7873636895","-76.2339912499","2008","Bradford","final_internal","","3","","3","other","100","","","1","","1","other","100","","","3","","3","other","100","","","3","","3","other","100","","","","","","","","","","","","","","",""
"39.9596851-79.83809212---2005","https://mapsengine.google.com/06136759344167181854-15960346301379896183-4/wms/?version=1.3.0","39.9596851014","-79.8380921158","2005","Fayette","final_internal","","3","","3","other","100","","","1","","1","other","100","","","","","","","","","","3","","3","other","100","","","","","","","","","","","","","","",""
"40.08459901-79.711316---2010","https://mapsengine.google.com/06136759344167181854-06191489742681286724-4/wms/?version=1.3.0","40.0845990105","-79.7113159978","2010","Fayette","public","","10","","10","other","100","","","10","","10","other","100","","","","","","","","","","","","","","","","","","","","","","","","","","","","",""
"41.75330359-77.33874642---2008","https://mapsengine.google.com/06136759344167181854-00219351362547715467-4/wms/?version=1.3.0","41.753303587","-77.3387464159","2008","Tioga","final_internal","3","","","3","fracking","100","","1","","","1","fracking","100","","","","","","","","","3","","","3","fracking","100","","","","","","","","","","","","","","",""
"39.99987413-79.6615197---2010","https://mapsengine.google.com/06136759344167181854-06191489742681286724-4/wms/?version=1.3.0","39.999874134","-79.661519696","2010","Fayette","public","10","","","10","fracking","100","","10","","","10","fracking","100","","","","","","","","","","","","","","","","","","","","","","","","","","","","",""
"41.6988599-76.44520827---2005","https://mapsengine.google.com/06136759344167181854-15960346301379896183-4/wms/?version=1.3.0","41.6988599014","-76.445208274","2005","Bradford","final_internal","","3","","3","other","100","","","1","","1","other","100","","","3","","3","other","100","","","3","","3","other","100","","","","","","","","","","","","","","",""
"41.71603605-75.87370817---2008","https://mapsengine.google.com/06136759344167181854-00219351362547715467-4/wms/?version=1.3.0","41.7160360485","-75.8737081716","2008","Susquehanna","final_internal","","3","","3","other","100","","","1","","1","other","100","","","3","","3","other","100","","","3","","3","other","100","","","","","","","","","","","","","","",""
"41.22456289-78.72431659---2005","https://mapsengine.google.com/06136759344167181854-15960346301379896183-4/wms/?version=1.3.0","41.2245628901","-78.7243165925","2005","Jefferson","final_internal","","3","","3","other","100","","","1","","1","other","100","","","","","","","","","","3","","3","other","100","","","","","","","","","","","","","","",""
"41.78282796-76.70238431---2005","https://mapsengine.google.com/06136759344167181854-15960346301379896183-4/wms/?version=1.3.0","41.7828279602","-76.7023843089","2005","Bradford","final_internal","","3","","3","other","100","","","1","","1","other","100","","","3","","3","other","100","","","3","","3","other","100","","","","","","","","","","","","","","",""
"41.72488677-76.25664525---2010","https://mapsengine.google.com/06136759344167181854-06191489742681286724-4/wms/?version=1.3.0","41.72488677","-76.25664525","2010","Bradford","sweeper_internal","","1","","1","other","100","","8","1","1","10","fracking","80","","1","1","1","3","fracking|unknown|other","","33|33|33","","","","","","","","","1","","1","other","100","","","","","","","",""
"40.99732677-78.85991185---2010","https://mapsengine.google.com/06136759344167181854-06191489742681286724-4/wms/?version=1.3.0","40.9973267709","-78.8599118457","2010","Jefferson","public","2","8","","10","other","80","","2","8","","10","other","80","","","","","","","","","","","","","","","","","","","","","","","","","","","","",""
"39.94163331-79.97959116---2005","https://mapsengine.google.com/06136759344167181854-15960346301379896183-4/wms/?version=1.3.0","39.9416333055","-79.9795911595","2005","Greene","final_internal","","2","1","3","other","66","","","1","","1","other","100","","","","","","","","","","2","1","3","other","66","","","","","","","","","","","","","","",""
"41.71830078-77.33260255---2010","https://mapsengine.google.com/06136759344167181854-06191489742681286724-4/wms/?version=1.3.0","41.7183007822","-77.3326025493","2010","Tioga","sweeper_internal","1","","","1","fracking","100","","2","5","3","10","other","50","","","","","","","","","","","","","","","","1","","","1","fracking","100","","","","","","","",""
"41.22148344-76.62931335---2010","https://mapsengine.google.com/06136759344167181854-06191489742681286724-4/wms/?version=1.3.0","41.2214834383","-76.6293133492","2010","Lycoming","sweeper_internal","","1","","1","other","100","","5","3","2","10","fracking","50","","","","","","","","","","","","","","","","","1","","1","other","100","","","","","","","",""
"41.69938205-76.77584413---2005","https://mapsengine.google.com/06136759344167181854-15960346301379896183-4/wms/?version=1.3.0","41.699382047","-76.7758441298","2005","Bradford","final_internal","","3","","3","other","100","","","1","","1","other","100","","","3","","3","other","100","","","3","","3","other","100","","","","","","","","","","","","","","",""
"41.65713483-76.02721872---2005","https://mapsengine.google.com/06136759344167181854-15960346301379896183-4/wms/?version=1.3.0","41.6571348262","-76.0272187161","2005","Susquehanna","final_internal","","3","","3","other","100","","","1","","1","other","100","","","3","","3","other","100","","","3","","3","other","100","","","","","","","","","","","","","","",""
"41.775356-76.86831195---2005","https://mapsengine.google.com/06136759344167181854-15960346301379896183-4/wms/?version=1.3.0","41.7753560027","-76.8683119528","2005","Bradford","final_internal","","3","","3","other","100","","","1","","1","other","100","","","3","","3","other","100","","","3","","3","other","100","","","","","","","","","","","","","","",""
"41.66977628-76.09008696---2005","https://mapsengine.google.com/06136759344167181854-15960346301379896183-4/wms/?version=1.3.0","41.6697762753","-76.0900869555","2005","Susquehanna","final_internal","","3","","3","other","100","","","1","","1","other","100","","","3","","3","other","100","","","3","","3","other","100","","","","","","","","","","","","","","",""
"41.71206034-75.59429329---2005","https://mapsengine.google.com/06136759344167181854-15960346301379896183-4/wms/?version=1.3.0","41.712060338","-75.5942932922","2005","Susquehanna","final_internal","","3","","3","other","100","","","1","","1","other","100","","","3","","3","other","100","","","3","","3","other","100","","","","","","","","","","","","","","",""
"40.27117527-80.26156239---2005","https://mapsengine.google.com/06136759344167181854-15960346301379896183-4/wms/?version=1.3.0","40.2711752665","-80.2615623936","2005","Washington","final_internal","","3","","3","other","100","","","1","","1","other","100","","","","","","","","","","3","","3","other","100","","","","","","","","","","","","","","",""
"41.98806917-76.9495508---2008","https://mapsengine.google.com/06136759344167181854-00219351362547715467-4/wms/?version=1.3.0","41.9880691697","-76.9495507993","2008","Tioga","final_internal","","3","","3","other","100","","1","","","1","fracking","100","","","","","","","","","","3","","3","other","100","","","","","","","","","","","","","","",""
"41.58138335-77.06668439---2010","https://mapsengine.google.com/06136759344167181854-06191489742681286724-4/wms/?version=1.3.0","41.5813833544","-77.0666843873","2010","Tioga","public","","12","","12","other","100","","","12","","12","other","100","","","","","","","","","","","","","","","","","","","","","","","","","","","","",""
"40.79975555-79.59794029---2008","https://mapsengine.google.com/06136759344167181854-00219351362547715467-4/wms/?version=1.3.0","40.7997555545","-79.5979402867","2008","Armstrong","sweeper_internal","","1","","1","other","100","","3","2","1","6","fracking","50","","1","1","1","3","fracking|unknown|other","","33|33|33","","","","","","","","","1","","1","other","100","","","","","","","",""
"41.75529974-78.41075869---2008","https://mapsengine.google.com/06136759344167181854-00219351362547715467-4/wms/?version=1.3.0","41.7552997355","-78.4107586923","2008","McKean","first_internal","","3","","3","other","100","","","7","1","8","other","87","","","3","","3","other","100","","","","","","","","","","","","","","","","","","","","","",""
"41.76538601-75.9719731---2010","https://mapsengine.google.com/06136759344167181854-06191489742681286724-4/wms/?version=1.3.0","41.7653860143","-75.9719730996","2010","Susquehanna","sweeper_internal","","1","","1","other","100","","3","6","3","12","other","50","","","3","","3","other","100","","","","","","","","","","1","","1","other","100","","","","","","","",""
"41.76525891-76.4793746---2010","https://mapsengine.google.com/06136759344167181854-06191489742681286724-4/wms/?version=1.3.0","41.76525891","-76.4793746","2010","Bradford","first_internal","","3","","3","other","100","","1","12","","13","other","92","","","3","","3","other","100","","","","","","","","","","","","","","","","","","","","","",""
"41.85215441-76.98693514---2008","https://mapsengine.google.com/06136759344167181854-00219351362547715467-4/wms/?version=1.3.0","41.8521544103","-76.9869351439","2008","Tioga","final_internal","","3","","3","other","100","","1","","","1","fracking","100","","","","","","","","","","3","","3","other","100","","","","","","","","","","","","","","",""
"41.45391528-77.14481539---2005","https://mapsengine.google.com/06136759344167181854-15960346301379896183-4/wms/?version=1.3.0","41.4539152776","-77.1448153875","2005","Lycoming","missing_internal","","1","","1","other","100","","","","","","fracking|unknown|other","","","","","","","","","","","","","","","","","","","","","","","","","1","","1","other","100",""
"41.74752515-75.92483477---2008","https://mapsengine.google.com/06136759344167181854-00219351362547715467-4/wms/?version=1.3.0","41.7475251486","-75.9248347685","2008","Susquehanna","final_internal","","3","","3","other","100","","","1","","1","other","100","","","3","","3","other","100","","","3","","3","other","100","","","","","","","","","","","","","","",""
"41.54620994-76.43364003---2005","https://mapsengine.google.com/06136759344167181854-15960346301379896183-4/wms/?version=1.3.0","41.5462099391","-76.433640034","2005","Sullivan","final_internal","","4","","4","other","100","","","1","","1","other","100","","","3","","3","other","100","","","4","","4","other","100","","","","","","","","","","","","","","",""
"41.85387255-77.29968995---2008","https://mapsengine.google.com/06136759344167181854-00219351362547715467-4/wms/?version=1.3.0","41.8538725455","-77.2996899456","2008","Tioga","final_internal","","3","","3","other","100","","","1","","1","other","100","","","","","","","","","","3","","3","other","100","","","","","","","","","","","","","","",""
"39.92712492-79.96686145---2008","https://mapsengine.google.com/06136759344167181854-00219351362547715467-4/wms/?version=1.3.0","39.927124922","-79.9668614499","2008","Greene","sweeper_internal","","1","","1","other","100","","3","6","2","11","other","54","","","3","","3","other","100","","","","","","","","","","1","","1","other","100","","","","","","","",""
"41.75753232-77.3506287---2010","https://mapsengine.google.com/06136759344167181854-06191489742681286724-4/wms/?version=1.3.0","41.7575323174","-77.3506287009","2010","Tioga","public","","10","","10","other","100","","","10","","10","other","100","","","","","","","","","","","","","","","","","","","","","","","","","","","","",""
"40.19646319-79.71448542---2008","https://mapsengine.google.com/06136759344167181854-00219351362547715467-4/wms/?version=1.3.0","40.1964631898","-79.7144854194","2008","Westmoreland","first_internal","3","","","3","fracking","100","","1","","","1","fracking","100","","3","","","3","fracking","100","","","","","","","","","","","","","","","","","","","","","",""
"41.70114919-75.86479117---2010","https://mapsengine.google.com/06136759344167181854-06191489742681286724-4/wms/?version=1.3.0","41.70114919","-75.86479117","2010","Susquehanna","first_internal","","3","","3","other","100","","","10","","10","other","100","","","3","","3","other","100","","","","","","","","","","","","","","","","","","","","","",""
"41.69647281-75.88005939---2008","https://mapsengine.google.com/06136759344167181854-00219351362547715467-4/wms/?version=1.3.0","41.6964728092","-75.8800593855","2008","Susquehanna","final_internal","","3","","3","other","100","","","1","","1","other","100","","","3","","3","other","100","","","3","","3","other","100","","","","","","","","","","","","","","",""
"41.73923396-75.87086535---2008","https://mapsengine.google.com/06136759344167181854-00219351362547715467-4/wms/?version=1.3.0","41.7392339574","-75.8708653534","2008","Susquehanna","final_internal","","4","","4","other","100","","","1","","1","other","100","","","3","","3","other","100","","","4","","4","other","100","","","","","","","","","","","","","","",""
"40.37630222-79.33238374---2010","https://mapsengine.google.com/06136759344167181854-06191489742681286724-4/wms/?version=1.3.0","40.3763022248","-79.3323837425","2010","Westmoreland","public","1","9","","10","other","90","","1","9","","10","other","90","","","","","","","","","","","","","","","","","","","","","","","","","","","","",""
"40.24316-80.27419099---2010","https://mapsengine.google.com/06136759344167181854-06191489742681286724-4/wms/?version=1.3.0","40.2431600035","-80.27419099","2010","Washington","public","","10","","10","other","100","","","10","","10","other","100","","","","","","","","","","","","","","","","","","","","","","","","","","","","",""
"39.72238713-80.0170323---2008","https://mapsengine.google.com/06136759344167181854-00219351362547715467-4/wms/?version=1.3.0","39.7223871289","-80.0170322992","2008","Greene","sweeper_internal","","1","","1","other","100","","","7","3","10","other","70","","","3","","3","other","100","","","","","","","","","","1","","1","other","100","","","","","","","",""
"39.93372302-80.00873549---2010","https://mapsengine.google.com/06136759344167181854-06191489742681286724-4/wms/?version=1.3.0","39.9337230238","-80.0087354869","2010","Greene","public","","10","","10","other","100","","","10","","10","other","100","","","","","","","","","","","","","","","","","","","","","","","","","","","","",""
"41.5847323-78.47214233---2010","https://mapsengine.google.com/06136759344167181854-06191489742681286724-4/wms/?version=1.3.0","41.5847322982","-78.4721423328","2010","Elk","sweeper_internal","","1","","1","other","100","","4","1","5","10","unknown","50","","","","","","","","","","","","","","","","","1","","1","other","100","","","","","","","",""
"41.55963676-76.46492803---2008","https://mapsengine.google.com/06136759344167181854-00219351362547715467-4/wms/?version=1.3.0","41.5596367575","-76.4649280303","2008","Sullivan","final_internal","","3","","3","other","100","","","1","","1","other","100","","","3","","3","other","100","","","3","","3","other","100","","","","","","","","","","","","","","",""
"40.3677617-79.32892643---2010","https://mapsengine.google.com/06136759344167181854-06191489742681286724-4/wms/?version=1.3.0","40.3677616982","-79.3289264289","2010","Westmoreland","sweeper_internal","1","","","1","fracking","100","","8","2","2","12","fracking","66","","","","","","","","","","","","","","","","1","","","1","fracking","100","","","","","","","",""
"41.77709518-75.92138011---2010","https://mapsengine.google.com/06136759344167181854-06191489742681286724-4/wms/?version=1.3.0","41.77709518","-75.92138011","2010","Susquehanna","first_internal","","3","","3","other","100","","","12","","12","other","100","","","3","","3","other","100","","","","","","","","","","","","","","","","","","","","","",""
"40.78196995-79.63156948---2005","https://mapsengine.google.com/06136759344167181854-15960346301379896183-4/wms/?version=1.3.0","40.7819699523","-79.6315694787","2005","Armstrong","final_internal","","3","","3","other","100","","","","1","1","unknown","100","","","","","","","","","","3","","3","other","100","","","","","","","","","","","","","","",""
"40.96580904-79.95856478---2005","https://mapsengine.google.com/06136759344167181854-15960346301379896183-4/wms/?version=1.3.0","40.9658090365","-79.9585647781","2005","Butler","final_internal","","3","","3","other","100","","","1","","1","other","100","","","","","","","","","","3","","3","other","100","","","","","","","","","","","","","","",""
"40.87266773-79.5239721---2005","https://mapsengine.google.com/06136759344167181854-15960346301379896183-4/wms/?version=1.3.0","40.8726677286","-79.523972098","2005","Armstrong","final_internal","","3","","3","other","100","","","1","","1","other","100","","","","","","","","","","3","","3","other","100","","","","","","","","","","","","","","",""
"41.70514476-75.89058378---2008","https://mapsengine.google.com/06136759344167181854-00219351362547715467-4/wms/?version=1.3.0","41.7051447557","-75.8905837793","2008","Susquehanna","final_internal","","3","","3","other","100","","","1","","1","other","100","","","3","","3","other","100","","","3","","3","other","100","","","","","","","","","","","","","","",""
"41.711577-76.13094534---2008","https://mapsengine.google.com/06136759344167181854-00219351362547715467-4/wms/?version=1.3.0","41.7115769978","-76.1309453432","2008","Bradford","final_internal","","3","","3","other","100","","","1","","1","other","100","","","3","","3","other","100","","","3","","3","other","100","","","","","","","","","","","","","","",""
"40.79952053-79.58533269---2010","https://mapsengine.google.com/06136759344167181854-06191489742681286724-4/wms/?version=1.3.0","40.7995205328","-79.5853326906","2010","Armstrong","sweeper_internal","1","","","1","fracking","100","","6","1","3","10","fracking","60","","","","","","","","","","","","","","","","1","","","1","fracking","100","","","","","","","",""
"41.76334527-76.81707142---2008","https://mapsengine.google.com/06136759344167181854-00219351362547715467-4/wms/?version=1.3.0","41.7633452689","-76.817071423","2008","Bradford","final_internal","","3","","3","other","100","","","1","","1","other","100","","","3","","3","other","100","","","3","","3","other","100","","","","","","","","","","","","","","",""
"40.45370898-80.34268313---2008","https://mapsengine.google.com/06136759344167181854-00219351362547715467-4/wms/?version=1.3.0","40.4537089792","-80.3426831342","2008","Washington","first_internal","","3","","3","other","100","","1","7","","8","other","87","","","3","","3","other","100","","","","","","","","","","","","","","","","","","","","","",""
"40.80338574-79.6599835---2005","https://mapsengine.google.com/06136759344167181854-15960346301379896183-4/wms/?version=1.3.0","40.8033857384","-79.6599834966","2005","Armstrong","final_internal","","3","","3","other","100","","","1","","1","other","100","","","","","","","","","","3","","3","other","100","","","","","","","","","","","","","","",""
"41.73073415-77.36816857---2008","https://mapsengine.google.com/06136759344167181854-00219351362547715467-4/wms/?version=1.3.0","41.7307341499","-77.3681685727","2008","Tioga","final_internal","","3","","3","other","100","","","1","","1","other","100","","","","","","","","","","3","","3","other","100","","","","","","","","","","","","","","",""
"41.87773211-75.89078514---2005","https://mapsengine.google.com/06136759344167181854-15960346301379896183-4/wms/?version=1.3.0","41.8777321119","-75.8907851424","2005","Susquehanna","final_internal","","3","","3","other","100","","","1","","1","other","100","","","3","","3","other","100","","","3","","3","other","100","","","","","","","","","","","","","","",""
"39.90309217-79.9945435---2010","https://mapsengine.google.com/06136759344167181854-06191489742681286724-4/wms/?version=1.3.0","39.9030921712","-79.9945435012","2010","Greene","public","","10","","10","other","100","","","10","","10","other","100","","","","","","","","","","","","","","","","","","","","","","","","","","","","",""
"41.62235073-76.90268097---2005","https://mapsengine.google.com/06136759344167181854-15960346301379896183-4/wms/?version=1.3.0","41.6223507275","-76.9026809707","2005","Tioga","missing_internal","","1","","1","other","100","","","","","","fracking|unknown|other","","","","","","","","","","","","","","","","","","","","","","","","","1","","1","other","100",""
"39.92673393-79.98600185---2008","https://mapsengine.google.com/06136759344167181854-00219351362547715467-4/wms/?version=1.3.0","39.9267339309","-79.98600185","2008","Greene","first_internal","","3","","3","other","100","","","9","1","10","other","90","","","3","","3","other","100","","","","","","","","","","","","","","","","","","","","","",""
"40.30360347-79.21595582---2010","https://mapsengine.google.com/06136759344167181854-06191489742681286724-4/wms/?version=1.3.0","40.3036034682","-79.2159558207","2010","Westmoreland","public","10","","","10","fracking","100","","10","","","10","fracking","100","","","","","","","","","","","","","","","","","","","","","","","","","","","","",""
"41.86346957-76.71131447---2008","https://mapsengine.google.com/06136759344167181854-00219351362547715467-4/wms/?version=1.3.0","41.86346957","-76.7113144661","2008","Bradford","final_internal","","3","","3","other","100","","","1","","1","other","100","","","3","","3","other","100","","","3","","3","other","100","","","","","","","","","","","","","","",""
"41.82108081-76.87530421---2010","https://mapsengine.google.com/06136759344167181854-06191489742681286724-4/wms/?version=1.3.0","41.82108081","-76.87530421","2010","Bradford","first_internal","","3","","3","other","100","","1","8","1","10","other","80","","","3","","3","other","100","","","","","","","","","","","","","","","","","","","","","",""
"40.82880022-79.6736429---2010","https://mapsengine.google.com/06136759344167181854-06191489742681286724-4/wms/?version=1.3.0","40.8288002222","-79.6736429009","2010","Armstrong","public","8","","2","10","fracking","80","","8","","2","10","fracking","80","","","","","","","","","","","","","","","","","","","","","","","","","","","","",""
"40.75948967-80.03135572---2005","https://mapsengine.google.com/06136759344167181854-15960346301379896183-4/wms/?version=1.3.0","40.7594896705","-80.0313557181","2005","Butler","final_internal","","3","","3","other","100","","","1","","1","other","100","","","","","","","","","","3","","3","other","100","","","","","","","","","","","","","","",""
"41.90600812-76.86469099---2008","https://mapsengine.google.com/06136759344167181854-00219351362547715467-4/wms/?version=1.3.0","41.9060081175","-76.8646909936","2008","Bradford","final_internal","","3","","3","other","100","","","1","","1","other","100","","","3","","3","other","100","","","3","","3","other","100","","","","","","","","","","","","","","",""
"41.74923994-75.92467367---2010","https://mapsengine.google.com/06136759344167181854-06191489742681286724-4/wms/?version=1.3.0","41.74923994","-75.92467367","2010","Susquehanna","first_internal","","3","","3","other","100","","","12","","12","other","100","","","3","","3","other","100","","","","","","","","","","","","","","","","","","","","","",""
"41.72818051-75.90039596---2005","https://mapsengine.google.com/06136759344167181854-15960346301379896183-4/wms/?version=1.3.0","41.7281805059","-75.9003959554","2005","Susquehanna","final_internal","","3","","3","other","100","","","1","","1","other","100","","","3","","3","other","100","","","3","","3","other","100","","","","","","","","","","","","","","",""
"40.2329842-80.41945247---2008","https://mapsengine.google.com/06136759344167181854-00219351362547715467-4/wms/?version=1.3.0","40.2329842017","-80.419452472","2008","Washington","first_internal","","3","","3","other","100","","","9","1","10","other","90","","","3","","3","other","100","","","","","","","","","","","","","","","","","","","","","",""
"41.62035388-76.819598---2010","https://mapsengine.google.com/06136759344167181854-06191489742681286724-4/wms/?version=1.3.0","41.62035388","-76.819598","2010","Bradford","first_internal","","3","","3","other","100","","1","9","","10","other","90","","","3","","3","other","100","","","","","","","","","","","","","","","","","","","","","",""
"39.94174332-80.02534929---2010","https://mapsengine.google.com/06136759344167181854-06191489742681286724-4/wms/?version=1.3.0","39.9417433192","-80.0253492923","2010","Greene","sweeper_internal","","1","","1","other","100","","4","5","1","10","other","50","","","","","","","","","","","","","","","","","1","","1","other","100","","","","","","","",""
"41.73831989-77.16694788---2005","https://mapsengine.google.com/06136759344167181854-15960346301379896183-4/wms/?version=1.3.0","41.7383198918","-77.1669478839","2005","Tioga","final_internal","","3","","3","other","100","","","1","","1","other","100","","","","","","","","","","3","","3","other","100","","","","","","","","","","","","","","",""
"41.78575692-76.22818561---2010","https://mapsengine.google.com/06136759344167181854-06191489742681286724-4/wms/?version=1.3.0","41.78575692","-76.22818561","2010","Bradford","sweeper_internal","","1","","1","other","100","","5","4","2","11","fracking","45","","1","1","1","3","fracking|unknown|other","","33|33|33","","","","","","","","","1","","1","other","100","","","","","","","",""
"41.74431142-75.94891279---2010","https://mapsengine.google.com/06136759344167181854-06191489742681286724-4/wms/?version=1.3.0","41.7443114218","-75.9489127851","2010","Susquehanna","sweeper_internal","","1","","1","other","100","","1","7","2","10","other","70","","","3","","3","other","100","","","","","","","","","","1","","1","other","100","","","","","","","",""
"41.72325032-76.18963374---2010","https://mapsengine.google.com/06136759344167181854-06191489742681286724-4/wms/?version=1.3.0","41.72325032","-76.18963374","2010","Bradford","first_internal","","3","","3","other","100","","","8","2","10","other","80","","","3","","3","other","100","","","","","","","","","","","","","","","","","","","","","",""
"39.81507817-80.04300954---2010","https://mapsengine.google.com/06136759344167181854-06191489742681286724-4/wms/?version=1.3.0","39.8150781674","-80.0430095407","2010","Greene","public","2","8","","10","other","80","","2","8","","10","other","80","","","","","","","","","","","","","","","","","","","","","","","","","","","","",""
"40.27165897-80.26122933---2005","https://mapsengine.google.com/06136759344167181854-15960346301379896183-4/wms/?version=1.3.0","40.2716589749","-80.2612293287","2005","Washington","final_internal","","3","","3","other","100","","","1","","1","other","100","","","","","","","","","","3","","3","other","100","","","","","","","","","","","","","","",""
"41.96466523-77.59874717---2010","https://mapsengine.google.com/06136759344167181854-06191489742681286724-4/wms/?version=1.3.0","41.964665231","-77.5987471653","2010","Tioga","public","","10","","10","other","100","","","10","","10","other","100","","","","","","","","","","","","","","","","","","","","","","","","","","","","",""
"41.63093433-76.40116251---2005","https://mapsengine.google.com/06136759344167181854-15960346301379896183-4/wms/?version=1.3.0","41.6309343264","-76.4011625143","2005","Bradford","final_internal","","3","","3","other","100","","","1","","1","other","100","","","3","","3","other","100","","","3","","3","other","100","","","","","","","","","","","","","","",""
"41.72025339-76.19800589---2008","https://mapsengine.google.com/06136759344167181854-00219351362547715467-4/wms/?version=1.3.0","41.7202533943","-76.1980058938","2008","Bradford","final_internal","","3","","3","other","100","","","1","","1","other","100","","","3","","3","other","100","","","3","","3","other","100","","","","","","","","","","","","","","",""
"41.73415117-76.00928195---2005","https://mapsengine.google.com/06136759344167181854-15960346301379896183-4/wms/?version=1.3.0","41.7341511727","-76.0092819484","2005","Susquehanna","final_internal","","3","","3","other","100","","","1","","1","other","100","","","3","","3","other","100","","","3","","3","other","100","","","","","","","","","","","","","","",""
"41.69888018-77.3657416---2008","https://mapsengine.google.com/06136759344167181854-00219351362547715467-4/wms/?version=1.3.0","41.6988801827","-77.3657415992","2008","Tioga","final_internal","","3","","3","other","100","","","1","","1","other","100","","","","","","","","","","3","","3","other","100","","","","","","","","","","","","","","",""
"41.77791535-75.94274083---2005","https://mapsengine.google.com/06136759344167181854-15960346301379896183-4/wms/?version=1.3.0","41.7779153544","-75.9427408304","2005","Susquehanna","final_internal","","3","","3","other","100","","","1","","1","other","100","","","3","","3","other","100","","","3","","3","other","100","","","","","","","","","","","","","","",""
"40.12624815-78.76140474---2010","https://mapsengine.google.com/06136759344167181854-06191489742681286724-4/wms/?version=1.3.0","40.1262481464","-78.761404744","2010","Somerset","public","","11","","11","other","100","","","11","","11","other","100","","","","","","","","","","","","","","","","","","","","","","","","","","","","",""
"41.71604141-77.42647902---2008","https://mapsengine.google.com/06136759344167181854-00219351362547715467-4/wms/?version=1.3.0","41.7160414067","-77.4264790188","2008","Tioga","final_internal","","3","","3","other","100","","","1","","1","other","100","","","","","","","","","","3","","3","other","100","","","","","","","","","","","","","","",""
"41.73775591-76.04266642---2010","https://mapsengine.google.com/06136759344167181854-06191489742681286724-4/wms/?version=1.3.0","41.73775591","-76.04266642","2010","Susquehanna","first_internal","","3","","3","other","100","","","11","","11","other","100","","","3","","3","other","100","","","","","","","","","","","","","","","","","","","","","",""
"39.80140184-79.52685574---2005","https://mapsengine.google.com/06136759344167181854-15960346301379896183-4/wms/?version=1.3.0","39.8014018413","-79.5268557374","2005","Fayette","final_internal","","3","","3","other","100","","","1","","1","other","100","","","","","","","","","","3","","3","other","100","","","","","","","","","","","","","","",""
"40.26799626-80.37159602---2010","https://mapsengine.google.com/06136759344167181854-06191489742681286724-4/wms/?version=1.3.0","40.2679962641","-80.3715960205","2010","Washington","public","","10","","10","other","100","","","10","","10","other","100","","","","","","","","","","","","","","","","","","","","","","","","","","","","",""
"41.93468513-77.04544302---2010","https://mapsengine.google.com/06136759344167181854-06191489742681286724-4/wms/?version=1.3.0","41.9346851345","-77.0454430212","2010","Tioga","public","","9","1","10","other","90","","","9","1","10","other","90","","","","","","","","","","","","","","","","","","","","","","","","","","","","",""
"41.62926861-76.40996816---2010","https://mapsengine.google.com/06136759344167181854-06191489742681286724-4/wms/?version=1.3.0","41.62926861","-76.40996816","2010","Bradford","first_internal","","3","","3","other","100","","1","13","","14","other","92","","","3","","3","other","100","","","","","","","","","","","","","","","","","","","","","",""
"41.7951923-76.98138075---2010","https://mapsengine.google.com/06136759344167181854-06191489742681286724-4/wms/?version=1.3.0","41.7951923041","-76.9813807455","2010","Tioga","public","","11","1","12","other","91","","","11","1","12","other","91","","","","","","","","","","","","","","","","","","","","","","","","","","","","",""
"41.72045973-76.05965739---2008","https://mapsengine.google.com/06136759344167181854-00219351362547715467-4/wms/?version=1.3.0","41.720459726","-76.0596573879","2008","Susquehanna","final_internal","","3","","3","other","100","","","1","","1","other","100","","","3","","3","other","100","","","3","","3","other","100","","","","","","","","","","","","","","",""
"41.97009922-77.60725539---2010","https://mapsengine.google.com/06136759344167181854-06191489742681286724-4/wms/?version=1.3.0","41.970099221","-77.6072553947","2010","Tioga","public","","11","","11","other","100","","","11","","11","other","100","","","","","","","","","","","","","","","","","","","","","","","","","","","","",""
"41.99516804-76.95342853---2010","https://mapsengine.google.com/06136759344167181854-06191489742681286724-4/wms/?version=1.3.0","41.9951680375","-76.953428528","2010","Tioga","public","","12","","12","other","100","","","12","","12","other","100","","","","","","","","","","","","","","","","","","","","","","","","","","","","",""
"39.92925447-79.85795181---2010","https://mapsengine.google.com/06136759344167181854-06191489742681286724-4/wms/?version=1.3.0","39.929254471","-79.8579518077","2010","Fayette","sweeper_internal","","1","","1","other","100","","2","3","5","10","unknown","50","","","","","","","","","","","","","","","","","1","","1","other","100","","","","","","","",""
"41.70066304-75.90867176---2010","https://mapsengine.google.com/06136759344167181854-06191489742681286724-4/wms/?version=1.3.0","41.7006630444","-75.908671764","2010","Susquehanna","sweeper_internal","","1","","1","other","100","","6","2","3","11","fracking","54","","1","","2","3","unknown","66","","","","","","","","","","1","","1","other","100","","","","","","","",""
"40.2993798-80.30312092---2008","https://mapsengine.google.com/06136759344167181854-00219351362547715467-4/wms/?version=1.3.0","40.2993797977","-80.303120918","2008","Washington","first_internal","","3","","3","other","100","","","10","","10","other","100","","","3","","3","other","100","","","","","","","","","","","","","","","","","","","","","",""
"41.70525149-75.66216905---2010","https://mapsengine.google.com/06136759344167181854-06191489742681286724-4/wms/?version=1.3.0","41.70525149","-75.66216905","2010","Susquehanna","first_internal","","3","","3","other","100","","","10","","10","other","100","","","3","","3","other","100","","","","","","","","","","","","","","","","","","","","","",""
"41.78918709-77.01830708---2010","https://mapsengine.google.com/06136759344167181854-06191489742681286724-4/wms/?version=1.3.0","41.7891870904","-77.0183070838","2010","Tioga","public","9","","1","10","fracking","90","","9","","1","10","fracking","90","","","","","","","","","","","","","","","","","","","","","","","","","","","","",""
"41.71879006-76.79411536---2010","https://mapsengine.google.com/06136759344167181854-06191489742681286724-4/wms/?version=1.3.0","41.71879006","-76.79411536","2010","Bradford","first_internal","","3","","3","other","100","","","10","","10","other","100","","","3","","3","other","100","","","","","","","","","","","","","","","","","","","","","",""
"41.78246952-78.16166242---2010","https://mapsengine.google.com/06136759344167181854-06191489742681286724-4/wms/?version=1.3.0","41.7824695236","-78.1616624238","2010","Potter","public","","12","","12","other","100","","","12","","12","other","100","","","","","","","","","","","","","","","","","","","","","","","","","","","","",""
"41.06701507-77.90955184---2008","https://mapsengine.google.com/06136759344167181854-00219351362547715467-4/wms/?version=1.3.0","41.0670150677","-77.9095518385","2008","Centre","final_internal","","3","","3","other","100","","","1","","1","other","100","","","","","","","","","","3","","3","other","100","","","","","","","","","","","","","","",""
"40.3297061-80.28385841---2008","https://mapsengine.google.com/06136759344167181854-00219351362547715467-4/wms/?version=1.3.0","40.3297060959","-80.2838584061","2008","Washington","first_internal","3","","","3","fracking","100","","9","1","","10","fracking","90","","3","","","3","fracking","100","","","","","","","","","","","","","","","","","","","","","",""
"39.73428392-80.33387662---2005","https://mapsengine.google.com/06136759344167181854-15960346301379896183-4/wms/?version=1.3.0","39.734283918","-80.333876621","2005","Greene","final_internal","1","2","","3","other","66","","","1","","1","other","100","","","","","","","","","1","2","","3","other","66","","","","","","","","","","","","","","",""
"39.92539857-79.85741314---2005","https://mapsengine.google.com/06136759344167181854-15960346301379896183-4/wms/?version=1.3.0","39.9253985653","-79.85741314","2005","Fayette","final_internal","","3","","3","other","100","","","","1","1","unknown","100","","","","","","","","","","3","","3","other","100","","","","","","","","","","","","","","",""
"41.84400199-76.05829946---2005","https://mapsengine.google.com/06136759344167181854-15960346301379896183-4/wms/?version=1.3.0","41.8440019943","-76.0582994563","2005","Susquehanna","final_internal","","3","","3","other","100","","","1","","1","other","100","","","3","","3","other","100","","","3","","3","other","100","","","","","","","","","","","","","","",""
"40.32348829-80.306326---2008","https://mapsengine.google.com/06136759344167181854-00219351362547715467-4/wms/?version=1.3.0","40.3234882884","-80.3063259985","2008","Washington","sweeper_internal","","1","","1","other","100","","4","4","2","10","fracking|other","","40|40","","2","1","3","other","66","","","","","","","","","","1","","1","other","100","","","","","","","",""
"41.69900247-76.77613626---2008","https://mapsengine.google.com/06136759344167181854-00219351362547715467-4/wms/?version=1.3.0","41.6990024708","-76.7761362636","2008","Bradford","final_internal","","3","","3","other","100","","","1","","1","other","100","","","3","","3","other","100","","","3","","3","other","100","","","","","","","","","","","","","","",""
"41.64267669-76.32930513---2005","https://mapsengine.google.com/06136759344167181854-15960346301379896183-4/wms/?version=1.3.0","41.6426766909","-76.3293051317","2005","Bradford","final_internal","","3","","3","other","100","","","1","","1","other","100","","","3","","3","other","100","","","3","","3","other","100","","","","","","","","","","","","","","",""
"40.86177373-79.5051113---2005","https://mapsengine.google.com/06136759344167181854-15960346301379896183-4/wms/?version=1.3.0","40.8617737303","-79.5051113035","2005","Armstrong","final_internal","","3","","3","other","100","","","","1","1","unknown","100","","","","","","","","","","3","","3","other","100","","","","","","","","","","","","","","",""
"39.87207168-79.99290215---2005","https://mapsengine.google.com/06136759344167181854-15960346301379896183-4/wms/?version=1.3.0","39.872071678","-79.9929021463","2005","Greene","final_internal","","3","","3","other","100","","","1","","1","other","100","","","","","","","","","","3","","3","other","100","","","","","","","","","","","","","","",""
"39.82557144-80.49535313---2010","https://mapsengine.google.com/06136759344167181854-06191489742681286724-4/wms/?version=1.3.0","39.8255714381","-80.4953531294","2010","Greene","sweeper_internal","1","","","1","fracking","100","","3","6","1","10","other","60","","","","","","","","","","","","","","","","1","","","1","fracking","100","","","","","","","",""
"41.70727724-75.87363085---2010","https://mapsengine.google.com/06136759344167181854-06191489742681286724-4/wms/?version=1.3.0","41.70727724","-75.87363085","2010","Susquehanna","first_internal","","3","","3","other","100","","","11","","11","other","100","","","3","","3","other","100","","","","","","","","","","","","","","","","","","","","","",""
"41.2622486-76.58233072---2008","https://mapsengine.google.com/06136759344167181854-00219351362547715467-4/wms/?version=1.3.0","41.2622486047","-76.5823307165","2008","Lycoming","final_internal","","3","","3","other","100","","","1","","1","other","100","","","","","","","","","","3","","3","other","100","","","","","","","","","","","","","","",""
"41.32793569-76.71237673---2008","https://mapsengine.google.com/06136759344167181854-00219351362547715467-4/wms/?version=1.3.0","41.3279356907","-76.7123767308","2008","Lycoming","final_internal","","3","","3","other","100","","","1","","1","other","100","","","","","","","","","","3","","3","other","100","","","","","","","","","","","","","","",""
"39.99497763-80.27374573---2010","https://mapsengine.google.com/06136759344167181854-06191489742681286724-4/wms/?version=1.3.0","39.9949776275","-80.2737457259","2010","Greene","public","","10","","10","other","100","","","10","","10","other","100","","","","","","","","","","","","","","","","","","","","","","","","","","","","",""
"40.24621048-79.74858738---2008","https://mapsengine.google.com/06136759344167181854-00219351362547715467-4/wms/?version=1.3.0","40.2462104828","-79.7485873781","2008","Westmoreland","first_internal","3","","","3","fracking","100","","1","","","1","fracking","100","","3","","","3","fracking","100","","","","","","","","","","","","","","","","","","","","","",""
"40.00905912-79.62704412---2008","https://mapsengine.google.com/06136759344167181854-00219351362547715467-4/wms/?version=1.3.0","40.0090591214","-79.6270441244","2008","Fayette","first_internal","","3","","3","other","100","","1","8","1","10","other","80","","","3","","3","other","100","","","","","","","","","","","","","","","","","","","","","",""
"41.71525481-75.8836874---2008","https://mapsengine.google.com/06136759344167181854-00219351362547715467-4/wms/?version=1.3.0","41.7152548107","-75.8836873974","2008","Susquehanna","final_internal","","3","","3","other","100","","","1","","1","other","100","","","3","","3","other","100","","","3","","3","other","100","","","","","","","","","","","","","","",""
"41.67519809-76.78451532---2008","https://mapsengine.google.com/06136759344167181854-00219351362547715467-4/wms/?version=1.3.0","41.6751980893","-76.7845153208","2008","Bradford","final_internal","","3","","3","other","100","","","1","","1","other","100","","","3","","3","other","100","","","3","","3","other","100","","","","","","","","","","","","","","",""
"40.85710199-79.5098526---2008","https://mapsengine.google.com/06136759344167181854-00219351362547715467-4/wms/?version=1.3.0","40.8571019857","-79.5098526001","2008","Armstrong","first_internal","2","","1","3","fracking","66","","5","1","","6","fracking","83","","2","","1","3","fracking","66","","","","","","","","","","","","","","","","","","","","","",""
"39.81536877-80.00569523---2010","https://mapsengine.google.com/06136759344167181854-06191489742681286724-4/wms/?version=1.3.0","39.8153687665","-80.0056952324","2010","Greene","sweeper_internal","","1","","1","other","100","","5","3","2","10","fracking","50","","","","","","","","","","","","","","","","","1","","1","other","100","","","","","","","",""
"39.85643314-79.53683559---2010","https://mapsengine.google.com/06136759344167181854-06191489742681286724-4/wms/?version=1.3.0","39.8564331447","-79.5368355945","2010","Fayette","public","10","","","10","fracking","100","","10","","","10","fracking","100","","","","","","","","","","","","","","","","","","","","","","","","","","","","",""
"40.83001674-79.15360322---2010","https://mapsengine.google.com/06136759344167181854-06191489742681286724-4/wms/?version=1.3.0","40.8300167397","-79.1536032194","2010","Indiana","public","","12","","12","other","100","","","12","","12","other","100","","","","","","","","","","","","","","","","","","","","","","","","","","","","",""
"41.80065056-76.96273115---2010","https://mapsengine.google.com/06136759344167181854-06191489742681286724-4/wms/?version=1.3.0","41.8006505634","-76.9627311515","2010","Tioga","public","","12","","12","other","100","","","12","","12","other","100","","","","","","","","","","","","","","","","","","","","","","","","","","","","",""
"39.93976287-78.89747697---2005","https://mapsengine.google.com/06136759344167181854-15960346301379896183-4/wms/?version=1.3.0","39.9397628739","-78.8974769695","2005","Somerset","final_internal","","3","","3","other","100","","","","1","1","unknown","100","","","","","","","","","","3","","3","other","100","","","","","","","","","","","","","","",""
"41.41646588-78.27177707---2010","https://mapsengine.google.com/06136759344167181854-06191489742681286724-4/wms/?version=1.3.0","41.4164658761","-78.2717770674","2010","Cameron","sweeper_internal","1","","","1","fracking","100","","7","","3","10","fracking","70","","","","","","","","","","","","","","","","1","","","1","fracking","100","","","","","","","",""
"39.8886006-80.29406806---2010","https://mapsengine.google.com/06136759344167181854-06191489742681286724-4/wms/?version=1.3.0","39.8886005998","-80.2940680597","2010","Greene","public","8","1","1","10","fracking","80","","8","1","1","10","fracking","80","","","","","","","","","","","","","","","","","","","","","","","","","","","","",""
"41.90053229-77.37132007---2010","https://mapsengine.google.com/06136759344167181854-06191489742681286724-4/wms/?version=1.3.0","41.9005322871","-77.3713200725","2010","Tioga","public","","9","1","10","other","90","","","9","1","10","other","90","","","","","","","","","","","","","","","","","","","","","","","","","","","","",""
"41.74873257-75.96690728---2008","https://mapsengine.google.com/06136759344167181854-00219351362547715467-4/wms/?version=1.3.0","41.7487325671","-75.9669072773","2008","Susquehanna","final_internal","","4","","4","other","100","","","1","","1","other","100","","","3","","3","other","100","","","4","","4","other","100","","","","","","","","","","","","","","",""
"41.6978498-76.73017595---2008","https://mapsengine.google.com/06136759344167181854-00219351362547715467-4/wms/?version=1.3.0","41.6978498004","-76.7301759532","2008","Bradford","final_internal","","3","","3","other","100","","","1","","1","other","100","","","3","","3","other","100","","","3","","3","other","100","","","","","","","","","","","","","","",""
"41.65554398-75.96190891---2008","https://mapsengine.google.com/06136759344167181854-00219351362547715467-4/wms/?version=1.3.0","41.6555439775","-75.961908912","2008","Susquehanna","final_internal","","3","","3","other","100","","","1","","1","other","100","","","3","","3","other","100","","","3","","3","other","100","","","","","","","","","","","","","","",""
"40.78943694-79.60117859---2005","https://mapsengine.google.com/06136759344167181854-15960346301379896183-4/wms/?version=1.3.0","40.7894369368","-79.601178587","2005","Armstrong","final_internal","","3","","3","other","100","","","1","","1","other","100","","","","","","","","","","3","","3","other","100","","","","","","","","","","","","","","",""
"40.08956252-79.84234054---2010","https://mapsengine.google.com/06136759344167181854-06191489742681286724-4/wms/?version=1.3.0","40.0895625249","-79.8423405383","2010","Fayette","public","","9","1","10","other","90","","","9","1","10","other","90","","","","","","","","","","","","","","","","","","","","","","","","","","","","",""
"41.76664325-75.93947387---2008","https://mapsengine.google.com/06136759344167181854-00219351362547715467-4/wms/?version=1.3.0","41.766643248","-75.9394738679","2008","Susquehanna","final_internal","","3","","3","other","100","","","1","","1","other","100","","","3","","3","other","100","","","3","","3","other","100","","","","","","","","","","","","","","",""
"39.73041256-79.9647324---2008","https://mapsengine.google.com/06136759344167181854-00219351362547715467-4/wms/?version=1.3.0","39.7304125589","-79.9647324042","2008","Greene","sweeper_internal","","1","","1","other","100","","3","6","1","10","other","60","","1","1","1","3","fracking|unknown|other","","33|33|33","","","","","","","","","1","","1","other","100","","","","","","","",""
"40.82378855-79.67765007---2010","https://mapsengine.google.com/06136759344167181854-06191489742681286724-4/wms/?version=1.3.0","40.82378855","-79.6776500684","2010","Armstrong","public","8","1","1","10","fracking","80","","8","1","1","10","fracking","80","","","","","","","","","","","","","","","","","","","","","","","","","","","","",""
"41.84650485-78.15630847---2010","https://mapsengine.google.com/06136759344167181854-06191489742681286724-4/wms/?version=1.3.0","41.8465048517","-78.1563084748","2010","Potter","public","8","","2","10","fracking","80","","8","","2","10","fracking","80","","","","","","","","","","","","","","","","","","","","","","","","","","","","",""
"41.70146567-76.4539484---2008","https://mapsengine.google.com/06136759344167181854-00219351362547715467-4/wms/?version=1.3.0","41.7014656702","-76.4539484016","2008","Bradford","final_internal","","3","","3","other","100","","","1","","1","other","100","","","3","","3","other","100","","","3","","3","other","100","","","","","","","","","","","","","","",""
"39.91955559-80.00183518---2005","https://mapsengine.google.com/06136759344167181854-15960346301379896183-4/wms/?version=1.3.0","39.9195555911","-80.001835181","2005","Greene","final_internal","","3","","3","other","100","","","1","","1","other","100","","","","","","","","","","3","","3","other","100","","","","","","","","","","","","","","",""
"41.78940494-77.208062---2005","https://mapsengine.google.com/06136759344167181854-15960346301379896183-4/wms/?version=1.3.0","41.7894049393","-77.2080619957","2005","Tioga","missing_internal","","1","","1","other","100","","","","","","fracking|unknown|other","","","","","","","","","","","","","","","","","","","","","","","","","1","","1","other","100",""
"41.26226536-76.58237206---2010","https://mapsengine.google.com/06136759344167181854-06191489742681286724-4/wms/?version=1.3.0","41.2622653594","-76.5823720614","2010","Lycoming","public","","10","","10","other","100","","","10","","10","other","100","","","","","","","","","","","","","","","","","","","","","","","","","","","","",""
"41.66079014-75.9556647---2005","https://mapsengine.google.com/06136759344167181854-15960346301379896183-4/wms/?version=1.3.0","41.6607901351","-75.9556647049","2005","Susquehanna","final_internal","","3","","3","other","100","","","","1","1","unknown","100","","","3","","3","other","100","","","3","","3","other","100","","","","","","","","","","","","","","",""
"41.73755455-76.0583857---2005","https://mapsengine.google.com/06136759344167181854-15960346301379896183-4/wms/?version=1.3.0","41.7375545541","-76.0583857048","2005","Susquehanna","final_internal","","3","","3","other","100","","","1","","1","other","100","","","3","","3","other","100","","","3","","3","other","100","","","","","","","","","","","","","","",""
"40.15189325-80.41222226---2008","https://mapsengine.google.com/06136759344167181854-00219351362547715467-4/wms/?version=1.3.0","40.1518932496","-80.4122222595","2008","Washington","first_internal","","3","","3","other","100","","","8","","8","other","100","","","3","","3","other","100","","","","","","","","","","","","","","","","","","","","","",""
"41.73889056-76.60032853---2005","https://mapsengine.google.com/06136759344167181854-15960346301379896183-4/wms/?version=1.3.0","41.7388905637","-76.6003285348","2005","Bradford","final_internal","","3","","3","other","100","","","1","","1","other","100","","","3","","3","other","100","","","3","","3","other","100","","","","","","","","","","","","","","",""
"41.71590114-77.33361583---2010","https://mapsengine.google.com/06136759344167181854-06191489742681286724-4/wms/?version=1.3.0","41.7159011416","-77.3336158331","2010","Tioga","public","","12","","12","other","100","","","12","","12","other","100","","","","","","","","","","","","","","","","","","","","","","","","","","","","",""
"40.79430439-79.99810938---2005","https://mapsengine.google.com/06136759344167181854-15960346301379896183-4/wms/?version=1.3.0","40.7943043924","-79.9981093796","2005","Butler","final_internal","2","1","","3","fracking","66","","","1","","1","other","100","","","","","","","","","2","1","","3","fracking","66","","","","","","","","","","","","","","",""
"41.90734283-76.85429671---2005","https://mapsengine.google.com/06136759344167181854-15960346301379896183-4/wms/?version=1.3.0","41.9073428345","-76.8542967069","2005","Bradford","final_internal","","3","","3","other","100","","1","","","1","fracking","100","","","3","","3","other","100","","","3","","3","other","100","","","","","","","","","","","","","","",""
"41.53466415-77.00357688---2010","https://mapsengine.google.com/06136759344167181854-06191489742681286724-4/wms/?version=1.3.0","41.534664148","-77.0035768754","2010","Lycoming","sweeper_internal","","1","","1","other","100","","1","7","2","10","other","70","","","","","","","","","","","","","","","","","1","","1","other","100","","","","","","","",""
"40.24405854-80.30946879---2010","https://mapsengine.google.com/06136759344167181854-06191489742681286724-4/wms/?version=1.3.0","40.2440585419","-80.3094687945","2010","Washington","sweeper_internal","","1","","1","other","100","","4","5","1","10","other","50","","","","","","","","","","","","","","","","","1","","1","other","100","","","","","","","",""
"41.78009636-76.98571105---2005","https://mapsengine.google.com/06136759344167181854-15960346301379896183-4/wms/?version=1.3.0","41.7800963618","-76.9857110493","2005","Tioga","missing_internal","","1","","1","other","100","","","","","","fracking|unknown|other","","","","","","","","","","","","","","","","","","","","","","","","","1","","1","other","100",""
"41.72081253-78.37490478---2010","https://mapsengine.google.com/06136759344167181854-06191489742681286724-4/wms/?version=1.3.0","41.7208125268","-78.3749047838","2010","McKean","public","10","","","10","fracking","100","","10","","","10","fracking","100","","","","","","","","","","","","","","","","","","","","","","","","","","","","",""
"40.65912273-79.77841452---2005","https://mapsengine.google.com/06136759344167181854-15960346301379896183-4/wms/?version=1.3.0","40.6591227343","-79.7784145165","2005","Allegheny","final_internal","","3","","3","other","100","","","1","","1","other","100","","","3","","3","other","100","","","3","","3","other","100","","","","","","","","","","","","","","",""
"41.78861253-77.02370368---2008","https://mapsengine.google.com/06136759344167181854-00219351362547715467-4/wms/?version=1.3.0","41.7886125332","-77.0237036752","2008","Tioga","final_internal","","3","","3","other","100","","","1","","1","other","100","","","","","","","","","","3","","3","other","100","","","","","","","","","","","","","","",""
"41.67855361-76.0736814---2005","https://mapsengine.google.com/06136759344167181854-15960346301379896183-4/wms/?version=1.3.0","41.678553609","-76.0736814011","2005","Susquehanna","final_internal","","3","","3","other","100","","","1","","1","other","100","","","3","","3","other","100","","","3","","3","other","100","","","","","","","","","","","","","","",""
"41.69168272-77.00731563---2008","https://mapsengine.google.com/06136759344167181854-00219351362547715467-4/wms/?version=1.3.0","41.6916827168","-77.0073156252","2008","Tioga","final_internal","","3","","3","other","100","","","1","","1","other","100","","","","","","","","","","3","","3","other","100","","","","","","","","","","","","","","",""
"41.74932061-76.75468929---2008","https://mapsengine.google.com/06136759344167181854-00219351362547715467-4/wms/?version=1.3.0","41.7493206063","-76.754689285","2008","Bradford","final_internal","1","2","","3","other","66","","","1","","1","other","100","","","3","","3","other","100","","1","2","","3","other","66","","","","","","","","","","","","","","",""
"41.56628099-76.10190244---2005","https://mapsengine.google.com/06136759344167181854-15960346301379896183-4/wms/?version=1.3.0","41.5662809889","-76.1019024387","2005","Wyoming","final_internal","","3","","3","other","100","","","1","","1","other","100","","","3","","3","other","100","","","3","","3","other","100","","","","","","","","","","","","","","",""
"41.76145575-76.10608896---2005","https://mapsengine.google.com/06136759344167181854-15960346301379896183-4/wms/?version=1.3.0","41.7614557485","-76.1060889585","2005","Susquehanna","final_internal","","3","","3","other","100","","","1","","1","other","100","","","3","","3","other","100","","","3","","3","other","100","","","","","","","","","","","","","","",""
"39.79272725-79.84752326---2005","https://mapsengine.google.com/06136759344167181854-15960346301379896183-4/wms/?version=1.3.0","39.7927272497","-79.8475232561","2005","Fayette","final_internal","","3","","3","other","100","","","1","","1","other","100","","","","","","","","","","3","","3","other","100","","","","","","","","","","","","","","",""
"41.57829087-77.02970953---2010","https://mapsengine.google.com/06136759344167181854-06191489742681286724-4/wms/?version=1.3.0","41.5782908735","-77.0297095264","2010","Tioga","public","","11","","11","other","100","","","11","","11","other","100","","","","","","","","","","","","","","","","","","","","","","","","","","","","",""
"41.70565839-76.08735483---2010","https://mapsengine.google.com/06136759344167181854-06191489742681286724-4/wms/?version=1.3.0","41.70565839","-76.08735483","2010","Susquehanna","first_internal","","3","","3","other","100","","","9","1","10","other","90","","","3","","3","other","100","","","","","","","","","","","","","","","","","","","","","",""
"40.36325294-79.35256886---2008","https://mapsengine.google.com/06136759344167181854-00219351362547715467-4/wms/?version=1.3.0","40.3632529409","-79.3525688594","2008","Westmoreland","final_internal","","3","","3","other","100","","","1","","1","other","100","","","","","","","","","","3","","3","other","100","","","","","","","","","","","","","","",""
"41.21840662-78.67835848---2010","https://mapsengine.google.com/06136759344167181854-06191489742681286724-4/wms/?version=1.3.0","41.2184066169","-78.6783584785","2010","Elk","sweeper_internal","","1","","1","other","100","","","8","3","11","other","72","","","","","","","","","","","","","","","","","1","","1","other","100","","","","","","","",""
"40.54688315-79.02703936---2008","https://mapsengine.google.com/06136759344167181854-00219351362547715467-4/wms/?version=1.3.0","40.5468831529","-79.0270393617","2008","Indiana","first_internal","","3","","3","other","100","","","1","","1","other","100","","","3","","3","other","100","","","","","","","","","","","","","","","","","","","","","",""
"40.2152286-80.49469063---2010","https://mapsengine.google.com/06136759344167181854-06191489742681286724-4/wms/?version=1.3.0","40.2152285999","-80.4946906348","2010","Washington","sweeper_internal","","1","","1","other","100","","6","2","2","10","fracking","60","","","","","","","","","","","","","","","","","1","","1","other","100","","","","","","","",""
"39.80860844-79.52741568---2008","https://mapsengine.google.com/06136759344167181854-00219351362547715467-4/wms/?version=1.3.0","39.8086084422","-79.5274156776","2008","Fayette","first_internal","","3","","3","other","100","","1","9","","10","other","90","","","3","","3","other","100","","","","","","","","","","","","","","","","","","","","","",""
"41.71122205-75.88335671---2010","https://mapsengine.google.com/06136759344167181854-06191489742681286724-4/wms/?version=1.3.0","41.71122205","-75.88335671","2010","Susquehanna","first_internal","","3","","3","other","100","","","9","1","10","other","90","","","3","","3","other","100","","","","","","","","","","","","","","","","","","","","","",""
"40.87296879-79.55738098---2010","https://mapsengine.google.com/06136759344167181854-06191489742681286724-4/wms/?version=1.3.0","40.8729687894","-79.5573809776","2010","Armstrong","public","9","","1","10","fracking","90","","9","","1","10","fracking","90","","","","","","","","","","","","","","","","","","","","","","","","","","","","",""
"39.86490417-80.05269979---2010","https://mapsengine.google.com/06136759344167181854-06191489742681286724-4/wms/?version=1.3.0","39.8649041672","-80.0526997943","2010","Greene","sweeper_internal","","1","","1","other","100","","2","6","2","10","other","60","","","","","","","","","","","","","","","","","1","","1","other","100","","","","","","","",""
"41.64500643-76.38680107---2005","https://mapsengine.google.com/06136759344167181854-15960346301379896183-4/wms/?version=1.3.0","41.6450064317","-76.3868010733","2005","Bradford","final_internal","","3","","3","other","100","","","1","","1","other","100","","","3","","3","other","100","","","3","","3","other","100","","","","","","","","","","","","","","",""
"40.20629676-80.36523827---2010","https://mapsengine.google.com/06136759344167181854-06191489742681286724-4/wms/?version=1.3.0","40.2062967591","-80.3652382654","2010","Washington","sweeper_internal","","1","","1","other","100","","2","7","1","10","other","70","","","","","","","","","","","","","","","","","1","","1","other","100","","","","","","","",""
"41.84734874-77.0763086---2005","https://mapsengine.google.com/06136759344167181854-15960346301379896183-4/wms/?version=1.3.0","41.8473487375","-77.0763086005","2005","Tioga","missing_internal","","1","","1","other","100","","","","","","fracking|unknown|other","","","","","","","","","","","","","","","","","","","","","","","","","1","","1","other","100",""
"41.62959388-76.42258494---2008","https://mapsengine.google.com/06136759344167181854-00219351362547715467-4/wms/?version=1.3.0","41.6295938758","-76.4225849418","2008","Bradford","final_internal","","3","","3","other","100","","","1","","1","other","100","","","3","","3","other","100","","","3","","3","other","100","","","","","","","","","","","","","","",""
"41.71929729-76.36481487---2010","https://mapsengine.google.com/06136759344167181854-06191489742681286724-4/wms/?version=1.3.0","41.71929729","-76.36481487","2010","Bradford","first_internal","","3","","3","other","100","","","10","","10","other","100","","","3","","3","other","100","","","","","","","","","","","","","","","","","","","","","",""
"41.5972889-75.56825497---2008","https://mapsengine.google.com/06136759344167181854-00219351362547715467-4/wms/?version=1.3.0","41.5972889021","-75.5682549722","2008","Lackawanna","final_internal","","3","","3","other","100","","","1","","1","other","100","","","3","","3","other","100","","","3","","3","other","100","","","","","","","","","","","","","","",""
"40.18865381-79.93686105---2010","https://mapsengine.google.com/06136759344167181854-06191489742681286724-4/wms/?version=1.3.0","40.1886538148","-79.9368610511","2010","Washington","sweeper_internal","1","","","1","fracking","100","","3","3","4","10","unknown","40","","","","","","","","","","","","","","","","1","","","1","fracking","100","","","","","","","",""
"40.10646031-80.06178007---2010","https://mapsengine.google.com/06136759344167181854-06191489742681286724-4/wms/?version=1.3.0","40.1064603052","-80.0617800694","2010","Washington","public","","10","","10","other","100","","","10","","10","other","100","","","","","","","","","","","","","","","","","","","","","","","","","","","","",""
"41.7249765-76.70526005---2008","https://mapsengine.google.com/06136759344167181854-00219351362547715467-4/wms/?version=1.3.0","41.7249764972","-76.705260055","2008","Bradford","final_internal","","3","","3","other","100","","","1","","1","other","100","","","","","","","","","","3","","3","other","100","","","","","","","","","","","","","","",""
"41.94066619-77.36616353---2008","https://mapsengine.google.com/06136759344167181854-00219351362547715467-4/wms/?version=1.3.0","41.9406661861","-77.3661635332","2008","Tioga","final_internal","","4","","4","other","100","","","1","","1","other","100","","","","","","","","","","4","","4","other","100","","","","","","","","","","","","","","",""
"41.75182407-76.94680471---2008","https://mapsengine.google.com/06136759344167181854-00219351362547715467-4/wms/?version=1.3.0","41.7518240727","-76.9468047103","2008","Tioga","final_internal","","3","","3","other","100","","","","1","1","unknown","100","","","","","","","","","","3","","3","other","100","","","","","","","","","","","","","","",""
"39.94264546-80.03241715---2005","https://mapsengine.google.com/06136759344167181854-15960346301379896183-4/wms/?version=1.3.0","39.9426454589","-80.0324171464","2005","Greene","final_internal","","3","","3","other","100","","","1","","1","other","100","","","","","","","","","","3","","3","other","100","","","","","","","","","","","","","","",""
"41.75288559-77.36230961---2010","https://mapsengine.google.com/06136759344167181854-06191489742681286724-4/wms/?version=1.3.0","41.7528855921","-77.3623096088","2010","Tioga","public","","10","","10","other","100","","","10","","10","other","100","","","","","","","","","","","","","","","","","","","","","","","","","","","","",""
"40.62922397-79.36872645---2008","https://mapsengine.google.com/06136759344167181854-00219351362547715467-4/wms/?version=1.3.0","40.6292239702","-79.3687264522","2008","Armstrong","first_internal","","3","","3","other","100","","","6","","6","other","100","","","3","","3","other","100","","","","","","","","","","","","","","","","","","","","","",""
"41.76916399-76.85458621---2010","https://mapsengine.google.com/06136759344167181854-06191489742681286724-4/wms/?version=1.3.0","41.76916399","-76.85458621","2010","Bradford","first_internal","","3","","3","other","100","","","10","","10","other","100","","","3","","3","other","100","","","","","","","","","","","","","","","","","","","","","",""
"39.81534979-80.0057068---2008","https://mapsengine.google.com/06136759344167181854-00219351362547715467-4/wms/?version=1.3.0","39.8153497906","-80.0057067987","2008","Greene","sweeper_internal","","1","","1","other","100","","2","6","2","10","other","60","","1","2","","3","other","66","","","","","","","","","","1","","1","other","100","","","","","","","",""
"41.74957705-75.93425135---2008","https://mapsengine.google.com/06136759344167181854-00219351362547715467-4/wms/?version=1.3.0","41.749577054","-75.9342513467","2008","Susquehanna","final_internal","","3","","3","other","100","","","1","","1","other","100","","","3","","3","other","100","","","3","","3","other","100","","","","","","","","","","","","","","",""
"41.75160933-76.83623154---2010","https://mapsengine.google.com/06136759344167181854-06191489742681286724-4/wms/?version=1.3.0","41.75160933","-76.83623154","2010","Bradford","first_internal","1","2","","3","other","66","","1","10","1","12","other","83","","1","2","","3","other","66","","","","","","","","","","","","","","","","","","","","","",""
"41.70819131-76.08542835---2010","https://mapsengine.google.com/06136759344167181854-06191489742681286724-4/wms/?version=1.3.0","41.70819131","-76.08542835","2010","Susquehanna","first_internal","","3","","3","other","100","","","10","1","11","other","90","","","3","","3","other","100","","","","","","","","","","","","","","","","","","","","","",""
"41.75283554-77.36225625---2005","https://mapsengine.google.com/06136759344167181854-15960346301379896183-4/wms/?version=1.3.0","41.7528355404","-77.3622562457","2005","Tioga","missing_internal","","1","","1","other","100","","","","","","fracking|unknown|other","","","","","","","","","","","","","","","","","","","","","","","","","1","","1","other","100",""
"40.1451101-80.26009737---2008","https://mapsengine.google.com/06136759344167181854-00219351362547715467-4/wms/?version=1.3.0","40.145110104","-80.2600973698","2008","Washington","first_internal","","3","","3","other","100","","","8","","8","other","100","","","3","","3","other","100","","","","","","","","","","","","","","","","","","","","","",""
"41.02580958-78.81209578---2008","https://mapsengine.google.com/06136759344167181854-00219351362547715467-4/wms/?version=1.3.0","41.0258095833","-78.8120957754","2008","Jefferson","first_internal","","3","","3","other","100","","1","9","","10","other","90","","","3","","3","other","100","","","","","","","","","","","","","","","","","","","","","",""
"40.51382472-79.19338851---2010","https://mapsengine.google.com/06136759344167181854-06191489742681286724-4/wms/?version=1.3.0","40.513824716","-79.1933885143","2010","Indiana","sweeper_internal","","1","","1","other","100","","6","17","5","28","other","60","","","","","","","","","","","","","","","","","1","","1","other","100","","","","","","","",""
"41.00009775-78.852483---2008","https://mapsengine.google.com/06136759344167181854-00219351362547715467-4/wms/?version=1.3.0","41.0000977537","-78.852483001","2008","Jefferson","first_internal","","3","","3","other","100","","","10","","10","other","100","","","3","","3","other","100","","","","","","","","","","","","","","","","","","","","","",""
"41.90306866-76.87163698---2008","https://mapsengine.google.com/06136759344167181854-00219351362547715467-4/wms/?version=1.3.0","41.9030686644","-76.8716369824","2008","Bradford","final_internal","","3","","3","other","100","","","1","","1","other","100","","","3","","3","other","100","","","3","","3","other","100","","","","","","","","","","","","","","",""
"40.86084947-79.5015585---2010","https://mapsengine.google.com/06136759344167181854-06191489742681286724-4/wms/?version=1.3.0","40.8608494707","-79.5015585041","2010","Armstrong","sweeper_internal","","1","","1","other","100","","3","6","2","11","other","54","","","","","","","","","","","","","","","","","1","","1","other","100","","","","","","","",""
"41.77021654-76.80486766---2010","https://mapsengine.google.com/06136759344167181854-06191489742681286724-4/wms/?version=1.3.0","41.7702165378","-76.8048676596","2010","Bradford","sweeper_internal","","1","","1","other","100","","1","10","2","13","other","76","","","3","","3","other","100","","","","","","","","","","1","","1","other","100","","","","","","","",""
"41.80049215-76.58828391---2008","https://mapsengine.google.com/06136759344167181854-00219351362547715467-4/wms/?version=1.3.0","41.8004921504","-76.5882839094","2008","Bradford","final_internal","","3","","3","other","100","","","1","","1","other","100","","","3","","3","other","100","","","3","","3","other","100","","","","","","","","","","","","","","",""
"39.71688149-79.96473517---2008","https://mapsengine.google.com/06136759344167181854-00219351362547715467-4/wms/?version=1.3.0","39.716881492","-79.9647351687","2008","Greene","first_internal","","3","","3","other","100","","2","8","","10","other","80","","","3","","3","other","100","","","","","","","","","","","","","","","","","","","","","",""
"41.73238057-75.89362961---2008","https://mapsengine.google.com/06136759344167181854-00219351362547715467-4/wms/?version=1.3.0","41.7323805679","-75.8936296064","2008","Susquehanna","final_internal","","3","","3","other","100","","1","","","1","fracking","100","","","3","","3","other","100","","","3","","3","other","100","","","","","","","","","","","","","","",""
"39.83455029-79.97764865---2008","https://mapsengine.google.com/06136759344167181854-00219351362547715467-4/wms/?version=1.3.0","39.8345502869","-79.977648646","2008","Greene","sweeper_internal","","1","","1","other","100","","3","2","5","10","unknown","50","","","2","1","3","other","66","","","","","","","","","","1","","1","other","100","","","","","","","",""
"39.85542717-79.99938784---2010","https://mapsengine.google.com/06136759344167181854-06191489742681286724-4/wms/?version=1.3.0","39.855427173","-79.9993878401","2010","Greene","public","","10","","10","other","100","","","10","","10","other","100","","","","","","","","","","","","","","","","","","","","","","","","","","","","",""
"41.7281614-76.25509741---2010","https://mapsengine.google.com/06136759344167181854-06191489742681286724-4/wms/?version=1.3.0","41.7281614","-76.25509741","2010","Bradford","first_internal","","3","","3","other","100","","","10","","10","other","100","","","3","","3","other","100","","","","","","","","","","","","","","","","","","","","","",""
"41.63832903-78.36884546---2010","https://mapsengine.google.com/06136759344167181854-06191489742681286724-4/wms/?version=1.3.0","41.6383290316","-78.3688454553","2010","McKean","public","10","","","10","fracking","100","","10","","","10","fracking","100","","","","","","","","","","","","","","","","","","","","","","","","","","","","",""
"39.8699851-79.95171333---2010","https://mapsengine.google.com/06136759344167181854-06191489742681286724-4/wms/?version=1.3.0","39.8699851022","-79.9517133345","2010","Greene","sweeper_internal","","1","","1","other","100","","3","5","2","10","other","50","","","","","","","","","","","","","","","","","1","","1","other","100","","","","","","","",""
"41.54654258-76.4329537---2008","https://mapsengine.google.com/06136759344167181854-00219351362547715467-4/wms/?version=1.3.0","41.5465425792","-76.432953695","2008","Sullivan","final_internal","","3","","3","other","100","","","1","","1","other","100","","","3","","3","other","100","","","3","","3","other","100","","","","","","","","","","","","","","",""
"40.01603764-79.62442911---2010","https://mapsengine.google.com/06136759344167181854-06191489742681286724-4/wms/?version=1.3.0","40.0160376445","-79.624429107","2010","Fayette","public","","9","1","10","other","90","","","9","1","10","other","90","","","","","","","","","","","","","","","","","","","","","","","","","","","","",""
"40.2934806-79.6351647---2008","https://mapsengine.google.com/06136759344167181854-00219351362547715467-4/wms/?version=1.3.0","40.2934805967","-79.6351646956","2008","Westmoreland","first_internal","2","1","","3","fracking","66","","1","","","1","fracking","100","","2","1","","3","fracking","66","","","","","","","","","","","","","","","","","","","","","",""
"40.87057357-79.56637977---2010","https://mapsengine.google.com/06136759344167181854-06191489742681286724-4/wms/?version=1.3.0","40.8705735744","-79.5663797708","2010","Armstrong","public","","10","","10","other","100","","","10","","10","other","100","","","","","","","","","","","","","","","","","","","","","","","","","","","","",""
"41.76304896-76.68606082---2010","https://mapsengine.google.com/06136759344167181854-06191489742681286724-4/wms/?version=1.3.0","41.76304896","-76.68606082","2010","Bradford","first_internal","","3","","3","other","100","","","9","1","10","other","90","","","3","","3","other","100","","","","","","","","","","","","","","","","","","","","","",""
"41.83572536-76.96673679---2010","https://mapsengine.google.com/06136759344167181854-06191489742681286724-4/wms/?version=1.3.0","41.8357253603","-76.9667367895","2010","Tioga","public","8","2","","10","fracking","80","","8","2","","10","fracking","80","","","","","","","","","","","","","","","","","","","","","","","","","","","","",""
"41.73521116-77.21052135---2010","https://mapsengine.google.com/06136759344167181854-06191489742681286724-4/wms/?version=1.3.0","41.7352111592","-77.2105213482","2010","Tioga","public","","8","2","10","other","80","","","8","2","10","other","80","","","","","","","","","","","","","","","","","","","","","","","","","","","","",""
"41.82200347-76.06417041---2008","https://mapsengine.google.com/06136759344167181854-00219351362547715467-4/wms/?version=1.3.0","41.8220034687","-76.0641704098","2008","Susquehanna","final_internal","","3","","3","other","100","","","1","","1","other","100","","","3","","3","other","100","","","3","","3","other","100","","","","","","","","","","","","","","",""
"40.52117682-79.20014171---2010","https://mapsengine.google.com/06136759344167181854-06191489742681286724-4/wms/?version=1.3.0","40.5211768171","-79.2001417058","2010","Indiana","sweeper_internal","","1","","1","other","100","","","9","3","12","other","75","","","","","","","","","","","","","","","","","1","","1","other","100","","","","","","","",""
"40.11757608-79.79089324---2010","https://mapsengine.google.com/06136759344167181854-06191489742681286724-4/wms/?version=1.3.0","40.117576083","-79.7908932403","2010","Fayette","public","","10","","10","other","100","","","10","","10","other","100","","","","","","","","","","","","","","","","","","","","","","","","","","","","",""
"40.00739103-80.28673078---2010","https://mapsengine.google.com/06136759344167181854-06191489742681286724-4/wms/?version=1.3.0","40.0073910292","-80.2867307806","2010","Greene","public","10","","","10","fracking","100","","10","","","10","fracking","100","","","","","","","","","","","","","","","","","","","","","","","","","","","","",""
"41.76162745-76.49594591---2008","https://mapsengine.google.com/06136759344167181854-00219351362547715467-4/wms/?version=1.3.0","41.7616274465","-76.495945907","2008","Bradford","final_internal","","3","","3","other","100","","","1","","1","other","100","","","3","","3","other","100","","","3","","3","other","100","","","","","","","","","","","","","","",""
"39.92214271-80.01378467---2008","https://mapsengine.google.com/06136759344167181854-00219351362547715467-4/wms/?version=1.3.0","39.9221427149","-80.013784669","2008","Greene","first_internal","","3","","3","other","100","","","9","1","10","other","90","","","3","","3","other","100","","","","","","","","","","","","","","","","","","","","","",""
"40.63011528-79.10758961---2008","https://mapsengine.google.com/06136759344167181854-00219351362547715467-4/wms/?version=1.3.0","40.6301152753","-79.1075896073","2008","Indiana","final_internal","","3","","3","other","100","","","1","1","2","unknown|other","","50|50","","","","","","","","","3","","3","other","100","","","","","","","","","","","","","","",""
"40.74767807-80.03777371---2005","https://mapsengine.google.com/06136759344167181854-15960346301379896183-4/wms/?version=1.3.0","40.747678073","-80.0377737109","2005","Butler","final_internal","","3","","3","other","100","","","1","","1","other","100","","","","","","","","","","3","","3","other","100","","","","","","","","","","","","","","",""
"41.83129046-76.07039283---2005","https://mapsengine.google.com/06136759344167181854-15960346301379896183-4/wms/?version=1.3.0","41.8312904576","-76.0703928338","2005","Susquehanna","final_internal","","3","","3","other","100","","","1","","1","other","100","","","3","","3","other","100","","","3","","3","other","100","","","","","","","","","","","","","","",""
"40.86225311-79.53496145---2010","https://mapsengine.google.com/06136759344167181854-06191489742681286724-4/wms/?version=1.3.0","40.8622531121","-79.5349614452","2010","Armstrong","public","1","9","","10","other","90","","1","9","","10","other","90","","","","","","","","","","","","","","","","","","","","","","","","","","","","",""
"41.00469018-79.78370704---2005","https://mapsengine.google.com/06136759344167181854-15960346301379896183-4/wms/?version=1.3.0","41.0046901788","-79.783707041","2005","Butler","final_internal","","3","","3","other","100","","","","1","1","unknown","100","","","","","","","","","","3","","3","other","100","","","","","","","","","","","","","","",""
"39.93630293-79.97011399---2008","https://mapsengine.google.com/06136759344167181854-00219351362547715467-4/wms/?version=1.3.0","39.9363029257","-79.9701139894","2008","Greene","sweeper_internal","","1","","1","other","100","","1","4","5","10","unknown","50","","","3","","3","other","100","","","","","","","","","","1","","1","other","100","","","","","","","",""
"41.71282815-76.10141559---2005","https://mapsengine.google.com/06136759344167181854-15960346301379896183-4/wms/?version=1.3.0","41.7128281515","-76.101415589","2005","Susquehanna","final_internal","","3","","3","other","100","","","1","","1","other","100","","","3","","3","other","100","","","3","","3","other","100","","","","","","","","","","","","","","",""
"41.2673317-76.64177654---2005","https://mapsengine.google.com/06136759344167181854-15960346301379896183-4/wms/?version=1.3.0","41.2673317035","-76.6417765409","2005","Lycoming","missing_internal","","1","","1","other","100","","","","","","fracking|unknown|other","","","","","","","","","","","","","","","","","","","","","","","","","1","","1","other","100",""
"39.8724157-79.99736299---2005","https://mapsengine.google.com/06136759344167181854-15960346301379896183-4/wms/?version=1.3.0","39.8724156969","-79.9973629895","2005","Greene","final_internal","","3","","3","other","100","","","1","","1","other","100","","","","","","","","","","3","","3","other","100","","","","","","","","","","","","","","",""
"41.98942449-76.99415223---2010","https://mapsengine.google.com/06136759344167181854-06191489742681286724-4/wms/?version=1.3.0","41.9894244857","-76.9941522267","2010","Tioga","public","","11","","11","other","100","","","11","","11","other","100","","","","","","","","","","","","","","","","","","","","","","","","","","","","",""
"41.62218355-76.43347055---2008","https://mapsengine.google.com/06136759344167181854-00219351362547715467-4/wms/?version=1.3.0","41.6221835457","-76.433470554","2008","Bradford","final_internal","","3","","3","other","100","","","1","","1","other","100","","","3","","3","other","100","","","3","","3","other","100","","","","","","","","","","","","","","",""
"39.92699145-79.97518555---2010","https://mapsengine.google.com/06136759344167181854-06191489742681286724-4/wms/?version=1.3.0","39.9269914513","-79.9751855542","2010","Greene","public","","10","","10","other","100","","","10","","10","other","100","","","","","","","","","","","","","","","","","","","","","","","","","","","","",""
"40.29927954-79.6448236---2010","https://mapsengine.google.com/06136759344167181854-06191489742681286724-4/wms/?version=1.3.0","40.2992795396","-79.6448235983","2010","Westmoreland","public","","11","","11","other","100","","","11","","11","other","100","","","","","","","","","","","","","","","","","","","","","","","","","","","","",""
"41.62010245-76.18864031---2008","https://mapsengine.google.com/06136759344167181854-00219351362547715467-4/wms/?version=1.3.0","41.6201024525","-76.1886403097","2008","Wyoming","final_internal","","3","","3","other","100","","","1","","1","other","100","","","3","","3","other","100","","","3","","3","other","100","","","","","","","","","","","","","","",""
"41.3491205-77.27998153---2010","https://mapsengine.google.com/06136759344167181854-06191489742681286724-4/wms/?version=1.3.0","41.3491205045","-77.2799815307","2010","Lycoming","public","","12","","12","other","100","","","12","","12","other","100","","","","","","","","","","","","","","","","","","","","","","","","","","","","",""
"39.7656972-79.88850523---2010","https://mapsengine.google.com/06136759344167181854-06191489742681286724-4/wms/?version=1.3.0","39.7656971997","-79.8885052309","2010","Fayette","public","","10","2","12","other","83","","","10","2","12","other","83","","","","","","","","","","","","","","","","","","","","","","","","","","","","",""
"41.76505728-76.24334311---2010","https://mapsengine.google.com/06136759344167181854-06191489742681286724-4/wms/?version=1.3.0","41.76505728","-76.24334311","2010","Bradford","first_internal","","3","","3","other","100","","","10","","10","other","100","","","3","","3","other","100","","","","","","","","","","","","","","","","","","","","","",""
"39.73684461-80.01268138---2010","https://mapsengine.google.com/06136759344167181854-06191489742681286724-4/wms/?version=1.3.0","39.7368446069","-80.0126813811","2010","Greene","sweeper_internal","","1","","1","other","100","","2","7","1","10","other","70","","","","","","","","","","","","","","","","","1","","1","other","100","","","","","","","",""
"41.77345087-76.22744877---2010","https://mapsengine.google.com/06136759344167181854-06191489742681286724-4/wms/?version=1.3.0","41.77345087","-76.22744877","2010","Bradford","first_internal","","3","","3","other","100","","","9","1","10","other","90","","","3","","3","other","100","","","","","","","","","","","","","","","","","","","","","",""
"40.74862808-80.03401087---2005","https://mapsengine.google.com/06136759344167181854-15960346301379896183-4/wms/?version=1.3.0","40.7486280789","-80.0340108727","2005","Butler","final_internal","","3","","3","other","100","","","1","","1","other","100","","","","","","","","","","3","","3","other","100","","","","","","","","","","","","","","",""
"41.9356908-75.87239379---2005","https://mapsengine.google.com/06136759344167181854-15960346301379896183-4/wms/?version=1.3.0","41.9356907966","-75.8723937858","2005","Susquehanna","final_internal","","3","","3","other","100","","","1","","1","other","100","","","3","","3","other","100","","","3","","3","other","100","","","","","","","","","","","","","","",""
"41.79424369-77.02282473---2005","https://mapsengine.google.com/06136759344167181854-15960346301379896183-4/wms/?version=1.3.0","41.7942436868","-77.0228247255","2005","Tioga","final_internal","","3","","3","other","100","","","1","","1","other","100","","","","","","","","","","3","","3","other","100","","","","","","","","","","","","","","",""
"39.93719996-80.2933112---2010","https://mapsengine.google.com/06136759344167181854-06191489742681286724-4/wms/?version=1.3.0","39.9371999633","-80.2933112005","2010","Greene","public","9","","1","10","fracking","90","","9","","1","10","fracking","90","","","","","","","","","","","","","","","","","","","","","","","","","","","","",""
"41.67924817-76.04650553---2010","https://mapsengine.google.com/06136759344167181854-06191489742681286724-4/wms/?version=1.3.0","41.67924817","-76.04650553","2010","Susquehanna","sweeper_internal","","1","","1","other","100","","7","4","3","14","fracking","50","","2","2","","4","fracking|other","","50|50","","","","","","","","","1","","1","other","100","","","","","","","",""
"41.28631329-77.26427414---2005","https://mapsengine.google.com/06136759344167181854-15960346301379896183-4/wms/?version=1.3.0","41.2863132863","-77.2642741352","2005","Lycoming","missing_internal","","1","","1","other","100","","","","","","fracking|unknown|other","","","","","","","","","","","","","","","","","","","","","","","","","1","","1","other","100",""
"39.94670456-79.86061449---2010","https://mapsengine.google.com/06136759344167181854-06191489742681286724-4/wms/?version=1.3.0","39.9467045626","-79.8606144904","2010","Fayette","public","","8","2","10","other","80","","","8","2","10","other","80","","","","","","","","","","","","","","","","","","","","","","","","","","","","",""
"40.84990165-79.5779642---2010","https://mapsengine.google.com/06136759344167181854-06191489742681286724-4/wms/?version=1.3.0","40.8499016498","-79.5779642048","2010","Armstrong","public","","10","","10","other","100","","","10","","10","other","100","","","","","","","","","","","","","","","","","","","","","","","","","","","","",""
"39.82937964-80.04114886---2010","https://mapsengine.google.com/06136759344167181854-06191489742681286724-4/wms/?version=1.3.0","39.829379636","-80.0411488573","2010","Greene","public","1","9","","10","other","90","","1","9","","10","other","90","","","","","","","","","","","","","","","","","","","","","","","","","","","","",""
"41.00225014-78.85051691---2005","https://mapsengine.google.com/06136759344167181854-15960346301379896183-4/wms/?version=1.3.0","41.0022501399","-78.8505169068","2005","Jefferson","final_internal","","3","","3","other","100","","","1","","1","other","100","","","","","","","","","","3","","3","other","100","","","","","","","","","","","","","","",""
"40.78377076-80.04252416---2008","https://mapsengine.google.com/06136759344167181854-00219351362547715467-4/wms/?version=1.3.0","40.7837707602","-80.0425241634","2008","Butler","first_internal","","3","","3","other","100","","","2","","2","other","100","","","3","","3","other","100","","","","","","","","","","","","","","","","","","","","","",""
"41.72482002-75.90648166---2005","https://mapsengine.google.com/06136759344167181854-15960346301379896183-4/wms/?version=1.3.0","41.72482002","-75.9064816646","2005","Susquehanna","final_internal","","3","","3","other","100","","","1","","1","other","100","","","3","","3","other","100","","","3","","3","other","100","","","","","","","","","","","","","","",""
"41.2645431-76.62997165---2010","https://mapsengine.google.com/06136759344167181854-06191489742681286724-4/wms/?version=1.3.0","41.2645430979","-76.6299716483","2010","Lycoming","public","11","","","11","fracking","100","","11","","","11","fracking","100","","","","","","","","","","","","","","","","","","","","","","","","","","","","",""
"41.79574565-77.01906395---2005","https://mapsengine.google.com/06136759344167181854-15960346301379896183-4/wms/?version=1.3.0","41.7957456495","-77.0190639484","2005","Tioga","final_internal","","3","","3","other","100","","","1","","1","other","100","","","","","","","","","","3","","3","other","100","","","","","","","","","","","","","","",""
"39.80379121-80.00803631---2010","https://mapsengine.google.com/06136759344167181854-06191489742681286724-4/wms/?version=1.3.0","39.8037912122","-80.0080363059","2010","Greene","sweeper_internal","","1","","1","other","100","","2","7","1","10","other","70","","","","","","","","","","","","","","","","","1","","1","other","100","","","","","","","",""
"40.27467526-80.25387221---2010","https://mapsengine.google.com/06136759344167181854-06191489742681286724-4/wms/?version=1.3.0","40.2746752616","-80.2538722065","2010","Washington","sweeper_internal","","1","","1","other","100","","2","6","2","10","other","60","","","","","","","","","","","","","","","","","1","","1","other","100","","","","","","","",""
"41.79245751-77.26186034---2008","https://mapsengine.google.com/06136759344167181854-00219351362547715467-4/wms/?version=1.3.0","41.7924575064","-77.2618603418","2008","Tioga","final_internal","","3","","3","other","100","","","1","","1","other","100","","","","","","","","","","3","","3","other","100","","","","","","","","","","","","","","",""
"41.2709923-76.56362111---2008","https://mapsengine.google.com/06136759344167181854-00219351362547715467-4/wms/?version=1.3.0","41.2709923037","-76.5636211074","2008","Lycoming","final_internal","","3","","3","other","100","","","1","","1","other","100","","","","","","","","","","3","","3","other","100","","","","","","","","","","","","","","",""
"41.71569301-77.39701865---2005","https://mapsengine.google.com/06136759344167181854-15960346301379896183-4/wms/?version=1.3.0","41.7156930128","-77.3970186455","2005","Tioga","missing_internal","","1","","1","other","100","","","","","","fracking|unknown|other","","","","","","","","","","","","","","","","","","","","","","","","","1","","1","other","100",""
"40.52185711-79.19610569---2010","https://mapsengine.google.com/06136759344167181854-06191489742681286724-4/wms/?version=1.3.0","40.5218571129","-79.1961056868","2010","Indiana","public","","9","2","11","other","81","","","9","2","11","other","81","","","","","","","","","","","","","","","","","","","","","","","","","","","","",""
"41.58491969-78.47250131---2008","https://mapsengine.google.com/06136759344167181854-00219351362547715467-4/wms/?version=1.3.0","41.584919685","-78.4725013087","2008","Elk","first_internal","3","","","3","fracking","100","","2","","","2","fracking","100","","3","","","3","fracking","100","","","","","","","","","","","","","","","","","","","","","",""
"41.72852976-75.88102878---2010","https://mapsengine.google.com/06136759344167181854-06191489742681286724-4/wms/?version=1.3.0","41.72852976","-75.88102878","2010","Susquehanna","first_internal","","3","","3","other","100","","","12","","12","other","100","","","3","","3","other","100","","","","","","","","","","","","","","","","","","","","","",""
"41.71663734-76.07605297---2010","https://mapsengine.google.com/06136759344167181854-06191489742681286724-4/wms/?version=1.3.0","41.7166373396","-76.0760529722","2010","Susquehanna","sweeper_internal","","1","","1","other","100","","1","8","2","11","other","72","","","3","","3","other","100","","","","","","","","","","1","","1","other","100","","","","","","","",""
"41.93878319-75.47047119---2010","https://mapsengine.google.com/06136759344167181854-06191489742681286724-4/wms/?version=1.3.0","41.93878319","-75.47047119","2010","Wayne","first_internal","","3","","3","other","100","","","10","","10","other","100","","","3","","3","other","100","","","","","","","","","","","","","","","","","","","","","",""
"40.86291419-79.50514375---2010","https://mapsengine.google.com/06136759344167181854-06191489742681286724-4/wms/?version=1.3.0","40.8629141906","-79.505143754","2010","Armstrong","public","1","8","1","10","other","80","","1","8","1","10","other","80","","","","","","","","","","","","","","","","","","","","","","","","","","","","",""
"41.72264517-76.8089098---2005","https://mapsengine.google.com/06136759344167181854-15960346301379896183-4/wms/?version=1.3.0","41.7226451694","-76.8089098029","2005","Bradford","final_internal","","4","","4","other","100","","","1","","1","other","100","","","3","","3","other","100","","","4","","4","other","100","","","","","","","","","","","","","","",""
"41.74057285-75.87986344---2008","https://mapsengine.google.com/06136759344167181854-00219351362547715467-4/wms/?version=1.3.0","41.7405728504","-75.8798634398","2008","Susquehanna","final_internal","","3","","3","other","100","","1","","","1","fracking","100","","","3","","3","other","100","","","3","","3","other","100","","","","","","","","","","","","","","",""
"41.71120608-75.65812753---2008","https://mapsengine.google.com/06136759344167181854-00219351362547715467-4/wms/?version=1.3.0","41.7112060839","-75.6581275322","2008","Susquehanna","final_internal","","3","","3","other","100","","","1","","1","other","100","","","2","1","3","other","66","","","3","","3","other","100","","","","","","","","","","","","","","",""
"40.77785255-79.62098305---2008","https://mapsengine.google.com/06136759344167181854-00219351362547715467-4/wms/?version=1.3.0","40.7778525459","-79.6209830497","2008","Armstrong","first_internal","","3","","3","other","100","","","4","2","6","other","66","","","3","","3","other","100","","","","","","","","","","","","","","","","","","","","","",""
"41.85873772-77.30956614---2005","https://mapsengine.google.com/06136759344167181854-15960346301379896183-4/wms/?version=1.3.0","41.8587377207","-77.3095661401","2005","Tioga","missing_internal","","1","","1","other","100","","","","","","fracking|unknown|other","","","","","","","","","","","","","","","","","","","","","","","","","1","","1","other","100",""
"40.27492066-80.30817093---2005","https://mapsengine.google.com/06136759344167181854-15960346301379896183-4/wms/?version=1.3.0","40.2749206577","-80.3081709329","2005","Washington","final_internal","","3","","3","other","100","","1","","","1","fracking","100","","","","","","","","","","3","","3","other","100","","","","","","","","","","","","","","",""
"40.11596807-79.79919967---2010","https://mapsengine.google.com/06136759344167181854-06191489742681286724-4/wms/?version=1.3.0","40.1159680699","-79.7991996713","2010","Fayette","sweeper_internal","","1","","1","other","100","","","7","4","11","other","63","","","","","","","","","","","","","","","","","1","","1","other","100","","","","","","","",""
"40.52867477-79.20068594---2010","https://mapsengine.google.com/06136759344167181854-06191489742681286724-4/wms/?version=1.3.0","40.5286747711","-79.2006859446","2010","Indiana","public","","24","5","29","other","82","","","24","5","29","other","82","","","","","","","","","","","","","","","","","","","","","","","","","","","","",""
"40.11794895-79.81589838---2010","https://mapsengine.google.com/06136759344167181854-06191489742681286724-4/wms/?version=1.3.0","40.1179489494","-79.815898375","2010","Fayette","public","1","9","","10","other","90","","1","9","","10","other","90","","","","","","","","","","","","","","","","","","","","","","","","","","","","",""
"41.86713858-76.60608096---2008","https://mapsengine.google.com/06136759344167181854-00219351362547715467-4/wms/?version=1.3.0","41.867138579","-76.6060809599","2008","Bradford","final_internal","","4","","4","other","100","","","1","","1","other","100","","","3","","3","other","100","","","4","","4","other","100","","","","","","","","","","","","","","",""
"41.87923657-76.86194824---2010","https://mapsengine.google.com/06136759344167181854-06191489742681286724-4/wms/?version=1.3.0","41.87923657","-76.86194824","2010","Bradford","first_internal","","2","1","3","other","66","","","12","","12","other","100","","","2","1","3","other","66","","","","","","","","","","","","","","","","","","","","","",""
"41.71730653-75.94403634---2010","https://mapsengine.google.com/06136759344167181854-06191489742681286724-4/wms/?version=1.3.0","41.71730653","-75.94403634","2010","Susquehanna","first_internal","","3","","3","other","100","","","9","1","10","other","90","","","3","","3","other","100","","","","","","","","","","","","","","","","","","","","","",""
"40.95968918-78.86573343---2010","https://mapsengine.google.com/06136759344167181854-06191489742681286724-4/wms/?version=1.3.0","40.9596891847","-78.8657334269","2010","Jefferson","public","","10","","10","other","100","","","10","","10","other","100","","","","","","","","","","","","","","","","","","","","","","","","","","","","",""
"40.87174234-79.56374215---2010","https://mapsengine.google.com/06136759344167181854-06191489742681286724-4/wms/?version=1.3.0","40.8717423388","-79.5637421538","2010","Armstrong","public","1","9","","10","other","90","","1","9","","10","other","90","","","","","","","","","","","","","","","","","","","","","","","","","","","","",""
"41.67941751-78.50226685---2010","https://mapsengine.google.com/06136759344167181854-06191489742681286724-4/wms/?version=1.3.0","41.6794175066","-78.5022668509","2010","McKean","sweeper_internal","","1","","1","other","100","","4","4","2","10","fracking|other","","40|40","","","","","","","","","","","","","","","","1","","1","other","100","","","","","","","",""
"40.84419139-79.83243185---2008","https://mapsengine.google.com/06136759344167181854-00219351362547715467-4/wms/?version=1.3.0","40.8441913945","-79.8324318502","2008","Butler","first_internal","1","2","","3","other","66","","","1","1","2","unknown|other","","50|50","1","2","","3","other","66","","","","","","","","","","","","","","","","","","","","","",""
"40.85969501-79.55095198---2010","https://mapsengine.google.com/06136759344167181854-06191489742681286724-4/wms/?version=1.3.0","40.8596950096","-79.5509519775","2010","Armstrong","public","","12","","12","other","100","","","12","","12","other","100","","","","","","","","","","","","","","","","","","","","","","","","","","","","",""
"41.75936788-76.80773985---2008","https://mapsengine.google.com/06136759344167181854-00219351362547715467-4/wms/?version=1.3.0","41.7593678763","-76.8077398526","2008","Bradford","final_internal","","3","","3","other","100","","","1","","1","other","100","","","3","","3","other","100","","","3","","3","other","100","","","","","","","","","","","","","","",""
"41.27480237-76.5659369---2010","https://mapsengine.google.com/06136759344167181854-06191489742681286724-4/wms/?version=1.3.0","41.2748023658","-76.5659369019","2010","Lycoming","sweeper_internal","1","","","1","fracking","100","","2","3","7","12","unknown","58","","","","","","","","","","","","","","","","1","","","1","fracking","100","","","","","","","",""
"41.77334587-76.66679243---2008","https://mapsengine.google.com/06136759344167181854-00219351362547715467-4/wms/?version=1.3.0","41.7733458734","-76.6667924347","2008","Bradford","final_internal","","3","","3","other","100","","","1","","1","other","100","","","3","","3","other","100","","","3","","3","other","100","","","","","","","","","","","","","","",""
"41.54160421-77.0996239---2010","https://mapsengine.google.com/06136759344167181854-06191489742681286724-4/wms/?version=1.3.0","41.5416042131","-77.0996238971","2010","Lycoming","public","","10","1","11","other","90","","","10","1","11","other","90","","","","","","","","","","","","","","","","","","","","","","","","","","","","",""
"41.41416063-78.27028911---2010","https://mapsengine.google.com/06136759344167181854-06191489742681286724-4/wms/?version=1.3.0","41.4141606256","-78.2702891055","2010","Cameron","public","1","11","","12","other","91","","1","11","","12","other","91","","","","","","","","","","","","","","","","","","","","","","","","","","","","",""
"41.73021699-75.90843734---2010","https://mapsengine.google.com/06136759344167181854-06191489742681286724-4/wms/?version=1.3.0","41.7302169948","-75.9084373376","2010","Susquehanna","sweeper_internal","1","","","1","fracking","100","","7","1","2","10","fracking","70","","2","","1","3","fracking","66","","","","","","","","","1","","","1","fracking","100","","","","","","","",""
"41.67005833-77.6075902---2010","https://mapsengine.google.com/06136759344167181854-06191489742681286724-4/wms/?version=1.3.0","41.6700583296","-77.607590201","2010","Potter","public","","13","","13","other","100","","","13","","13","other","100","","","","","","","","","","","","","","","","","","","","","","","","","","","","",""
"39.73490703-79.80053692---2008","https://mapsengine.google.com/06136759344167181854-00219351362547715467-4/wms/?version=1.3.0","39.7349070271","-79.8005369209","2008","Fayette","first_internal","","3","","3","other","100","","","9","1","10","other","90","","","3","","3","other","100","","","","","","","","","","","","","","","","","","","","","",""
"41.8660212-76.60972882---2010","https://mapsengine.google.com/06136759344167181854-06191489742681286724-4/wms/?version=1.3.0","41.8660212009","-76.6097288195","2010","Bradford","sweeper_internal","1","","","1","fracking","100","","8","2","2","12","fracking","66","","3","","","3","fracking","100","","","","","","","","","1","","","1","fracking","100","","","","","","","",""
"41.71854158-76.8514505---2010","https://mapsengine.google.com/06136759344167181854-06191489742681286724-4/wms/?version=1.3.0","41.71854158","-76.8514505","2010","Bradford","first_internal","","3","","3","other","100","","1","12","1","14","other","85","","","3","","3","other","100","","","","","","","","","","","","","","","","","","","","","",""
"41.6442516-77.41639296---2008","https://mapsengine.google.com/06136759344167181854-00219351362547715467-4/wms/?version=1.3.0","41.644251596","-77.416392965","2008","Tioga","final_internal","","4","","4","other","100","","","1","","1","other","100","","","","","","","","","","4","","4","other","100","","","","","","","","","","","","","","",""
"41.93607384-77.02365637---2008","https://mapsengine.google.com/06136759344167181854-00219351362547715467-4/wms/?version=1.3.0","41.9360738353","-77.02365637","2008","Tioga","final_internal","","3","","3","other","100","","","","1","1","unknown","100","","","","","","","","","","3","","3","other","100","","","","","","","","","","","","","","",""
"40.22228439-80.41804212---2010","https://mapsengine.google.com/06136759344167181854-06191489742681286724-4/wms/?version=1.3.0","40.2222843894","-80.4180421239","2010","Washington","public","8","","2","10","fracking","80","","8","","2","10","fracking","80","","","","","","","","","","","","","","","","","","","","","","","","","","","","",""
"41.24807848-77.29312459---2008","https://mapsengine.google.com/06136759344167181854-00219351362547715467-4/wms/?version=1.3.0","41.2480784845","-77.2931245891","2008","Lycoming","final_internal","","3","","3","other","100","","","1","","1","other","100","","","","","","","","","","3","","3","other","100","","","","","","","","","","","","","","",""
"39.92022546-79.94209042---2008","https://mapsengine.google.com/06136759344167181854-00219351362547715467-4/wms/?version=1.3.0","39.9202254602","-79.9420904169","2008","Greene","sweeper_internal","1","","","1","fracking","100","","7","2","1","10","fracking","70","","3","","","3","fracking","100","","","","","","","","","1","","","1","fracking","100","","","","","","","",""
"40.62927516-79.3678236---2008","https://mapsengine.google.com/06136759344167181854-00219351362547715467-4/wms/?version=1.3.0","40.6292751627","-79.3678236029","2008","Armstrong","first_internal","","3","","3","other","100","","","6","","6","other","100","","","3","","3","other","100","","","","","","","","","","","","","","","","","","","","","",""
"41.79197713-77.21383265---2008","https://mapsengine.google.com/06136759344167181854-00219351362547715467-4/wms/?version=1.3.0","41.7919771253","-77.2138326503","2008","Tioga","final_internal","","3","","3","other","100","","","1","","1","other","100","","","","","","","","","","3","","3","other","100","","","","","","","","","","","","","","",""
"41.67975148-76.64901543---2010","https://mapsengine.google.com/06136759344167181854-06191489742681286724-4/wms/?version=1.3.0","41.67975148","-76.64901543","2010","Bradford","first_internal","","3","","3","other","100","","1","8","1","10","other","80","","","3","","3","other","100","","","","","","","","","","","","","","","","","","","","","",""
"40.85864476-79.49247318---2010","https://mapsengine.google.com/06136759344167181854-06191489742681286724-4/wms/?version=1.3.0","40.8586447576","-79.4924731753","2010","Armstrong","public","","10","","10","other","100","","","10","","10","other","100","","","","","","","","","","","","","","","","","","","","","","","","","","","","",""
"41.68376771-76.33007193---2005","https://mapsengine.google.com/06136759344167181854-15960346301379896183-4/wms/?version=1.3.0","41.6837677106","-76.3300719286","2005","Bradford","final_internal","","3","","3","other","100","","","1","","1","other","100","","","3","","3","other","100","","","3","","3","other","100","","","","","","","","","","","","","","",""
"41.54846226-76.48293317---2010","https://mapsengine.google.com/06136759344167181854-06191489742681286724-4/wms/?version=1.3.0","41.548462261","-76.4829331659","2010","Sullivan","sweeper_internal","","1","","1","other","100","","","11","4","15","other","73","","","3","","3","other","100","","","","","","","","","","1","","1","other","100","","","","","","","",""
"41.7093852-75.89246666---2008","https://mapsengine.google.com/06136759344167181854-00219351362547715467-4/wms/?version=1.3.0","41.7093851991","-75.8924666634","2008","Susquehanna","final_internal","","3","","3","other","100","","","","1","1","unknown","100","","","3","","3","other","100","","","3","","3","other","100","","","","","","","","","","","","","","",""
"39.93990221-78.89744614---2008","https://mapsengine.google.com/06136759344167181854-00219351362547715467-4/wms/?version=1.3.0","39.939902208","-78.8974461416","2008","Somerset","first_internal","","3","","3","other","100","","","","1","1","unknown","100","","","3","","3","other","100","","","","","","","","","","","","","","","","","","","","","",""
"41.47322164-78.92884071---2008","https://mapsengine.google.com/06136759344167181854-00219351362547715467-4/wms/?version=1.3.0","41.4732216432","-78.9288407118","2008","Elk","first_internal","","3","","3","other","100","","","2","","2","other","100","","","3","","3","other","100","","","","","","","","","","","","","","","","","","","","","",""
"40.24887247-80.26352938---2010","https://mapsengine.google.com/06136759344167181854-06191489742681286724-4/wms/?version=1.3.0","40.2488724682","-80.2635293799","2010","Washington","sweeper_internal","1","","","1","fracking","100","","7","2","1","10","fracking","70","","","","","","","","","","","","","","","","1","","","1","fracking","100","","","","","","","",""
"41.85789188-76.68946985---2005","https://mapsengine.google.com/06136759344167181854-15960346301379896183-4/wms/?version=1.3.0","41.8578918783","-76.6894698495","2005","Bradford","final_internal","","3","","3","other","100","","","1","","1","other","100","","","3","","3","other","100","","","3","","3","other","100","","","","","","","","","","","","","","",""
"41.71808002-77.33159236---2010","https://mapsengine.google.com/06136759344167181854-06191489742681286724-4/wms/?version=1.3.0","41.7180800174","-77.3315923644","2010","Tioga","sweeper_internal","","1","","1","other","100","","2","9","2","13","other","69","","","","","","","","","","","","","","","","","1","","1","other","100","","","","","","","",""
"41.62594094-76.42140844---2008","https://mapsengine.google.com/06136759344167181854-00219351362547715467-4/wms/?version=1.3.0","41.6259409408","-76.4214084411","2008","Bradford","final_internal","","3","","3","other","100","","","1","","1","other","100","","","3","","3","other","100","","","3","","3","other","100","","","","","","","","","","","","","","",""
"40.87994001-79.53317227---2005","https://mapsengine.google.com/06136759344167181854-15960346301379896183-4/wms/?version=1.3.0","40.8799400127","-79.5331722747","2005","Armstrong","final_internal","","3","","3","other","100","","","1","","1","other","100","","","","","","","","","","3","","3","other","100","","","","","","","","","","","","","","",""
"41.72420073-76.81719759---2005","https://mapsengine.google.com/06136759344167181854-15960346301379896183-4/wms/?version=1.3.0","41.7242007333","-76.8171975938","2005","Bradford","final_internal","","3","","3","other","100","","","1","","1","other","100","","","3","","3","other","100","","","3","","3","other","100","","","","","","","","","","","","","","",""
"41.67916283-78.49838549---2010","https://mapsengine.google.com/06136759344167181854-06191489742681286724-4/wms/?version=1.3.0","41.6791628309","-78.4983854918","2010","McKean","public","1","8","1","10","other","80","","1","8","1","10","other","80","","","","","","","","","","","","","","","","","","","","","","","","","","","","",""
"41.60553666-76.08094396---2008","https://mapsengine.google.com/06136759344167181854-00219351362547715467-4/wms/?version=1.3.0","41.6055366606","-76.080943961","2008","Wyoming","final_internal","","3","","3","other","100","","","1","","1","other","100","","","3","","3","other","100","","","3","","3","other","100","","","","","","","","","","","","","","",""
"39.73316565-79.80534222---2008","https://mapsengine.google.com/06136759344167181854-00219351362547715467-4/wms/?version=1.3.0","39.7331656544","-79.8053422174","2008","Fayette","first_internal","","3","","3","other","100","","","9","1","10","other","90","","","3","","3","other","100","","","","","","","","","","","","","","","","","","","","","",""
"41.85311515-76.94396376---2010","https://mapsengine.google.com/06136759344167181854-06191489742681286724-4/wms/?version=1.3.0","41.8531151516","-76.9439637636","2010","Tioga","public","","12","","12","other","100","","","12","","12","other","100","","","","","","","","","","","","","","","","","","","","","","","","","","","","",""
"41.47844847-78.91890461---2010","https://mapsengine.google.com/06136759344167181854-06191489742681286724-4/wms/?version=1.3.0","41.4784484683","-78.918904609","2010","Elk","public","2","9","","11","other","81","","2","9","","11","other","81","","","","","","","","","","","","","","","","","","","","","","","","","","","","",""
"41.91927115-75.8197662---2010","https://mapsengine.google.com/06136759344167181854-06191489742681286724-4/wms/?version=1.3.0","41.91927115","-75.8197662","2010","Susquehanna","first_internal","","3","","3","other","100","","","10","","10","other","100","","","3","","3","other","100","","","","","","","","","","","","","","","","","","","","","",""
"41.73808137-75.86374818---2010","https://mapsengine.google.com/06136759344167181854-06191489742681286724-4/wms/?version=1.3.0","41.73808137","-75.86374818","2010","Susquehanna","first_internal","","3","","3","other","100","","","10","","10","other","100","","","3","","3","other","100","","","","","","","","","","","","","","","","","","","","","",""
"41.00132723-78.86115896---2010","https://mapsengine.google.com/06136759344167181854-06191489742681286724-4/wms/?version=1.3.0","41.0013272292","-78.8611589553","2010","Jefferson","public","","9","1","10","other","90","","","9","1","10","other","90","","","","","","","","","","","","","","","","","","","","","","","","","","","","",""
"39.71722592-79.98009965---2008","https://mapsengine.google.com/06136759344167181854-00219351362547715467-4/wms/?version=1.3.0","39.7172259233","-79.9800996511","2008","Greene","first_internal","","3","","3","other","100","","","9","1","10","other","90","","","3","","3","other","100","","","","","","","","","","","","","","","","","","","","","",""
"40.81152916-80.20102343---2005","https://mapsengine.google.com/06136759344167181854-15960346301379896183-4/wms/?version=1.3.0","40.8115291565","-80.2010234255","2005","Beaver","final_internal","","3","","3","other","100","","","1","","1","other","100","","","3","","3","other","100","","","3","","3","other","100","","","","","","","","","","","","","","",""
"39.884243-80.04364948---2010","https://mapsengine.google.com/06136759344167181854-06191489742681286724-4/wms/?version=1.3.0","39.8842430043","-80.0436494752","2010","Greene","public","10","","","10","fracking","100","","10","","","10","fracking","100","","","","","","","","","","","","","","","","","","","","","","","","","","","","",""
"39.79528307-79.88956711---2010","https://mapsengine.google.com/06136759344167181854-06191489742681286724-4/wms/?version=1.3.0","39.7952830653","-79.889567111","2010","Fayette","public","","8","2","10","other","80","","","8","2","10","other","80","","","","","","","","","","","","","","","","","","","","","","","","","","","","",""
"40.82948104-80.04341295---2005","https://mapsengine.google.com/06136759344167181854-15960346301379896183-4/wms/?version=1.3.0","40.8294810389","-80.0434129534","2005","Butler","final_internal","","3","","3","other","100","","","1","","1","other","100","","","","","","","","","","3","","3","other","100","","","","","","","","","","","","","","",""
"39.93709603-79.83857411---2008","https://mapsengine.google.com/06136759344167181854-00219351362547715467-4/wms/?version=1.3.0","39.9370960342","-79.8385741088","2008","Fayette","sweeper_internal","1","","","1","fracking","100","","4","4","2","10","fracking|other","","40|40","2","1","","3","fracking","66","","","","","","","","","1","","","1","fracking","100","","","","","","","",""
"41.63200084-76.43011755---2010","https://mapsengine.google.com/06136759344167181854-06191489742681286724-4/wms/?version=1.3.0","41.63200084","-76.43011755","2010","Bradford","first_internal","","3","","3","other","100","","","10","","10","other","100","","","3","","3","other","100","","","","","","","","","","","","","","","","","","","","","",""
"41.72010527-75.86711988---2010","https://mapsengine.google.com/06136759344167181854-06191489742681286724-4/wms/?version=1.3.0","41.72010527","-75.86711988","2010","Susquehanna","first_internal","","3","","3","other","100","","","11","","11","other","100","","","3","","3","other","100","","","","","","","","","","","","","","","","","","","","","",""
"40.85939709-79.70308149---2010","https://mapsengine.google.com/06136759344167181854-06191489742681286724-4/wms/?version=1.3.0","40.8593970851","-79.7030814887","2010","Butler","sweeper_internal","","1","","1","other","100","","1","11","4","16","other","68","","","","","","","","","","","","","","","","","1","","1","other","100","","","","","","","",""
"40.27517955-80.34330887---2010","https://mapsengine.google.com/06136759344167181854-06191489742681286724-4/wms/?version=1.3.0","40.2751795455","-80.3433088737","2010","Washington","sweeper_internal","","1","","1","other","100","","3","7","","10","other","70","","","","","","","","","","","","","","","","","1","","1","other","100","","","","","","","",""
"41.72036712-75.91137802---2008","https://mapsengine.google.com/06136759344167181854-00219351362547715467-4/wms/?version=1.3.0","41.7203671177","-75.9113780225","2008","Susquehanna","final_internal","","3","","3","other","100","","","1","","1","other","100","","","3","","3","other","100","","","3","","3","other","100","","","","","","","","","","","","","","",""
"41.66722298-75.67433058---2008","https://mapsengine.google.com/06136759344167181854-00219351362547715467-4/wms/?version=1.3.0","41.6672229778","-75.6743305816","2008","Susquehanna","final_internal","","4","","4","other","100","","","1","","1","other","100","","","3","","3","other","100","","","4","","4","other","100","","","","","","","","","","","","","","",""
"41.73548272-75.89620131---2008","https://mapsengine.google.com/06136759344167181854-00219351362547715467-4/wms/?version=1.3.0","41.7354827154","-75.8962013098","2008","Susquehanna","final_internal","","3","","3","other","100","","","1","","1","other","100","","","3","","3","other","100","","","3","","3","other","100","","","","","","","","","","","","","","",""
"41.79719853-76.98140422---2005","https://mapsengine.google.com/06136759344167181854-15960346301379896183-4/wms/?version=1.3.0","41.7971985308","-76.9814042232","2005","Tioga","final_internal","","3","","3","other","100","","","1","","1","other","100","","","","","","","","","","3","","3","other","100","","","","","","","","","","","","","","",""
"40.27521511-80.34108951---2008","https://mapsengine.google.com/06136759344167181854-00219351362547715467-4/wms/?version=1.3.0","40.2752151128","-80.3410895117","2008","Washington","first_internal","","3","","3","other","100","","","10","","10","other","100","","","3","","3","other","100","","","","","","","","","","","","","","","","","","","","","",""
"41.76204679-77.14382272---2008","https://mapsengine.google.com/06136759344167181854-00219351362547715467-4/wms/?version=1.3.0","41.762046789","-77.1438227199","2008","Tioga","final_internal","","3","","3","other","100","","","1","","1","other","100","","","","","","","","","","3","","3","other","100","","","","","","","","","","","","","","",""
"41.52199909-76.54220714---2005","https://mapsengine.google.com/06136759344167181854-15960346301379896183-4/wms/?version=1.3.0","41.5219990888","-76.5422071383","2005","Sullivan","final_internal","","3","","3","other","100","","","1","","1","other","100","","","3","","3","other","100","","","3","","3","other","100","","","","","","","","","","","","","","",""
"39.90022424-80.29456841---2010","https://mapsengine.google.com/06136759344167181854-06191489742681286724-4/wms/?version=1.3.0","39.9002242414","-80.2945684106","2010","Greene","sweeper_internal","","1","","1","other","100","","4","7","1","12","other","58","","","","","","","","","","","","","","","","","1","","1","other","100","","","","","","","",""
"41.39951411-76.98164662---2008","https://mapsengine.google.com/06136759344167181854-00219351362547715467-4/wms/?version=1.3.0","41.3995141053","-76.9816466181","2008","Lycoming","final_internal","","3","","3","other","100","","","1","","1","other","100","","","","","","","","","","3","","3","other","100","","","","","","","","","","","","","","",""
"41.47456904-78.91656723---2010","https://mapsengine.google.com/06136759344167181854-06191489742681286724-4/wms/?version=1.3.0","41.4745690437","-78.9165672311","2010","Elk","public","","12","","12","other","100","","","12","","12","other","100","","","","","","","","","","","","","","","","","","","","","","","","","","","","",""
"41.69871336-76.72761831---2005","https://mapsengine.google.com/06136759344167181854-15960346301379896183-4/wms/?version=1.3.0","41.698713364","-76.7276183114","2005","Bradford","final_internal","","3","","3","other","100","","","1","","1","other","100","","","3","","3","other","100","","","3","","3","other","100","","","","","","","","","","","","","","",""
"41.70502957-75.94922823---2008","https://mapsengine.google.com/06136759344167181854-00219351362547715467-4/wms/?version=1.3.0","41.7050295663","-75.9492282264","2008","Susquehanna","final_internal","","3","","3","other","100","","","1","","1","other","100","","","3","","3","other","100","","","3","","3","other","100","","","","","","","","","","","","","","",""
"40.38301588-79.47691853---2010","https://mapsengine.google.com/06136759344167181854-06191489742681286724-4/wms/?version=1.3.0","40.3830158756","-79.4769185332","2010","Westmoreland","public","","10","","10","other","100","","","10","","10","other","100","","","","","","","","","","","","","","","","","","","","","","","","","","","","",""
"41.75268656-76.62698622---2005","https://mapsengine.google.com/06136759344167181854-15960346301379896183-4/wms/?version=1.3.0","41.752686557","-76.6269862175","2005","Bradford","final_internal","","3","","3","other","100","","","1","","1","other","100","","","3","","3","other","100","","","3","","3","other","100","","","","","","","","","","","","","","",""
"40.74343086-79.51060543---2008","https://mapsengine.google.com/06136759344167181854-00219351362547715467-4/wms/?version=1.3.0","40.7434308576","-79.5106054318","2008","Armstrong","first_internal","","3","","3","other","100","","","6","","6","other","100","","","3","","3","other","100","","","","","","","","","","","","","","","","","","","","","",""
"41.70074445-75.8981432---2010","https://mapsengine.google.com/06136759344167181854-06191489742681286724-4/wms/?version=1.3.0","41.70074445","-75.8981432","2010","Susquehanna","first_internal","","3","","3","other","100","","","11","","11","other","100","","","3","","3","other","100","","","","","","","","","","","","","","","","","","","","","",""
"39.78672669-79.85617744---2010","https://mapsengine.google.com/06136759344167181854-06191489742681286724-4/wms/?version=1.3.0","39.7867266926","-79.8561774372","2010","Fayette","public","","10","","10","other","100","","","10","","10","other","100","","","","","","","","","","","","","","","","","","","","","","","","","","","","",""
"41.76894541-75.93580159---2010","https://mapsengine.google.com/06136759344167181854-06191489742681286724-4/wms/?version=1.3.0","41.76894541","-75.93580159","2010","Susquehanna","first_internal","","3","","3","other","100","","1","9","","10","other","90","","","3","","3","other","100","","","","","","","","","","","","","","","","","","","","","",""
"39.7358474-80.01617351---2005","https://mapsengine.google.com/06136759344167181854-15960346301379896183-4/wms/?version=1.3.0","39.7358473959","-80.0161735082","2005","Greene","final_internal","","3","","3","other","100","","","1","","1","other","100","","","","","","","","","","3","","3","other","100","","","","","","","","","","","","","","",""
"40.28354332-80.22736908---2010","https://mapsengine.google.com/06136759344167181854-06191489742681286724-4/wms/?version=1.3.0","40.2835433193","-80.2273690842","2010","Washington","sweeper_internal","","1","","1","other","100","","1","5","4","10","other","50","","","","","","","","","","","","","","","","","1","","1","other","100","","","","","","","",""
"40.18056803-80.4004188---2005","https://mapsengine.google.com/06136759344167181854-15960346301379896183-4/wms/?version=1.3.0","40.1805680284","-80.4004188039","2005","Washington","final_internal","","3","","3","other","100","","","1","","1","other","100","","","","","","","","","","3","","3","other","100","","","","","","","","","","","","","","",""
"41.64289332-76.32894697---2008","https://mapsengine.google.com/06136759344167181854-00219351362547715467-4/wms/?version=1.3.0","41.6428933227","-76.3289469728","2008","Bradford","final_internal","","3","","3","other","100","","","1","","1","other","100","","","3","","3","other","100","","","3","","3","other","100","","","","","","","","","","","","","","",""
"41.68894473-77.52774933---2010","https://mapsengine.google.com/06136759344167181854-06191489742681286724-4/wms/?version=1.3.0","41.6889447314","-77.5277493289","2010","Tioga","sweeper_internal","1","","","1","fracking","100","","3","2","6","11","unknown","54","","","","","","","","","","","","","","","","1","","","1","fracking","100","","","","","","","",""
"41.69888649-75.83515917---2005","https://mapsengine.google.com/06136759344167181854-15960346301379896183-4/wms/?version=1.3.0","41.698886492","-75.8351591719","2005","Susquehanna","final_internal","","4","","4","other","100","","","1","","1","other","100","","","3","","3","other","100","","","4","","4","other","100","","","","","","","","","","","","","","",""
"41.98928038-76.9902663---2010","https://mapsengine.google.com/06136759344167181854-06191489742681286724-4/wms/?version=1.3.0","41.9892803836","-76.9902662998","2010","Tioga","sweeper_internal","","1","","1","other","100","","3","5","3","11","other","45","","","","","","","","","","","","","","","","","1","","1","other","100","","","","","","","",""
"41.80967842-75.83247296---2008","https://mapsengine.google.com/06136759344167181854-00219351362547715467-4/wms/?version=1.3.0","41.8096784153","-75.8324729595","2008","Susquehanna","final_internal","","3","","3","other","100","","","1","","1","other","100","","","2","1","3","other","66","","","3","","3","other","100","","","","","","","","","","","","","","",""
"41.7572949-79.55992242---2008","https://mapsengine.google.com/06136759344167181854-00219351362547715467-4/wms/?version=1.3.0","41.7572948957","-79.5599224165","2008","Warren","first_internal","","3","","3","other","100","","2","6","","8","other","75","","","3","","3","other","100","","","","","","","","","","","","","","","","","","","","","",""
"41.52899596-76.35158051---2008","https://mapsengine.google.com/06136759344167181854-00219351362547715467-4/wms/?version=1.3.0","41.5289959558","-76.3515805074","2008","Sullivan","final_internal","","3","","3","other","100","","","1","","1","other","100","","","3","","3","other","100","","","3","","3","other","100","","","","","","","","","","","","","","",""
"39.94786279-78.89364116---2008","https://mapsengine.google.com/06136759344167181854-00219351362547715467-4/wms/?version=1.3.0","39.9478627881","-78.8936411582","2008","Somerset","final_internal","","3","","3","other","100","","1","2","","3","other","66","","","","","","","","","","3","","3","other","100","","","","","","","","","","","","","","",""
"39.96893214-79.83419633---2008","https://mapsengine.google.com/06136759344167181854-00219351362547715467-4/wms/?version=1.3.0","39.9689321424","-79.8341963334","2008","Fayette","first_internal","2","","1","3","fracking","66","","9","1","","10","fracking","90","","2","","1","3","fracking","66","","","","","","","","","","","","","","","","","","","","","",""
"41.54593394-77.08722529---2010","https://mapsengine.google.com/06136759344167181854-06191489742681286724-4/wms/?version=1.3.0","41.545933939","-77.0872252877","2010","Lycoming","public","","11","","11","other","100","","","11","","11","other","100","","","","","","","","","","","","","","","","","","","","","","","","","","","","",""
"41.66289727-76.10148977---2010","https://mapsengine.google.com/06136759344167181854-06191489742681286724-4/wms/?version=1.3.0","41.66289727","-76.10148977","2010","Susquehanna","first_internal","","3","","3","other","100","","","12","1","13","other","92","","","3","","3","other","100","","","","","","","","","","","","","","","","","","","","","",""
"39.967444-79.84647532---2010","https://mapsengine.google.com/06136759344167181854-06191489742681286724-4/wms/?version=1.3.0","39.9674440004","-79.8464753167","2010","Fayette","public","","9","1","10","other","90","","","9","1","10","other","90","","","","","","","","","","","","","","","","","","","","","","","","","","","","",""
"40.52519529-79.19140499---2010","https://mapsengine.google.com/06136759344167181854-06191489742681286724-4/wms/?version=1.3.0","40.5251952938","-79.1914049926","2010","Indiana","sweeper_internal","","1","","1","other","100","","","7","3","10","other","70","","","","","","","","","","","","","","","","","1","","1","other","100","","","","","","","",""
"41.70867358-76.83455567---2008","https://mapsengine.google.com/06136759344167181854-00219351362547715467-4/wms/?version=1.3.0","41.7086735762","-76.8345556701","2008","Bradford","final_internal","","3","","3","other","100","","","1","","1","other","100","","","2","1","3","other","66","","","3","","3","other","100","","","","","","","","","","","","","","",""
"41.91486283-77.42164016---2010","https://mapsengine.google.com/06136759344167181854-06191489742681286724-4/wms/?version=1.3.0","41.9148628342","-77.4216401625","2010","Tioga","public","","10","","10","other","100","","","10","","10","other","100","","","","","","","","","","","","","","","","","","","","","","","","","","","","",""
"39.8189893-79.98344689---2010","https://mapsengine.google.com/06136759344167181854-06191489742681286724-4/wms/?version=1.3.0","39.8189893025","-79.9834468939","2010","Greene","public","","11","","11","other","100","","","11","","11","other","100","","","","","","","","","","","","","","","","","","","","","","","","","","","","",""
"41.70784197-76.29294809---2010","https://mapsengine.google.com/06136759344167181854-06191489742681286724-4/wms/?version=1.3.0","41.7078419748","-76.2929480861","2010","Bradford","sweeper_internal","","1","","1","other","100","","1","9","2","12","other","75","","","3","","3","other","100","","","","","","","","","","1","","1","other","100","","","","","","","",""
"41.73328811-76.8138641---2005","https://mapsengine.google.com/06136759344167181854-15960346301379896183-4/wms/?version=1.3.0","41.7332881091","-76.8138640973","2005","Bradford","final_internal","","3","","3","other","100","","","1","","1","other","100","","","3","","3","other","100","","","3","","3","other","100","","","","","","","","","","","","","","",""
"41.80919897-76.54572447---2005","https://mapsengine.google.com/06136759344167181854-15960346301379896183-4/wms/?version=1.3.0","41.8091989666","-76.5457244651","2005","Bradford","final_internal","","3","","3","other","100","","1","","","1","fracking","100","","","3","","3","other","100","","","3","","3","other","100","","","","","","","","","","","","","","",""
"41.72007639-76.0586301---2010","https://mapsengine.google.com/06136759344167181854-06191489742681286724-4/wms/?version=1.3.0","41.72007639","-76.0586301","2010","Susquehanna","first_internal","","3","","3","other","100","","","9","1","10","other","90","","","3","","3","other","100","","","","","","","","","","","","","","","","","","","","","",""
"41.66035414-75.95491721---2005","https://mapsengine.google.com/06136759344167181854-15960346301379896183-4/wms/?version=1.3.0","41.6603541351","-75.9549172063","2005","Susquehanna","final_internal","","3","","3","other","100","","","1","","1","other","100","","","3","","3","other","100","","","3","","3","other","100","","","","","","","","","","","","","","",""
"41.76509442-75.9732338---2010","https://mapsengine.google.com/06136759344167181854-06191489742681286724-4/wms/?version=1.3.0","41.7650944234","-75.9732338013","2010","Susquehanna","sweeper_internal","","1","","1","other","100","","3","5","3","11","other","45","","","3","","3","other","100","","","","","","","","","","1","","1","other","100","","","","","","","",""
"40.85184997-79.8387717---2005","https://mapsengine.google.com/06136759344167181854-15960346301379896183-4/wms/?version=1.3.0","40.8518499664","-79.8387716963","2005","Butler","final_internal","","3","","3","other","100","","","1","","1","other","100","","","","","","","","","","3","","3","other","100","","","","","","","","","","","","","","",""
"41.28736159-79.48859299---2010","https://mapsengine.google.com/06136759344167181854-06191489742681286724-4/wms/?version=1.3.0","41.2873615878","-79.4885929922","2010","Clarion","public","10","","","10","fracking","100","","10","","","10","fracking","100","","","","","","","","","","","","","","","","","","","","","","","","","","","","",""
"41.74640756-76.78738867---2010","https://mapsengine.google.com/06136759344167181854-06191489742681286724-4/wms/?version=1.3.0","41.74640756","-76.78738867","2010","Bradford","first_internal","3","","","3","fracking","100","","9","","1","10","fracking","90","","3","","","3","fracking","100","","","","","","","","","","","","","","","","","","","","","",""
"41.96553982-77.03466172---2005","https://mapsengine.google.com/06136759344167181854-15960346301379896183-4/wms/?version=1.3.0","41.9655398239","-77.03466172","2005","Tioga","final_internal","","3","","3","other","100","","","1","","1","other","100","","","","","","","","","","3","","3","other","100","","","","","","","","","","","","","","",""
"40.24878319-79.76584533---2008","https://mapsengine.google.com/06136759344167181854-00219351362547715467-4/wms/?version=1.3.0","40.248783187","-79.7658453346","2008","Westmoreland","final_internal","","3","","3","other","100","","1","","","1","fracking","100","","","","","","","","","","3","","3","other","100","","","","","","","","","","","","","","",""
"40.77618189-79.622998---2008","https://mapsengine.google.com/06136759344167181854-00219351362547715467-4/wms/?version=1.3.0","40.7761818853","-79.6229980017","2008","Armstrong","first_internal","","3","","3","other","100","","","5","1","6","other","83","","","3","","3","other","100","","","","","","","","","","","","","","","","","","","","","",""
"40.28196851-80.24549119---2008","https://mapsengine.google.com/06136759344167181854-00219351362547715467-4/wms/?version=1.3.0","40.2819685132","-80.2454911883","2008","Washington","first_internal","2","","1","3","fracking","66","","6","1","1","8","fracking","75","","2","","1","3","fracking","66","","","","","","","","","","","","","","","","","","","","","",""
"39.95676672-80.26956793---2010","https://mapsengine.google.com/06136759344167181854-06191489742681286724-4/wms/?version=1.3.0","39.9567667217","-80.2695679271","2010","Greene","public","10","","","10","fracking","100","","10","","","10","fracking","100","","","","","","","","","","","","","","","","","","","","","","","","","","","","",""
"40.11623236-79.81885447---2010","https://mapsengine.google.com/06136759344167181854-06191489742681286724-4/wms/?version=1.3.0","40.1162323637","-79.8188544694","2010","Fayette","public","1","8","1","10","other","80","","1","8","1","10","other","80","","","","","","","","","","","","","","","","","","","","","","","","","","","","",""
"41.76948751-76.23125466---2008","https://mapsengine.google.com/06136759344167181854-00219351362547715467-4/wms/?version=1.3.0","41.7694875132","-76.2312546612","2008","Bradford","final_internal","","3","","3","other","100","","","1","","1","other","100","","","3","","3","other","100","","","3","","3","other","100","","","","","","","","","","","","","","",""
"40.12396928-80.21537687---2010","https://mapsengine.google.com/06136759344167181854-06191489742681286724-4/wms/?version=1.3.0","40.123969279","-80.2153768749","2010","Washington","public","10","","","10","fracking","100","","10","","","10","fracking","100","","","","","","","","","","","","","","","","","","","","","","","","","","","","",""
"41.73879597-75.88541476---2008","https://mapsengine.google.com/06136759344167181854-00219351362547715467-4/wms/?version=1.3.0","41.7387959672","-75.8854147583","2008","Susquehanna","final_internal","1","2","","3","other","66","","","","1","1","unknown","100","","","3","","3","other","100","","1","2","","3","other","66","","","","","","","","","","","","","","",""
"41.72312852-75.90487114---2010","https://mapsengine.google.com/06136759344167181854-06191489742681286724-4/wms/?version=1.3.0","41.72312852","-75.90487114","2010","Susquehanna","first_internal","","3","","3","other","100","","","9","1","10","other","90","","","3","","3","other","100","","","","","","","","","","","","","","","","","","","","","",""
"41.77597555-75.95241994---2008","https://mapsengine.google.com/06136759344167181854-00219351362547715467-4/wms/?version=1.3.0","41.7759755481","-75.9524199369","2008","Susquehanna","final_internal","","4","","4","other","100","","","1","","1","other","100","","","3","","3","other","100","","","4","","4","other","100","","","","","","","","","","","","","","",""
"39.89096292-80.00509721---2010","https://mapsengine.google.com/06136759344167181854-06191489742681286724-4/wms/?version=1.3.0","39.8909629218","-80.0050972066","2010","Greene","sweeper_internal","","1","","1","other","100","","1","5","4","10","other","50","","","","","","","","","","","","","","","","","1","","1","other","100","","","","","","","",""
"41.68057517-76.65086707---2010","https://mapsengine.google.com/06136759344167181854-06191489742681286724-4/wms/?version=1.3.0","41.68057517","-76.65086707","2010","Bradford","first_internal","","3","","3","other","100","","","10","","10","other","100","","","3","","3","other","100","","","","","","","","","","","","","","","","","","","","","",""
"41.72989541-76.79305223---2008","https://mapsengine.google.com/06136759344167181854-00219351362547715467-4/wms/?version=1.3.0","41.7298954135","-76.7930522252","2008","Bradford","final_internal","","3","","3","other","100","","","1","","1","other","100","","","3","","3","other","100","","","3","","3","other","100","","","","","","","","","","","","","","",""
"41.70663422-76.09018221---2008","https://mapsengine.google.com/06136759344167181854-00219351362547715467-4/wms/?version=1.3.0","41.7066342223","-76.0901822094","2008","Susquehanna","final_internal","","3","","3","other","100","","","1","","1","other","100","","","3","","3","other","100","","","3","","3","other","100","","","","","","","","","","","","","","",""
"41.72941782-75.90271983---2010","https://mapsengine.google.com/06136759344167181854-06191489742681286724-4/wms/?version=1.3.0","41.7294178151","-75.9027198322","2010","Susquehanna","sweeper_internal","","1","","1","other","100","","","7","3","10","other","70","","","3","","3","other","100","","","","","","","","","","1","","1","other","100","","","","","","","",""
"41.68281938-76.78299293---2008","https://mapsengine.google.com/06136759344167181854-00219351362547715467-4/wms/?version=1.3.0","41.6828193818","-76.7829929264","2008","Bradford","final_internal","","3","","3","other","100","","","1","","1","other","100","","","3","","3","other","100","","","3","","3","other","100","","","","","","","","","","","","","","",""
"40.6745532-79.750956---2008","https://mapsengine.google.com/06136759344167181854-00219351362547715467-4/wms/?version=1.3.0","40.674553195","-79.7509560027","2008","Butler","first_internal","","3","","3","other","100","","","2","","2","other","100","","","3","","3","other","100","","","","","","","","","","","","","","","","","","","","","",""
"40.5255496-79.19446783---2010","https://mapsengine.google.com/06136759344167181854-06191489742681286724-4/wms/?version=1.3.0","40.5255496011","-79.1944678294","2010","Indiana","sweeper_internal","","1","","1","other","100","","5","5","2","12","fracking|other","","41|41","","","","","","","","","","","","","","","","1","","1","other","100","","","","","","","",""
"41.28177886-77.2500095---2005","https://mapsengine.google.com/06136759344167181854-15960346301379896183-4/wms/?version=1.3.0","41.2817788561","-77.2500094981","2005","Lycoming","missing_internal","","1","","1","other","100","","","","","","fracking|unknown|other","","","","","","","","","","","","","","","","","","","","","","","","","1","","1","other","100",""
"41.78615982-77.21467654---2005","https://mapsengine.google.com/06136759344167181854-15960346301379896183-4/wms/?version=1.3.0","41.7861598192","-77.214676539","2005","Tioga","missing_internal","","1","","1","other","100","","","","","","fracking|unknown|other","","","","","","","","","","","","","","","","","","","","","","","","","1","","1","other","100",""
"39.90791829-80.14364118---2010","https://mapsengine.google.com/06136759344167181854-06191489742681286724-4/wms/?version=1.3.0","39.9079182863","-80.1436411778","2010","Greene","public","","9","1","10","other","90","","","9","1","10","other","90","","","","","","","","","","","","","","","","","","","","","","","","","","","","",""
"41.56704008-77.07911517---2010","https://mapsengine.google.com/06136759344167181854-06191489742681286724-4/wms/?version=1.3.0","41.5670400781","-77.0791151659","2010","Tioga","sweeper_internal","","1","","1","other","100","","6","3","2","11","fracking","54","","","","","","","","","","","","","","","","","1","","1","other","100","","","","","","","",""
"41.68269169-75.8734038---2010","https://mapsengine.google.com/06136759344167181854-06191489742681286724-4/wms/?version=1.3.0","41.6826916853","-75.8734038003","2010","Susquehanna","sweeper_internal","","1","","1","other","100","","2","8","1","11","other","72","","","3","","3","other","100","","","","","","","","","","1","","1","other","100","","","","","","","",""
"41.43802411-77.20887004---2010","https://mapsengine.google.com/06136759344167181854-06191489742681286724-4/wms/?version=1.3.0","41.4380241105","-77.2088700398","2010","Lycoming","public","","11","","11","other","100","","","11","","11","other","100","","","","","","","","","","","","","","","","","","","","","","","","","","","","",""
"40.2757945-80.15127741---2010","https://mapsengine.google.com/06136759344167181854-06191489742681286724-4/wms/?version=1.3.0","40.2757945036","-80.151277412","2010","Washington","public","","10","","10","other","100","","","10","","10","other","100","","","","","","","","","","","","","","","","","","","","","","","","","","","","",""
"40.32056563-80.30261367---2010","https://mapsengine.google.com/06136759344167181854-06191489742681286724-4/wms/?version=1.3.0","40.320565627","-80.3026136671","2010","Washington","sweeper_internal","1","","","1","fracking","100","","7","","3","10","fracking","70","","","","","","","","","","","","","","","","1","","","1","fracking","100","","","","","","","",""
"40.51318521-79.18106453---2010","https://mapsengine.google.com/06136759344167181854-06191489742681286724-4/wms/?version=1.3.0","40.5131852091","-79.1810645279","2010","Indiana","sweeper_internal","","1","","1","other","100","","7","17","6","30","other","56","","","","","","","","","","","","","","","","","1","","1","other","100","","","","","","","",""
"40.24396646-80.34712144---2010","https://mapsengine.google.com/06136759344167181854-06191489742681286724-4/wms/?version=1.3.0","40.2439664552","-80.3471214449","2010","Washington","public","1","8","1","10","other","80","","1","8","1","10","other","80","","","","","","","","","","","","","","","","","","","","","","","","","","","","",""
"40.14487374-80.25910335---2010","https://mapsengine.google.com/06136759344167181854-06191489742681286724-4/wms/?version=1.3.0","40.1448737417","-80.2591033485","2010","Washington","public","","10","","10","other","100","","","10","","10","other","100","","","","","","","","","","","","","","","","","","","","","","","","","","","","",""
"39.93235801-79.8569688---2008","https://mapsengine.google.com/06136759344167181854-00219351362547715467-4/wms/?version=1.3.0","39.9323580072","-79.856968804","2008","Fayette","sweeper_internal","","1","","1","other","100","","2","5","3","10","other","50","","1","2","","3","other","66","","","","","","","","","","1","","1","other","100","","","","","","","",""
"40.75373159-79.78577113---2005","https://mapsengine.google.com/06136759344167181854-15960346301379896183-4/wms/?version=1.3.0","40.7537315931","-79.7857711339","2005","Butler","final_internal","","3","","3","other","100","","","1","","1","other","100","","","","","","","","","","3","","3","other","100","","","","","","","","","","","","","","",""
"40.77817104-79.54101927---2005","https://mapsengine.google.com/06136759344167181854-15960346301379896183-4/wms/?version=1.3.0","40.7781710427","-79.5410192734","2005","Armstrong","final_internal","","3","","3","other","100","","","1","","1","other","100","","","","","","","","","","3","","3","other","100","","","","","","","","","","","","","","",""
"41.71679573-75.9002679---2008","https://mapsengine.google.com/06136759344167181854-00219351362547715467-4/wms/?version=1.3.0","41.7167957338","-75.900267903","2008","Susquehanna","final_internal","","3","","3","other","100","","","1","","1","other","100","","","3","","3","other","100","","","3","","3","other","100","","","","","","","","","","","","","","",""
"40.81831613-80.21254072---2005","https://mapsengine.google.com/06136759344167181854-15960346301379896183-4/wms/?version=1.3.0","40.8183161322","-80.2125407175","2005","Beaver","final_internal","","3","","3","other","100","","","1","","1","other","100","","1","2","","3","other","66","","","3","","3","other","100","","","","","","","","","","","","","","",""
"41.70371997-75.92022298---2010","https://mapsengine.google.com/06136759344167181854-06191489742681286724-4/wms/?version=1.3.0","41.7037199696","-75.9202229848","2010","Susquehanna","sweeper_internal","","1","","1","other","100","","2","5","8","15","unknown","53","","","1","2","3","unknown","66","","","","","","","","","","1","","1","other","100","","","","","","","",""
"41.97155478-77.04347595---2008","https://mapsengine.google.com/06136759344167181854-00219351362547715467-4/wms/?version=1.3.0","41.9715547819","-77.043475946","2008","Tioga","final_internal","","3","","3","other","100","","","1","","1","other","100","","","","","","","","","","3","","3","other","100","","","","","","","","","","","","","","",""
"40.82966484-80.04339302---2008","https://mapsengine.google.com/06136759344167181854-00219351362547715467-4/wms/?version=1.3.0","40.8296648404","-80.0433930239","2008","Butler","first_internal","","3","","3","other","100","","","2","","2","other","100","","","3","","3","other","100","","","","","","","","","","","","","","","","","","","","","",""
"41.75514698-77.36820972---2008","https://mapsengine.google.com/06136759344167181854-00219351362547715467-4/wms/?version=1.3.0","41.7551469791","-77.3682097175","2008","Tioga","final_internal","3","","","3","fracking","100","","1","","","1","fracking","100","","","","","","","","","3","","","3","fracking","100","","","","","","","","","","","","","","",""
"41.7980495-77.24627137---2010","https://mapsengine.google.com/06136759344167181854-06191489742681286724-4/wms/?version=1.3.0","41.7980494969","-77.2462713676","2010","Tioga","public","","9","2","11","other","81","","","9","2","11","other","81","","","","","","","","","","","","","","","","","","","","","","","","","","","","",""
"40.26176873-80.27242749---2010","https://mapsengine.google.com/06136759344167181854-06191489742681286724-4/wms/?version=1.3.0","40.2617687273","-80.2724274877","2010","Washington","sweeper_internal","","1","","1","other","100","","2","6","2","10","other","60","","","","","","","","","","","","","","","","","1","","1","other","100","","","","","","","",""
"39.92709649-80.01551271---2010","https://mapsengine.google.com/06136759344167181854-06191489742681286724-4/wms/?version=1.3.0","39.9270964931","-80.0155127105","2010","Greene","public","1","8","1","10","other","80","","1","8","1","10","other","80","","","","","","","","","","","","","","","","","","","","","","","","","","","","",""
"41.73355649-76.0851498---2010","https://mapsengine.google.com/06136759344167181854-06191489742681286724-4/wms/?version=1.3.0","41.73355649","-76.0851498","2010","Susquehanna","first_internal","","3","","3","other","100","","1","8","1","10","other","80","","","3","","3","other","100","","","","","","","","","","","","","","","","","","","","","",""
"39.91155404-79.9413317---2008","https://mapsengine.google.com/06136759344167181854-00219351362547715467-4/wms/?version=1.3.0","39.9115540363","-79.9413317006","2008","Greene","first_internal","","3","","3","other","100","","","10","","10","other","100","","","3","","3","other","100","","","","","","","","","","","","","","","","","","","","","",""
"41.45989246-76.40396836---2008","https://mapsengine.google.com/06136759344167181854-00219351362547715467-4/wms/?version=1.3.0","41.4598924553","-76.4039683606","2008","Sullivan","final_internal","","3","","3","other","100","","","1","","1","other","100","","","3","","3","other","100","","","3","","3","other","100","","","","","","","","","","","","","","",""
"41.7080484-75.87158066---2008","https://mapsengine.google.com/06136759344167181854-00219351362547715467-4/wms/?version=1.3.0","41.7080484001","-75.8715806551","2008","Susquehanna","final_internal","2","1","","3","fracking","66","","","","1","1","unknown","100","","","3","","3","other","100","","2","1","","3","fracking","66","","","","","","","","","","","","","","",""
"39.93093222-79.99848904---2010","https://mapsengine.google.com/06136759344167181854-06191489742681286724-4/wms/?version=1.3.0","39.9309322228","-79.9984890361","2010","Greene","public","","9","1","10","other","90","","","9","1","10","other","90","","","","","","","","","","","","","","","","","","","","","","","","","","","","",""
"41.69089874-75.96549722---2010","https://mapsengine.google.com/06136759344167181854-06191489742681286724-4/wms/?version=1.3.0","41.69089874","-75.96549722","2010","Susquehanna","first_internal","","3","","3","other","100","","","12","1","13","other","92","","","3","","3","other","100","","","","","","","","","","","","","","","","","","","","","",""
"41.91887085-76.89382457---2008","https://mapsengine.google.com/06136759344167181854-00219351362547715467-4/wms/?version=1.3.0","41.9188708503","-76.8938245676","2008","Bradford","final_internal","","3","","3","other","100","","","1","","1","other","100","","","3","","3","other","100","","","3","","3","other","100","","","","","","","","","","","","","","",""
"40.86499236-79.49739254---2008","https://mapsengine.google.com/06136759344167181854-00219351362547715467-4/wms/?version=1.3.0","40.8649923559","-79.4973925366","2008","Armstrong","first_internal","","3","","3","other","100","","1","4","1","6","other","66","","","3","","3","other","100","","","","","","","","","","","","","","","","","","","","","",""
"40.75696777-79.83665657---2008","https://mapsengine.google.com/06136759344167181854-00219351362547715467-4/wms/?version=1.3.0","40.7569677653","-79.8366565697","2008","Butler","first_internal","","5","","5","other","100","","","2","","2","other","100","","","5","","5","other","100","","","","","","","","","","","","","","","","","","","","","",""
"39.80086847-79.52945935---2008","https://mapsengine.google.com/06136759344167181854-00219351362547715467-4/wms/?version=1.3.0","39.8008684713","-79.5294593473","2008","Fayette","first_internal","","3","","3","other","100","","1","9","","10","other","90","","","3","","3","other","100","","","","","","","","","","","","","","","","","","","","","",""
"40.26498105-80.30567834---2010","https://mapsengine.google.com/06136759344167181854-06191489742681286724-4/wms/?version=1.3.0","40.2649810545","-80.3056783404","2010","Washington","public","","10","","10","other","100","","","10","","10","other","100","","","","","","","","","","","","","","","","","","","","","","","","","","","","",""
"41.71288378-75.89152833---2008","https://mapsengine.google.com/06136759344167181854-00219351362547715467-4/wms/?version=1.3.0","41.7128837813","-75.8915283253","2008","Susquehanna","final_internal","","3","","3","other","100","","","1","","1","other","100","","","3","","3","other","100","","","3","","3","other","100","","","","","","","","","","","","","","",""
"41.28989447-79.4879623---2008","https://mapsengine.google.com/06136759344167181854-00219351362547715467-4/wms/?version=1.3.0","41.2898944697","-79.4879622951","2008","Clarion","sweeper_internal","","1","","1","other","100","","","7","3","10","other","70","","","2","1","3","other","66","","","","","","","","","","1","","1","other","100","","","","","","","",""
"41.74398331-77.22197155---2005","https://mapsengine.google.com/06136759344167181854-15960346301379896183-4/wms/?version=1.3.0","41.7439833068","-77.2219715506","2005","Tioga","missing_internal","","1","","1","other","100","","","","","","fracking|unknown|other","","","","","","","","","","","","","","","","","","","","","","","","","1","","1","other","100",""
"41.96728878-77.0325745---2008","https://mapsengine.google.com/06136759344167181854-00219351362547715467-4/wms/?version=1.3.0","41.9672887785","-77.0325745019","2008","Tioga","final_internal","","3","","3","other","100","","","1","","1","other","100","","","","","","","","","","3","","3","other","100","","","","","","","","","","","","","","",""
"41.71947881-77.35865027---2008","https://mapsengine.google.com/06136759344167181854-00219351362547715467-4/wms/?version=1.3.0","41.7194788053","-77.3586502714","2008","Tioga","final_internal","","3","","3","other","100","","","1","","1","other","100","","","","","","","","","","3","","3","other","100","","","","","","","","","","","","","","",""
"41.85899746-76.88121984---2010","https://mapsengine.google.com/06136759344167181854-06191489742681286724-4/wms/?version=1.3.0","41.85899746","-76.88121984","2010","Bradford","first_internal","","3","","3","other","100","","","13","1","14","other","92","","","3","","3","other","100","","","","","","","","","","","","","","","","","","","","","",""
"41.93360026-75.87238686---2008","https://mapsengine.google.com/06136759344167181854-00219351362547715467-4/wms/?version=1.3.0","41.9336002599","-75.8723868641","2008","Susquehanna","final_internal","","3","","3","other","100","","","1","","1","other","100","","","3","","3","other","100","","","3","","3","other","100","","","","","","","","","","","","","","",""
"41.881673-75.89679336---2005","https://mapsengine.google.com/06136759344167181854-15960346301379896183-4/wms/?version=1.3.0","41.8816729983","-75.8967933567","2005","Susquehanna","final_internal","1","2","","3","other","66","","","1","","1","other","100","","","3","","3","other","100","","1","2","","3","other","66","","","","","","","","","","","","","","",""
"41.70939292-77.552004---2010","https://mapsengine.google.com/06136759344167181854-06191489742681286724-4/wms/?version=1.3.0","41.7093929198","-77.5520039974","2010","Tioga","public","","10","","10","other","100","","","10","","10","other","100","","","","","","","","","","","","","","","","","","","","","","","","","","","","",""
"41.80461777-76.95616251---2008","https://mapsengine.google.com/06136759344167181854-00219351362547715467-4/wms/?version=1.3.0","41.8046177749","-76.9561625146","2008","Tioga","final_internal","","3","","3","other","100","","","1","","1","other","100","","","","","","","","","","3","","3","other","100","","","","","","","","","","","","","","",""
"41.7416499-76.78810505---2005","https://mapsengine.google.com/06136759344167181854-15960346301379896183-4/wms/?version=1.3.0","41.7416499047","-76.7881050534","2005","Bradford","final_internal","","3","","3","other","100","","","","1","1","unknown","100","","","1","2","3","unknown","66","","","3","","3","other","100","","","","","","","","","","","","","","",""
"41.55623993-77.07550112---2010","https://mapsengine.google.com/06136759344167181854-06191489742681286724-4/wms/?version=1.3.0","41.5562399323","-77.0755011183","2010","Tioga","public","","10","","10","other","100","","","10","","10","other","100","","","","","","","","","","","","","","","","","","","","","","","","","","","","",""
"39.92647471-79.95918983---2010","https://mapsengine.google.com/06136759344167181854-06191489742681286724-4/wms/?version=1.3.0","39.9264747079","-79.9591898323","2010","Greene","sweeper_internal","","1","","1","other","100","","4","3","3","10","fracking","40","","","","","","","","","","","","","","","","","1","","1","other","100","","","","","","","",""
"41.88693675-76.95856981---2005","https://mapsengine.google.com/06136759344167181854-15960346301379896183-4/wms/?version=1.3.0","41.886936753","-76.9585698122","2005","Tioga","missing_internal","","1","","1","other","100","","","","","","fracking|unknown|other","","","","","","","","","","","","","","","","","","","","","","","","","1","","1","other","100",""
"39.92679267-79.98536341---2010","https://mapsengine.google.com/06136759344167181854-06191489742681286724-4/wms/?version=1.3.0","39.9267926713","-79.9853634138","2010","Greene","public","","10","","10","other","100","","","10","","10","other","100","","","","","","","","","","","","","","","","","","","","","","","","","","","","",""
"40.12624949-78.76132639---2005","https://mapsengine.google.com/06136759344167181854-15960346301379896183-4/wms/?version=1.3.0","40.1262494945","-78.7613263871","2005","Somerset","final_internal","","3","","3","other","100","","","1","","1","other","100","","","","","","","","","","3","","3","other","100","","","","","","","","","","","","","","",""
"41.76655991-76.84443736---2005","https://mapsengine.google.com/06136759344167181854-15960346301379896183-4/wms/?version=1.3.0","41.7665599139","-76.8444373621","2005","Bradford","final_internal","","3","","3","other","100","","","1","","1","other","100","","","3","","3","other","100","","","3","","3","other","100","","","","","","","","","","","","","","",""
"40.07156241-80.19987751---2010","https://mapsengine.google.com/06136759344167181854-06191489742681286724-4/wms/?version=1.3.0","40.0715624082","-80.1998775058","2010","Washington","public","","10","","10","other","100","","","10","","10","other","100","","","","","","","","","","","","","","","","","","","","","","","","","","","","",""
"41.70293271-77.56452673---2008","https://mapsengine.google.com/06136759344167181854-00219351362547715467-4/wms/?version=1.3.0","41.7029327101","-77.5645267336","2008","Tioga","final_internal","","3","","3","other","100","","","","1","1","unknown","100","","","","","","","","","","3","","3","other","100","","","","","","","","","","","","","","",""
"41.65644977-76.02726788---2010","https://mapsengine.google.com/06136759344167181854-06191489742681286724-4/wms/?version=1.3.0","41.65644977","-76.02726788","2010","Susquehanna","first_internal","","3","","3","other","100","","","10","","10","other","100","","","3","","3","other","100","","","","","","","","","","","","","","","","","","","","","",""
"40.23161662-79.73540434---2010","https://mapsengine.google.com/06136759344167181854-06191489742681286724-4/wms/?version=1.3.0","40.2316166217","-79.7354043423","2010","Westmoreland","public","12","","","12","fracking","100","","12","","","12","fracking","100","","","","","","","","","","","","","","","","","","","","","","","","","","","","",""
"41.28497561-76.33421343---2010","https://mapsengine.google.com/06136759344167181854-06191489742681286724-4/wms/?version=1.3.0","41.28497561","-76.33421343","2010","Columbia","first_internal","","3","","3","other","100","","","12","","12","other","100","","","3","","3","other","100","","","","","","","","","","","","","","","","","","","","","",""
"41.55985659-76.46485096---2005","https://mapsengine.google.com/06136759344167181854-15960346301379896183-4/wms/?version=1.3.0","41.5598565919","-76.4648509572","2005","Sullivan","final_internal","","3","","3","other","100","","","1","","1","other","100","","","3","","3","other","100","","","3","","3","other","100","","","","","","","","","","","","","","",""
"39.78404582-79.86409716---2005","https://mapsengine.google.com/06136759344167181854-15960346301379896183-4/wms/?version=1.3.0","39.7840458176","-79.8640971622","2005","Fayette","final_internal","","3","","3","other","100","","","1","","1","other","100","","","","","","","","","","3","","3","other","100","","","","","","","","","","","","","","",""
"41.26219112-76.58230792---2005","https://mapsengine.google.com/06136759344167181854-15960346301379896183-4/wms/?version=1.3.0","41.262191117","-76.5823079152","2005","Lycoming","missing_internal","","1","","1","other","100","","","","","","fracking|unknown|other","","","","","","","","","","","","","","","","","","","","","","","","","1","","1","other","100",""
"41.76630204-75.94015628---2008","https://mapsengine.google.com/06136759344167181854-00219351362547715467-4/wms/?version=1.3.0","41.7663020414","-75.9401562811","2008","Susquehanna","final_internal","","3","","3","other","100","","","1","","1","other","100","","","3","","3","other","100","","","3","","3","other","100","","","","","","","","","","","","","","",""
"41.72475711-75.94699635---2010","https://mapsengine.google.com/06136759344167181854-06191489742681286724-4/wms/?version=1.3.0","41.72475711","-75.94699635","2010","Susquehanna","first_internal","","3","","3","other","100","","","10","","10","other","100","","","3","","3","other","100","","","","","","","","","","","","","","","","","","","","","",""
"41.76979816-76.10946019---2010","https://mapsengine.google.com/06136759344167181854-06191489742681286724-4/wms/?version=1.3.0","41.76979816","-76.10946019","2010","Susquehanna","first_internal","","3","","3","other","100","","","12","","12","other","100","","","3","","3","other","100","","","","","","","","","","","","","","","","","","","","","",""
"41.71497975-76.05407702---2005","https://mapsengine.google.com/06136759344167181854-15960346301379896183-4/wms/?version=1.3.0","41.7149797453","-76.0540770172","2005","Susquehanna","final_internal","","3","","3","other","100","","","1","","1","other","100","","","3","","3","other","100","","","3","","3","other","100","","","","","","","","","","","","","","",""
"41.86580488-76.02590838---2010","https://mapsengine.google.com/06136759344167181854-06191489742681286724-4/wms/?version=1.3.0","41.86580488","-76.02590838","2010","Susquehanna","first_internal","","3","","3","other","100","","","12","","12","other","100","","","3","","3","other","100","","","","","","","","","","","","","","","","","","","","","",""
"41.72005139-75.65092136---2010","https://mapsengine.google.com/06136759344167181854-06191489742681286724-4/wms/?version=1.3.0","41.7200513883","-75.6509213562","2010","Susquehanna","sweeper_internal","","1","","1","other","100","","","8","3","11","other","72","","","3","","3","other","100","","","","","","","","","","1","","1","other","100","","","","","","","",""
"39.91131667-79.99802288---2008","https://mapsengine.google.com/06136759344167181854-00219351362547715467-4/wms/?version=1.3.0","39.9113166719","-79.9980228795","2008","Greene","sweeper_internal","","1","","1","other","100","","2","6","2","10","other","60","","","3","","3","other","100","","","","","","","","","","1","","1","other","100","","","","","","","",""
"39.88231724-80.00336764---2010","https://mapsengine.google.com/06136759344167181854-06191489742681286724-4/wms/?version=1.3.0","39.8823172424","-80.0033676398","2010","Greene","sweeper_internal","","1","","1","other","100","","3","5","2","10","other","50","","","","","","","","","","","","","","","","","1","","1","other","100","","","","","","","",""
"41.11220635-79.73528943---2008","https://mapsengine.google.com/06136759344167181854-00219351362547715467-4/wms/?version=1.3.0","41.1122063475","-79.7352894271","2008","Butler","first_internal","","3","","3","other","100","","","2","","2","other","100","","","3","","3","other","100","","","","","","","","","","","","","","","","","","","","","",""
"39.89864305-80.34919711---2005","https://mapsengine.google.com/06136759344167181854-15960346301379896183-4/wms/?version=1.3.0","39.8986430495","-80.3491971081","2005","Greene","final_internal","","3","","3","other","100","","1","","","1","fracking","100","","","","","","","","","","3","","3","other","100","","","","","","","","","","","","","","",""
"40.24820733-80.37778258---2005","https://mapsengine.google.com/06136759344167181854-15960346301379896183-4/wms/?version=1.3.0","40.2482073325","-80.3777825791","2005","Washington","final_internal","","3","","3","other","100","","","1","","1","other","100","","","","","","","","","","3","","3","other","100","","","","","","","","","","","","","","",""
"40.29468428-79.64893073---2005","https://mapsengine.google.com/06136759344167181854-15960346301379896183-4/wms/?version=1.3.0","40.2946842823","-79.6489307301","2005","Westmoreland","final_internal","1","2","","3","other","66","","","1","","1","other","100","","","","","","","","","1","2","","3","other","66","","","","","","","","","","","","","","",""
"39.94326984-79.98238797---2008","https://mapsengine.google.com/06136759344167181854-00219351362547715467-4/wms/?version=1.3.0","39.9432698414","-79.982387974","2008","Greene","sweeper_internal","","1","","1","other","100","","7","","3","10","fracking","70","","2","","1","3","fracking","66","","","","","","","","","","1","","1","other","100","","","","","","","",""
"40.70494079-79.40942379---2010","https://mapsengine.google.com/06136759344167181854-06191489742681286724-4/wms/?version=1.3.0","40.7049407862","-79.4094237945","2010","Armstrong","public","8","","2","10","fracking","80","","8","","2","10","fracking","80","","","","","","","","","","","","","","","","","","","","","","","","","","","","",""
"41.73664045-76.603078---2010","https://mapsengine.google.com/06136759344167181854-06191489742681286724-4/wms/?version=1.3.0","41.736640449","-76.6030780039","2010","Bradford","sweeper_internal","","1","","1","other","100","","3","2","5","10","unknown","50","","1","","2","3","unknown","66","","","","","","","","","","1","","1","other","100","","","","","","","",""
"39.84284342-79.9741812---2010","https://mapsengine.google.com/06136759344167181854-06191489742681286724-4/wms/?version=1.3.0","39.8428434213","-79.9741812008","2010","Greene","sweeper_internal","1","","","1","fracking","100","","5","1","4","10","fracking","50","","","","","","","","","","","","","","","","1","","","1","fracking","100","","","","","","","",""
"41.05532781-77.91172807---2010","https://mapsengine.google.com/06136759344167181854-06191489742681286724-4/wms/?version=1.3.0","41.055327807","-77.9117280687","2010","Centre","public","","10","1","11","other","90","","","10","1","11","other","90","","","","","","","","","","","","","","","","","","","","","","","","","","","","",""
"40.49456944-79.56904483---2008","https://mapsengine.google.com/06136759344167181854-00219351362547715467-4/wms/?version=1.3.0","40.4945694371","-79.5690448348","2008","Westmoreland","first_internal","","3","","3","other","100","","","1","","1","other","100","","","3","","3","other","100","","","","","","","","","","","","","","","","","","","","","",""
"41.72573344-76.26226335---2008","https://mapsengine.google.com/06136759344167181854-00219351362547715467-4/wms/?version=1.3.0","41.7257334444","-76.2622633547","2008","Bradford","final_internal","","4","","4","other","100","","","1","","1","other","100","","","3","","3","other","100","","","4","","4","other","100","","","","","","","","","","","","","","",""
"41.72032012-75.91142532---2005","https://mapsengine.google.com/06136759344167181854-15960346301379896183-4/wms/?version=1.3.0","41.7203201214","-75.911425322","2005","Susquehanna","final_internal","","3","","3","other","100","","","1","","1","other","100","","","3","","3","other","100","","","3","","3","other","100","","","","","","","","","","","","","","",""
"41.79577475-77.01770671---2010","https://mapsengine.google.com/06136759344167181854-06191489742681286724-4/wms/?version=1.3.0","41.7957747458","-77.0177067131","2010","Tioga","public","","8","2","10","other","80","","","8","2","10","other","80","","","","","","","","","","","","","","","","","","","","","","","","","","","","",""
"41.59332716-77.01660103---2010","https://mapsengine.google.com/06136759344167181854-06191489742681286724-4/wms/?version=1.3.0","41.5933271589","-77.0166010343","2010","Tioga","public","","11","","11","other","100","","","11","","11","other","100","","","","","","","","","","","","","","","","","","","","","","","","","","","","",""
"41.70004803-77.28965976---2005","https://mapsengine.google.com/06136759344167181854-15960346301379896183-4/wms/?version=1.3.0","41.7000480279","-77.2896597628","2005","Tioga","missing_internal","","1","","1","other","100","","","","","","fracking|unknown|other","","","","","","","","","","","","","","","","","","","","","","","","","1","","1","other","100",""
"40.27149153-80.35570239---2005","https://mapsengine.google.com/06136759344167181854-15960346301379896183-4/wms/?version=1.3.0","40.2714915309","-80.3557023913","2005","Washington","final_internal","","3","","3","other","100","","","1","","1","other","100","","","","","","","","","","3","","3","other","100","","","","","","","","","","","","","","",""
"39.94724597-80.03211772---2005","https://mapsengine.google.com/06136759344167181854-15960346301379896183-4/wms/?version=1.3.0","39.9472459675","-80.0321177163","2005","Greene","final_internal","","3","","3","other","100","","","1","","1","other","100","","","","","","","","","","3","","3","other","100","","","","","","","","","","","","","","",""
"41.74442141-75.95202218---2010","https://mapsengine.google.com/06136759344167181854-06191489742681286724-4/wms/?version=1.3.0","41.74442141","-75.95202218","2010","Susquehanna","first_internal","","3","","3","other","100","","1","9","","10","other","90","","","3","","3","other","100","","","","","","","","","","","","","","","","","","","","","",""
"39.73035862-80.03576758---2005","https://mapsengine.google.com/06136759344167181854-15960346301379896183-4/wms/?version=1.3.0","39.7303586191","-80.0357675776","2005","Greene","final_internal","","3","","3","other","100","","","1","","1","other","100","","","","","","","","","","3","","3","other","100","","","","","","","","","","","","","","",""
"41.68017603-77.38048806---2008","https://mapsengine.google.com/06136759344167181854-00219351362547715467-4/wms/?version=1.3.0","41.6801760331","-77.3804880641","2008","Tioga","final_internal","","3","","3","other","100","","1","","","1","fracking","100","","","","","","","","","","3","","3","other","100","","","","","","","","","","","","","","",""
"41.54773354-76.48439512---2010","https://mapsengine.google.com/06136759344167181854-06191489742681286724-4/wms/?version=1.3.0","41.5477335403","-76.4843951217","2010","Sullivan","sweeper_internal","","1","","1","other","100","","2","4","7","13","unknown","53","","","3","","3","other","100","","","","","","","","","","1","","1","other","100","","","","","","","",""
"39.76731842-79.50255897---2010","https://mapsengine.google.com/06136759344167181854-06191489742681286724-4/wms/?version=1.3.0","39.7673184239","-79.5025589671","2010","Fayette","public","","9","1","10","other","90","","","9","1","10","other","90","","","","","","","","","","","","","","","","","","","","","","","","","","","","",""
"41.6220388-76.88089235---2010","https://mapsengine.google.com/06136759344167181854-06191489742681286724-4/wms/?version=1.3.0","41.6220387962","-76.8808923515","2010","Tioga","public","","11","2","13","other","84","","","11","2","13","other","84","","","","","","","","","","","","","","","","","","","","","","","","","","","","",""
"41.86099087-76.01391496---2008","https://mapsengine.google.com/06136759344167181854-00219351362547715467-4/wms/?version=1.3.0","41.8609908665","-76.0139149571","2008","Susquehanna","final_internal","","3","","3","other","100","","","1","","1","other","100","","","3","","3","other","100","","","3","","3","other","100","","","","","","","","","","","","","","",""
"41.31650521-77.14395608---2008","https://mapsengine.google.com/06136759344167181854-00219351362547715467-4/wms/?version=1.3.0","41.3165052085","-77.1439560808","2008","Lycoming","final_internal","","3","","3","other","100","","","1","","1","other","100","","","","","","","","","","3","","3","other","100","","","","","","","","","","","","","","",""
"39.97303001-80.07515744---2008","https://mapsengine.google.com/06136759344167181854-00219351362547715467-4/wms/?version=1.3.0","39.9730300123","-80.075157438","2008","Greene","first_internal","","3","","3","other","100","","1","9","","10","other","90","","","3","","3","other","100","","","","","","","","","","","","","","","","","","","","","",""
"41.42733218-76.87486194---2005","https://mapsengine.google.com/06136759344167181854-15960346301379896183-4/wms/?version=1.3.0","41.4273321767","-76.8748619436","2005","Lycoming","missing_internal","","1","","1","other","100","","","","","","fracking|unknown|other","","","","","","","","","","","","","","","","","","","","","","","","","1","","1","other","100",""
"41.55971298-76.46483152---2010","https://mapsengine.google.com/06136759344167181854-06191489742681286724-4/wms/?version=1.3.0","41.55971298","-76.46483152","2010","Sullivan","first_internal","","3","","3","other","100","","","11","","11","other","100","","","3","","3","other","100","","","","","","","","","","","","","","","","","","","","","",""
"40.96542939-78.81776651---2010","https://mapsengine.google.com/06136759344167181854-06191489742681286724-4/wms/?version=1.3.0","40.9654293881","-78.8177665139","2010","Jefferson","public","1","9","","10","other","90","","1","9","","10","other","90","","","","","","","","","","","","","","","","","","","","","","","","","","","","",""
"41.75016283-76.77481292---2005","https://mapsengine.google.com/06136759344167181854-15960346301379896183-4/wms/?version=1.3.0","41.7501628347","-76.7748129216","2005","Bradford","final_internal","","4","","4","other","100","","","1","","1","other","100","","","3","","3","other","100","","","4","","4","other","100","","","","","","","","","","","","","","",""
"41.69906174-75.90565595---2008","https://mapsengine.google.com/06136759344167181854-00219351362547715467-4/wms/?version=1.3.0","41.6990617396","-75.9056559457","2008","Susquehanna","final_internal","","3","","3","other","100","","","1","","1","other","100","","","3","","3","other","100","","","3","","3","other","100","","","","","","","","","","","","","","",""
"41.55387704-76.4614668---2010","https://mapsengine.google.com/06136759344167181854-06191489742681286724-4/wms/?version=1.3.0","41.55387704","-76.4614668","2010","Sullivan","first_internal","","3","","3","other","100","","","10","","10","other","100","","","3","","3","other","100","","","","","","","","","","","","","","","","","","","","","",""
"41.29641148-78.91356698---2005","https://mapsengine.google.com/06136759344167181854-15960346301379896183-4/wms/?version=1.3.0","41.2964114788","-78.9135669811","2005","Jefferson","final_internal","","3","","3","other","100","","","1","","1","other","100","","","","","","","","","","3","","3","other","100","","","","","","","","","","","","","","",""
"41.69516323-76.77899917---2010","https://mapsengine.google.com/06136759344167181854-06191489742681286724-4/wms/?version=1.3.0","41.6951632281","-76.7789991736","2010","Bradford","sweeper_internal","","1","","1","other","100","","2","5","3","10","other","50","","","3","","3","other","100","","","","","","","","","","1","","1","other","100","","","","","","","",""
"40.02273684-79.68004485---2010","https://mapsengine.google.com/06136759344167181854-06191489742681286724-4/wms/?version=1.3.0","40.0227368419","-79.6800448544","2010","Fayette","sweeper_internal","","1","","1","other","100","","3","4","3","10","other","40","","","","","","","","","","","","","","","","","1","","1","other","100","","","","","","","",""
"40.89215688-79.51670376---2005","https://mapsengine.google.com/06136759344167181854-15960346301379896183-4/wms/?version=1.3.0","40.8921568815","-79.5167037625","2005","Armstrong","final_internal","","3","","3","other","100","","","1","","1","other","100","","","","","","","","","","3","","3","other","100","","","","","","","","","","","","","","",""
"39.81071007-79.96735941---2008","https://mapsengine.google.com/06136759344167181854-00219351362547715467-4/wms/?version=1.3.0","39.8107100725","-79.9673594052","2008","Greene","sweeper_internal","1","","","1","fracking","100","","7","1","2","10","fracking","70","","3","","","3","fracking","100","","","","","","","","","1","","","1","fracking","100","","","","","","","",""
"41.59017485-78.48688225---2008","https://mapsengine.google.com/06136759344167181854-00219351362547715467-4/wms/?version=1.3.0","41.590174848","-78.486882252","2008","Elk","first_internal","","3","","3","other","100","","","1","","1","other","100","","","3","","3","other","100","","","","","","","","","","","","","","","","","","","","","",""
"41.72409221-76.04948534---2005","https://mapsengine.google.com/06136759344167181854-15960346301379896183-4/wms/?version=1.3.0","41.7240922127","-76.0494853405","2005","Susquehanna","final_internal","","3","","3","other","100","","","1","","1","other","100","","","3","","3","other","100","","","3","","3","other","100","","","","","","","","","","","","","","",""
"41.7484276-75.95837998---2005","https://mapsengine.google.com/06136759344167181854-15960346301379896183-4/wms/?version=1.3.0","41.7484275995","-75.9583799803","2005","Susquehanna","final_internal","","3","","3","other","100","","1","","","1","fracking","100","","","3","","3","other","100","","","3","","3","other","100","","","","","","","","","","","","","","",""
"40.7868664-79.59649045---2008","https://mapsengine.google.com/06136759344167181854-00219351362547715467-4/wms/?version=1.3.0","40.7868663962","-79.5964904512","2008","Armstrong","first_internal","","3","","3","other","100","","","8","","8","other","100","","","3","","3","other","100","","","","","","","","","","","","","","","","","","","","","",""
"41.27426552-77.27445879---2005","https://mapsengine.google.com/06136759344167181854-15960346301379896183-4/wms/?version=1.3.0","41.2742655168","-77.2744587919","2005","Lycoming","final_internal","","3","","3","other","100","","","1","","1","other","100","","","","","","","","","","3","","3","other","100","","","","","","","","","","","","","","",""
"41.63462235-76.40502905---2010","https://mapsengine.google.com/06136759344167181854-06191489742681286724-4/wms/?version=1.3.0","41.6346223459","-76.4050290465","2010","Bradford","sweeper_internal","","1","","1","other","100","","7","1","4","12","fracking","58","","","","3","3","unknown","100","","","","","","","","","","1","","1","other","100","","","","","","","",""
"41.23997999-77.98479629---2010","https://mapsengine.google.com/06136759344167181854-06191489742681286724-4/wms/?version=1.3.0","41.2399799913","-77.9847962922","2010","Clinton","public","","13","","13","other","100","","","13","","13","other","100","","","","","","","","","","","","","","","","","","","","","","","","","","","","",""
"39.77838369-80.00881612---2008","https://mapsengine.google.com/06136759344167181854-00219351362547715467-4/wms/?version=1.3.0","39.7783836928","-80.0088161192","2008","Greene","sweeper_internal","","1","","1","other","100","","2","6","2","10","other","60","","","3","","3","other","100","","","","","","","","","","1","","1","other","100","","","","","","","",""
"41.98940809-77.01562371---2010","https://mapsengine.google.com/06136759344167181854-06191489742681286724-4/wms/?version=1.3.0","41.98940809","-77.0156237138","2010","Tioga","public","","11","","11","other","100","","","11","","11","other","100","","","","","","","","","","","","","","","","","","","","","","","","","","","","",""
"40.7533468-79.79420184---2010","https://mapsengine.google.com/06136759344167181854-06191489742681286724-4/wms/?version=1.3.0","40.7533467989","-79.7942018353","2010","Butler","public","","10","","10","other","100","","","10","","10","other","100","","","","","","","","","","","","","","","","","","","","","","","","","","","","",""
"41.79733593-76.02416368---2008","https://mapsengine.google.com/06136759344167181854-00219351362547715467-4/wms/?version=1.3.0","41.7973359268","-76.0241636785","2008","Susquehanna","final_internal","","3","","3","other","100","","","1","","1","other","100","","","3","","3","other","100","","","3","","3","other","100","","","","","","","","","","","","","","",""
"41.72735065-76.69325174---2005","https://mapsengine.google.com/06136759344167181854-15960346301379896183-4/wms/?version=1.3.0","41.7273506486","-76.693251744","2005","Bradford","final_internal","","3","","3","other","100","","1","","","1","fracking","100","","","3","","3","other","100","","","3","","3","other","100","","","","","","","","","","","","","","",""
"41.69700445-75.9087138---2008","https://mapsengine.google.com/06136759344167181854-00219351362547715467-4/wms/?version=1.3.0","41.697004454","-75.9087137958","2008","Susquehanna","final_internal","","3","","3","other","100","","","1","","1","other","100","","","3","","3","other","100","","","3","","3","other","100","","","","","","","","","","","","","","",""
"41.58728911-76.85761848---2008","https://mapsengine.google.com/06136759344167181854-00219351362547715467-4/wms/?version=1.3.0","41.5872891081","-76.8576184809","2008","Lycoming","final_internal","","4","","4","other","100","","","1","","1","other","100","","","","","","","","","","4","","4","other","100","","","","","","","","","","","","","","",""
"39.73334844-80.01364185---2008","https://mapsengine.google.com/06136759344167181854-00219351362547715467-4/wms/?version=1.3.0","39.7333484363","-80.013641847","2008","Greene","first_internal","3","","","3","fracking","100","","8","1","1","10","fracking","80","","3","","","3","fracking","100","","","","","","","","","","","","","","","","","","","","","",""
"40.13658221-80.26464371---2008","https://mapsengine.google.com/06136759344167181854-00219351362547715467-4/wms/?version=1.3.0","40.1365822135","-80.264643709","2008","Washington","first_internal","","3","","3","other","100","","","8","","8","other","100","","","3","","3","other","100","","","","","","","","","","","","","","","","","","","","","",""
"40.11922458-80.22274626---2005","https://mapsengine.google.com/06136759344167181854-15960346301379896183-4/wms/?version=1.3.0","40.1192245819","-80.2227462608","2005","Washington","final_internal","","3","","3","other","100","","","1","","1","other","100","","","","","","","","","","3","","3","other","100","","","","","","","","","","","","","","",""
"41.72041485-76.16415512---2010","https://mapsengine.google.com/06136759344167181854-06191489742681286724-4/wms/?version=1.3.0","41.72041485","-76.16415512","2010","Bradford","first_internal","","3","","3","other","100","","","10","","10","other","100","","","3","","3","other","100","","","","","","","","","","","","","","","","","","","","","",""
"41.5974941-75.56403265---2008","https://mapsengine.google.com/06136759344167181854-00219351362547715467-4/wms/?version=1.3.0","41.597494101","-75.5640326475","2008","Lackawanna","final_internal","","3","","3","other","100","","","1","","1","other","100","","","3","","3","other","100","","","3","","3","other","100","","","","","","","","","","","","","","",""
"40.84413505-79.83238185---2010","https://mapsengine.google.com/06136759344167181854-06191489742681286724-4/wms/?version=1.3.0","40.844135048","-79.832381848","2010","Butler","public","","12","1","13","other","92","","","12","1","13","other","92","","","","","","","","","","","","","","","","","","","","","","","","","","","","",""
"41.30053346-76.6017934---2005","https://mapsengine.google.com/06136759344167181854-15960346301379896183-4/wms/?version=1.3.0","41.3005334602","-76.6017934017","2005","Lycoming","missing_internal","","1","","1","other","100","","","","","","fracking|unknown|other","","","","","","","","","","","","","","","","","","","","","","","","","1","","1","other","100",""
"40.28765628-80.21623035---2010","https://mapsengine.google.com/06136759344167181854-06191489742681286724-4/wms/?version=1.3.0","40.287656281","-80.2162303548","2010","Washington","public","10","","","10","fracking","100","","10","","","10","fracking","100","","","","","","","","","","","","","","","","","","","","","","","","","","","","",""
"41.76327378-76.81706482---2010","https://mapsengine.google.com/06136759344167181854-06191489742681286724-4/wms/?version=1.3.0","41.76327378","-76.81706482","2010","Bradford","first_internal","","3","","3","other","100","","","12","","12","other","100","","","3","","3","other","100","","","","","","","","","","","","","","","","","","","","","",""
"41.77641141-78.14053683---2010","https://mapsengine.google.com/06136759344167181854-06191489742681286724-4/wms/?version=1.3.0","41.7764114058","-78.140536833","2010","Potter","public","","10","","10","other","100","","","10","","10","other","100","","","","","","","","","","","","","","","","","","","","","","","","","","","","",""
"39.94537212-79.97367552---2010","https://mapsengine.google.com/06136759344167181854-06191489742681286724-4/wms/?version=1.3.0","39.9453721155","-79.973675515","2010","Greene","sweeper_internal","","1","","1","other","100","","4","6","","10","other","60","","","","","","","","","","","","","","","","","1","","1","other","100","","","","","","","",""
"40.63070004-79.37055529---2008","https://mapsengine.google.com/06136759344167181854-00219351362547715467-4/wms/?version=1.3.0","40.6307000442","-79.3705552912","2008","Armstrong","first_internal","3","","","3","fracking","100","","5","","1","6","fracking","83","","3","","","3","fracking","100","","","","","","","","","","","","","","","","","","","","","",""
"41.85904583-76.88120829---2005","https://mapsengine.google.com/06136759344167181854-15960346301379896183-4/wms/?version=1.3.0","41.8590458267","-76.8812082923","2005","Bradford","final_internal","","3","","3","other","100","","","1","","1","other","100","","","3","","3","other","100","","","3","","3","other","100","","","","","","","","","","","","","","",""
"41.72468178-75.94697309---2008","https://mapsengine.google.com/06136759344167181854-00219351362547715467-4/wms/?version=1.3.0","41.7246817774","-75.9469730853","2008","Susquehanna","final_internal","","3","","3","other","100","","","1","","1","other","100","","","3","","3","other","100","","","3","","3","other","100","","","","","","","","","","","","","","",""
"40.24708799-79.74422552---2008","https://mapsengine.google.com/06136759344167181854-00219351362547715467-4/wms/?version=1.3.0","40.2470879851","-79.7442255238","2008","Westmoreland","first_internal","3","","","3","fracking","100","","1","","","1","fracking","100","","3","","","3","fracking","100","","","","","","","","","","","","","","","","","","","","","",""
"40.88618531-79.98513459---2010","https://mapsengine.google.com/06136759344167181854-06191489742681286724-4/wms/?version=1.3.0","40.8861853082","-79.985134589","2010","Butler","public","","15","","15","other","100","","","15","","15","other","100","","","","","","","","","","","","","","","","","","","","","","","","","","","","",""
"40.95585331-79.95126793---2010","https://mapsengine.google.com/06136759344167181854-06191489742681286724-4/wms/?version=1.3.0","40.9558533118","-79.9512679279","2010","Butler","public","","15","","15","other","100","","","15","","15","other","100","","","","","","","","","","","","","","","","","","","","","","","","","","","","",""
"41.37676808-77.13518701---2010","https://mapsengine.google.com/06136759344167181854-06191489742681286724-4/wms/?version=1.3.0","41.3767680785","-77.1351870091","2010","Lycoming","public","9","","1","10","fracking","90","","9","","1","10","fracking","90","","","","","","","","","","","","","","","","","","","","","","","","","","","","",""
"40.15827286-79.34260032---2005","https://mapsengine.google.com/06136759344167181854-15960346301379896183-4/wms/?version=1.3.0","40.1582728641","-79.3426003205","2005","Westmoreland","final_internal","","3","","3","other","100","","","1","","1","other","100","","","","","","","","","","3","","3","other","100","","","","","","","","","","","","","","",""
"41.70471909-76.44822192---2008","https://mapsengine.google.com/06136759344167181854-00219351362547715467-4/wms/?version=1.3.0","41.7047190895","-76.4482219233","2008","Bradford","final_internal","","3","","3","other","100","","","1","","1","other","100","","","2","1","3","other","66","","","3","","3","other","100","","","","","","","","","","","","","","",""
"40.80075038-80.04499743---2010","https://mapsengine.google.com/06136759344167181854-06191489742681286724-4/wms/?version=1.3.0","40.8007503832","-80.0449974327","2010","Butler","sweeper_internal","","1","","1","other","100","","6","2","12","20","unknown","60","","","","","","","","","","","","","","","","","1","","1","other","100","","","","","","","",""
"41.00212714-78.85261904---2010","https://mapsengine.google.com/06136759344167181854-06191489742681286724-4/wms/?version=1.3.0","41.0021271414","-78.852619035","2010","Jefferson","public","","10","","10","other","100","","","10","","10","other","100","","","","","","","","","","","","","","","","","","","","","","","","","","","","",""
"41.80803803-76.93587739---2005","https://mapsengine.google.com/06136759344167181854-15960346301379896183-4/wms/?version=1.3.0","41.808038026","-76.935877386","2005","Tioga","missing_internal","","1","","1","other","100","","","","","","fracking|unknown|other","","","","","","","","","","","","","","","","","","","","","","","","","1","","1","other","100",""
"41.73544835-75.89620543---2010","https://mapsengine.google.com/06136759344167181854-06191489742681286724-4/wms/?version=1.3.0","41.73544835","-75.89620543","2010","Susquehanna","first_internal","","3","","3","other","100","","","9","1","10","other","90","","","3","","3","other","100","","","","","","","","","","","","","","","","","","","","","",""
"40.49219376-79.58361634---2005","https://mapsengine.google.com/06136759344167181854-15960346301379896183-4/wms/?version=1.3.0","40.4921937556","-79.5836163433","2005","Westmoreland","final_internal","","3","","3","other","100","","","1","","1","other","100","","","","","","","","","","3","","3","other","100","","","","","","","","","","","","","","",""
"40.22860666-80.27409652---2008","https://mapsengine.google.com/06136759344167181854-00219351362547715467-4/wms/?version=1.3.0","40.2286066601","-80.2740965157","2008","Washington","first_internal","","3","","3","other","100","","","7","1","8","other","87","","","3","","3","other","100","","","","","","","","","","","","","","","","","","","","","",""
"39.83569478-79.53877371---2005","https://mapsengine.google.com/06136759344167181854-15960346301379896183-4/wms/?version=1.3.0","39.8356947787","-79.5387737127","2005","Fayette","final_internal","","3","","3","other","100","","","1","","1","other","100","","","","","","","","","","3","","3","other","100","","","","","","","","","","","","","","",""
"39.74037028-80.01292508---2010","https://mapsengine.google.com/06136759344167181854-06191489742681286724-4/wms/?version=1.3.0","39.7403702802","-80.0129250811","2010","Greene","public","","10","","10","other","100","","","10","","10","other","100","","","","","","","","","","","","","","","","","","","","","","","","","","","","",""
"41.92641101-75.8730008---2008","https://mapsengine.google.com/06136759344167181854-00219351362547715467-4/wms/?version=1.3.0","41.9264110097","-75.8730007953","2008","Susquehanna","final_internal","","3","","3","other","100","","","1","","1","other","100","","","3","","3","other","100","","","3","","3","other","100","","","","","","","","","","","","","","",""
"41.70529535-75.65568571---2010","https://mapsengine.google.com/06136759344167181854-06191489742681286724-4/wms/?version=1.3.0","41.70529535","-75.65568571","2010","Susquehanna","first_internal","","3","","3","other","100","","","11","","11","other","100","","","3","","3","other","100","","","","","","","","","","","","","","","","","","","","","",""
"41.64598848-76.39235157---2010","https://mapsengine.google.com/06136759344167181854-06191489742681286724-4/wms/?version=1.3.0","41.64598848","-76.39235157","2010","Bradford","first_internal","2","1","","3","fracking","66","","8","2","","10","fracking","80","","2","1","","3","fracking","66","","","","","","","","","","","","","","","","","","","","","",""
"39.9206946-79.99894827---2008","https://mapsengine.google.com/06136759344167181854-00219351362547715467-4/wms/?version=1.3.0","39.9206945951","-79.9989482741","2008","Greene","first_internal","","3","","3","other","100","","","9","1","10","other","90","","","3","","3","other","100","","","","","","","","","","","","","","","","","","","","","",""
"41.83250268-75.7858464---2010","https://mapsengine.google.com/06136759344167181854-06191489742681286724-4/wms/?version=1.3.0","41.83250268","-75.7858464","2010","Susquehanna","first_internal","","3","","3","other","100","","","10","","10","other","100","","","3","","3","other","100","","","","","","","","","","","","","","","","","","","","","",""
"40.49196864-79.58557746---2010","https://mapsengine.google.com/06136759344167181854-06191489742681286724-4/wms/?version=1.3.0","40.4919686446","-79.5855774581","2010","Westmoreland","public","","10","","10","other","100","","","10","","10","other","100","","","","","","","","","","","","","","","","","","","","","","","","","","","","",""
"39.98980519-80.27688901---2005","https://mapsengine.google.com/06136759344167181854-15960346301379896183-4/wms/?version=1.3.0","39.9898051931","-80.276889007","2005","Greene","final_internal","","3","","3","other","100","","","1","","1","other","100","","","","","","","","","","3","","3","other","100","","","","","","","","","","","","","","",""
"41.76445973-76.50004476---2008","https://mapsengine.google.com/06136759344167181854-00219351362547715467-4/wms/?version=1.3.0","41.7644597288","-76.500044765","2008","Bradford","final_internal","","3","","3","other","100","","","1","","1","other","100","","","","","","","","","","3","","3","other","100","","","","","","","","","","","","","","",""
"41.07371959-78.00994777---2005","https://mapsengine.google.com/06136759344167181854-15960346301379896183-4/wms/?version=1.3.0","41.0737195858","-78.0099477721","2005","Centre","missing_internal","","1","","1","other","100","","","","","","fracking|unknown|other","","","","","","","","","","","","","","","","","","","","","","","","","1","","1","other","100",""
"41.693648-75.91475697---2010","https://mapsengine.google.com/06136759344167181854-06191489742681286724-4/wms/?version=1.3.0","41.693648","-75.91475697","2010","Susquehanna","first_internal","","3","","3","other","100","","","10","","10","other","100","","","3","","3","other","100","","","","","","","","","","","","","","","","","","","","","",""
"41.73699735-75.88771082---2005","https://mapsengine.google.com/06136759344167181854-15960346301379896183-4/wms/?version=1.3.0","41.736997354","-75.8877108245","2005","Susquehanna","final_internal","","3","","3","other","100","","","1","","1","other","100","","","3","","3","other","100","","","3","","3","other","100","","","","","","","","","","","","","","",""
"41.75045944-77.34219179---2010","https://mapsengine.google.com/06136759344167181854-06191489742681286724-4/wms/?version=1.3.0","41.7504594444","-77.3421917867","2010","Tioga","public","","11","","11","other","100","","","11","","11","other","100","","","","","","","","","","","","","","","","","","","","","","","","","","","","",""
"39.99992686-80.27813838---2008","https://mapsengine.google.com/06136759344167181854-00219351362547715467-4/wms/?version=1.3.0","39.9999268623","-80.2781383825","2008","Greene","sweeper_internal","","1","","1","other","100","","5","3","2","10","fracking","50","","1","","2","3","unknown","66","","","","","","","","","","1","","1","other","100","","","","","","","",""
"41.89149017-75.40839838---2005","https://mapsengine.google.com/06136759344167181854-15960346301379896183-4/wms/?version=1.3.0","41.8914901694","-75.4083983787","2005","Wayne","missing_internal","","1","","1","other","100","","","","","","fracking|unknown|other","","","","3","","3","other","100","","","","","","","","","","","","","","","","","1","","1","other","100",""
"41.6273464-76.83172122---2005","https://mapsengine.google.com/06136759344167181854-15960346301379896183-4/wms/?version=1.3.0","41.6273464011","-76.8317212225","2005","Bradford","final_internal","","3","","3","other","100","","","1","","1","other","100","","","3","","3","other","100","","","3","","3","other","100","","","","","","","","","","","","","","",""
"41.74483099-76.77316752---2008","https://mapsengine.google.com/06136759344167181854-00219351362547715467-4/wms/?version=1.3.0","41.7448309903","-76.7731675248","2008","Bradford","final_internal","","3","","3","other","100","","","1","","1","other","100","","","3","","3","other","100","","","3","","3","other","100","","","","","","","","","","","","","","",""
"41.6895531-76.09222681---2010","https://mapsengine.google.com/06136759344167181854-06191489742681286724-4/wms/?version=1.3.0","41.6895531","-76.09222681","2010","Susquehanna","first_internal","","4","","4","other","100","","","10","","10","other","100","","","4","","4","other","100","","","","","","","","","","","","","","","","","","","","","",""
"41.52113638-76.34588228---2005","https://mapsengine.google.com/06136759344167181854-15960346301379896183-4/wms/?version=1.3.0","41.5211363789","-76.3458822778","2005","Sullivan","final_internal","","3","","3","other","100","","","","1","1","unknown","100","","","3","","3","other","100","","","3","","3","other","100","","","","","","","","","","","","","","",""
"41.71804525-76.8039684---2005","https://mapsengine.google.com/06136759344167181854-15960346301379896183-4/wms/?version=1.3.0","41.7180452492","-76.8039683974","2005","Bradford","final_internal","","3","","3","other","100","","1","","","1","fracking","100","","","3","","3","other","100","","","3","","3","other","100","","","","","","","","","","","","","","",""
"41.6296516-76.42255356---2005","https://mapsengine.google.com/06136759344167181854-15960346301379896183-4/wms/?version=1.3.0","41.6296516048","-76.4225535603","2005","Bradford","final_internal","","3","","3","other","100","","","1","","1","other","100","","","3","","3","other","100","","","3","","3","other","100","","","","","","","","","","","","","","",""
"39.89806099-80.30322677---2008","https://mapsengine.google.com/06136759344167181854-00219351362547715467-4/wms/?version=1.3.0","39.8980609917","-80.3032267724","2008","Greene","sweeper_internal","1","","","1","fracking","100","","1","6","3","10","other","60","","","3","","3","other","100","","","","","","","","","1","","","1","fracking","100","","","","","","","",""
"41.72444769-75.88228998---2008","https://mapsengine.google.com/06136759344167181854-00219351362547715467-4/wms/?version=1.3.0","41.724447691","-75.882289977","2008","Susquehanna","final_internal","","3","","3","other","100","","","1","","1","other","100","","","3","","3","other","100","","","3","","3","other","100","","","","","","","","","","","","","","",""
"39.91865727-80.00136667---2008","https://mapsengine.google.com/06136759344167181854-00219351362547715467-4/wms/?version=1.3.0","39.9186572659","-80.0013666716","2008","Greene","sweeper_internal","","1","","1","other","100","","2","7","1","10","other","70","","","3","","3","other","100","","","","","","","","","","1","","1","other","100","","","","","","","",""
"41.98886329-76.98512842---2010","https://mapsengine.google.com/06136759344167181854-06191489742681286724-4/wms/?version=1.3.0","41.9888632862","-76.9851284185","2010","Tioga","sweeper_internal","1","","","1","fracking","100","","3","4","3","10","other","40","","","","","","","","","","","","","","","","1","","","1","fracking","100","","","","","","","",""
"41.73648718-75.95449185---2005","https://mapsengine.google.com/06136759344167181854-15960346301379896183-4/wms/?version=1.3.0","41.7364871844","-75.954491852","2005","Susquehanna","final_internal","","3","","3","other","100","","","1","","1","other","100","","","3","","3","other","100","","","3","","3","other","100","","","","","","","","","","","","","","",""
"41.79726519-77.23585282---2005","https://mapsengine.google.com/06136759344167181854-15960346301379896183-4/wms/?version=1.3.0","41.797265194","-77.2358528226","2005","Tioga","missing_internal","","1","","1","other","100","","","","","","fracking|unknown|other","","","","","","","","","","","","","","","","","","","","","","","","","1","","1","other","100",""
"41.70137978-75.89157898---2005","https://mapsengine.google.com/06136759344167181854-15960346301379896183-4/wms/?version=1.3.0","41.7013797778","-75.8915789788","2005","Susquehanna","final_internal","","3","","3","other","100","","","1","","1","other","100","","","3","","3","other","100","","","3","","3","other","100","","","","","","","","","","","","","","",""
"41.67640141-76.77720619---2008","https://mapsengine.google.com/06136759344167181854-00219351362547715467-4/wms/?version=1.3.0","41.6764014123","-76.7772061945","2008","Bradford","final_internal","","3","","3","other","100","","","1","","1","other","100","","","3","","3","other","100","","","3","","3","other","100","","","","","","","","","","","","","","",""
"41.90216233-75.96261398---2005","https://mapsengine.google.com/06136759344167181854-15960346301379896183-4/wms/?version=1.3.0","41.9021623319","-75.9626139792","2005","Susquehanna","final_internal","","3","","3","other","100","","","1","","1","other","100","","","3","","3","other","100","","","3","","3","other","100","","","","","","","","","","","","","","",""
"41.78098812-76.30607579---2005","https://mapsengine.google.com/06136759344167181854-15960346301379896183-4/wms/?version=1.3.0","41.7809881193","-76.3060757878","2005","Bradford","final_internal","","3","","3","other","100","","","1","","1","other","100","","","3","","3","other","100","","","3","","3","other","100","","","","","","","","","","","","","","",""
"41.69812078-75.8955155---2010","https://mapsengine.google.com/06136759344167181854-06191489742681286724-4/wms/?version=1.3.0","41.69812078","-75.8955155","2010","Susquehanna","first_internal","","3","","3","other","100","","","11","","11","other","100","","","3","","3","other","100","","","","","","","","","","","","","","","","","","","","","",""
"41.74608555-76.83758063---2008","https://mapsengine.google.com/06136759344167181854-00219351362547715467-4/wms/?version=1.3.0","41.7460855454","-76.8375806339","2008","Bradford","final_internal","","3","","3","other","100","","","1","","1","other","100","","","3","","3","other","100","","","3","","3","other","100","","","","","","","","","","","","","","",""
"39.97309569-80.07517393---2005","https://mapsengine.google.com/06136759344167181854-15960346301379896183-4/wms/?version=1.3.0","39.9730956858","-80.07517393","2005","Greene","final_internal","","3","","3","other","100","","","1","","1","other","100","","","","","","","","","","3","","3","other","100","","","","","","","","","","","","","","",""
"41.74570467-75.90429519---2008","https://mapsengine.google.com/06136759344167181854-00219351362547715467-4/wms/?version=1.3.0","41.7457046691","-75.9042951913","2008","Susquehanna","final_internal","","3","","3","other","100","","","1","","1","other","100","","","3","","3","other","100","","","3","","3","other","100","","","","","","","","","","","","","","",""
"41.92663162-77.04656836---2010","https://mapsengine.google.com/06136759344167181854-06191489742681286724-4/wms/?version=1.3.0","41.9266316167","-77.0465683573","2010","Tioga","public","","9","2","11","other","81","","","9","2","11","other","81","","","","","","","","","","","","","","","","","","","","","","","","","","","","",""
"39.99358267-80.28882639---2010","https://mapsengine.google.com/06136759344167181854-06191489742681286724-4/wms/?version=1.3.0","39.9935826717","-80.2888263948","2010","Greene","public","10","","","10","fracking","100","","10","","","10","fracking","100","","","","","","","","","","","","","","","","","","","","","","","","","","","","",""
"40.17753248-80.05944421---2008","https://mapsengine.google.com/06136759344167181854-00219351362547715467-4/wms/?version=1.3.0","40.1775324815","-80.0594442087","2008","Washington","first_internal","","2","1","3","other","66","","3","4","1","8","other","50","","","2","1","3","other","66","","","","","","","","","","","","","","","","","","","","","",""
"41.54761484-76.43313381---2005","https://mapsengine.google.com/06136759344167181854-15960346301379896183-4/wms/?version=1.3.0","41.5476148389","-76.433133807","2005","Sullivan","final_internal","","3","","3","other","100","","","1","","1","other","100","","","3","","3","other","100","","","3","","3","other","100","","","","","","","","","","","","","","",""
"41.78653862-77.11116845---2010","https://mapsengine.google.com/06136759344167181854-06191489742681286724-4/wms/?version=1.3.0","41.7865386201","-77.1111684539","2010","Tioga","public","","13","","13","other","100","","","13","","13","other","100","","","","","","","","","","","","","","","","","","","","","","","","","","","","",""
"40.80675114-79.65651643---2005","https://mapsengine.google.com/06136759344167181854-15960346301379896183-4/wms/?version=1.3.0","40.8067511429","-79.6565164303","2005","Armstrong","final_internal","","3","","3","other","100","","","1","","1","other","100","","","","","","","","","","3","","3","other","100","","","","","","","","","","","","","","",""
"41.68235624-76.96556622---2010","https://mapsengine.google.com/06136759344167181854-06191489742681286724-4/wms/?version=1.3.0","41.6823562372","-76.9655662214","2010","Tioga","sweeper_internal","","1","","1","other","100","","","8","3","11","other","72","","","","","","","","","","","","","","","","","1","","1","other","100","","","","","","","",""
"40.79094816-79.98980052---2005","https://mapsengine.google.com/06136759344167181854-15960346301379896183-4/wms/?version=1.3.0","40.7909481581","-79.9898005177","2005","Butler","final_internal","","3","","3","other","100","","","1","","1","other","100","","","","","","","","","","3","","3","other","100","","","","","","","","","","","","","","",""
"41.37904984-77.17109829---2010","https://mapsengine.google.com/06136759344167181854-06191489742681286724-4/wms/?version=1.3.0","41.3790498409","-77.1710982855","2010","Lycoming","public","","12","","12","other","100","","","12","","12","other","100","","","","","","","","","","","","","","","","","","","","","","","","","","","","",""
"41.76568568-76.0751737---2010","https://mapsengine.google.com/06136759344167181854-06191489742681286724-4/wms/?version=1.3.0","41.76568568","-76.0751737","2010","Susquehanna","first_internal","","3","","3","other","100","","","9","1","10","other","90","","","3","","3","other","100","","","","","","","","","","","","","","","","","","","","","",""
"41.41675463-78.269672---2005","https://mapsengine.google.com/06136759344167181854-15960346301379896183-4/wms/?version=1.3.0","41.4167546268","-78.2696719991","2005","Cameron","final_internal","1","2","","3","other","66","","","1","","1","other","100","","","","","","","","","1","2","","3","other","66","","","","","","","","","","","","","","",""
"40.26706688-80.35696667---2005","https://mapsengine.google.com/06136759344167181854-15960346301379896183-4/wms/?version=1.3.0","40.2670668809","-80.356966666","2005","Washington","final_internal","1","2","","3","other","66","","","","1","1","unknown","100","","","","","","","","","1","2","","3","other","66","","","","","","","","","","","","","","",""
"41.72451758-76.15640439---2005","https://mapsengine.google.com/06136759344167181854-15960346301379896183-4/wms/?version=1.3.0","41.7245175839","-76.1564043891","2005","Bradford","final_internal","","3","","3","other","100","","","1","","1","other","100","","","3","","3","other","100","","","3","","3","other","100","","","","","","","","","","","","","","",""
"41.92016932-75.81577904---2008","https://mapsengine.google.com/06136759344167181854-00219351362547715467-4/wms/?version=1.3.0","41.9201693236","-75.8157790424","2008","Susquehanna","final_internal","","3","","3","other","100","","","1","","1","other","100","","","3","","3","other","100","","","3","","3","other","100","","","","","","","","","","","","","","",""
"40.704402-79.40924889---2010","https://mapsengine.google.com/06136759344167181854-06191489742681286724-4/wms/?version=1.3.0","40.7044020009","-79.4092488852","2010","Armstrong","public","9","","1","10","fracking","90","","9","","1","10","fracking","90","","","","","","","","","","","","","","","","","","","","","","","","","","","","",""
"39.82247601-79.95395614---2008","https://mapsengine.google.com/06136759344167181854-00219351362547715467-4/wms/?version=1.3.0","39.8224760077","-79.9539561448","2008","Greene","first_internal","3","","","3","fracking","100","","8","","2","10","fracking","80","","3","","","3","fracking","100","","","","","","","","","","","","","","","","","","","","","",""
"41.6854243-75.97099942---2008","https://mapsengine.google.com/06136759344167181854-00219351362547715467-4/wms/?version=1.3.0","41.6854243034","-75.970999415","2008","Susquehanna","final_internal","","3","","3","other","100","","","1","","1","other","100","","","3","","3","other","100","","","3","","3","other","100","","","","","","","","","","","","","","",""
"40.83000943-79.15353845---2005","https://mapsengine.google.com/06136759344167181854-15960346301379896183-4/wms/?version=1.3.0","40.8300094311","-79.1535384527","2005","Indiana","final_internal","","3","","3","other","100","","","1","","1","other","100","","","","","","","","","","3","","3","other","100","","","","","","","","","","","","","","",""
"41.68109308-76.05734104---2005","https://mapsengine.google.com/06136759344167181854-15960346301379896183-4/wms/?version=1.3.0","41.6810930834","-76.0573410388","2005","Susquehanna","final_internal","","3","","3","other","100","","","1","","1","other","100","","","3","","3","other","100","","","3","","3","other","100","","","","","","","","","","","","","","",""
"41.77356498-75.96934512---2010","https://mapsengine.google.com/06136759344167181854-06191489742681286724-4/wms/?version=1.3.0","41.77356498","-75.96934512","2010","Susquehanna","first_internal","","3","","3","other","100","","","11","","11","other","100","","","3","","3","other","100","","","","","","","","","","","","","","","","","","","","","",""
"40.27167813-80.26521179---2005","https://mapsengine.google.com/06136759344167181854-15960346301379896183-4/wms/?version=1.3.0","40.2716781343","-80.2652117879","2005","Washington","final_internal","","3","","3","other","100","","","1","","1","other","100","","","","","","","","","","3","","3","other","100","","","","","","","","","","","","","","",""
"41.72077314-75.87831466---2008","https://mapsengine.google.com/06136759344167181854-00219351362547715467-4/wms/?version=1.3.0","41.7207731399","-75.8783146569","2008","Susquehanna","final_internal","","3","","3","other","100","","","1","","1","other","100","","","3","","3","other","100","","","3","","3","other","100","","","","","","","","","","","","","","",""
"40.01357109-79.72489767---2010","https://mapsengine.google.com/06136759344167181854-06191489742681286724-4/wms/?version=1.3.0","40.0135710931","-79.7248976654","2010","Fayette","public","1","8","1","10","other","80","","1","8","1","10","other","80","","","","","","","","","","","","","","","","","","","","","","","","","","","","",""
"39.7168514-79.96470295---2005","https://mapsengine.google.com/06136759344167181854-15960346301379896183-4/wms/?version=1.3.0","39.7168514013","-79.964702951","2005","Greene","final_internal","","3","","3","other","100","","","1","","1","other","100","","","","","","","","","","3","","3","other","100","","","","","","","","","","","","","","",""
"41.64249374-76.37027553---2005","https://mapsengine.google.com/06136759344167181854-15960346301379896183-4/wms/?version=1.3.0","41.6424937426","-76.3702755287","2005","Bradford","final_internal","","3","","3","other","100","","","1","","1","other","100","","","3","","3","other","100","","","3","","3","other","100","","","","","","","","","","","","","","",""
"41.30006517-76.61302976---2010","https://mapsengine.google.com/06136759344167181854-06191489742681286724-4/wms/?version=1.3.0","41.3000651735","-76.6130297589","2010","Lycoming","public","","10","","10","other","100","","","10","","10","other","100","","","","","","","","","","","","","","","","","","","","","","","","","","","","",""
"41.64551982-76.34584656---2010","https://mapsengine.google.com/06136759344167181854-06191489742681286724-4/wms/?version=1.3.0","41.64551982","-76.34584656","2010","Bradford","first_internal","","3","","3","other","100","","","10","","10","other","100","","","3","","3","other","100","","","","","","","","","","","","","","","","","","","","","",""
"41.74445978-76.64459477---2005","https://mapsengine.google.com/06136759344167181854-15960346301379896183-4/wms/?version=1.3.0","41.7444597761","-76.6445947716","2005","Bradford","final_internal","","3","","3","other","100","","","1","","1","other","100","","","3","","3","other","100","","","3","","3","other","100","","","","","","","","","","","","","","",""
"41.71334368-77.3497572---2005","https://mapsengine.google.com/06136759344167181854-15960346301379896183-4/wms/?version=1.3.0","41.7133436758","-77.349757199","2005","Tioga","missing_internal","","1","","1","other","100","","","","","","fracking|unknown|other","","","","","","","","","","","","","","","","","","","","","","","","","1","","1","other","100",""
"41.71417085-76.98695807---2010","https://mapsengine.google.com/06136759344167181854-06191489742681286724-4/wms/?version=1.3.0","41.7141708534","-76.9869580675","2010","Tioga","sweeper_internal","","1","","1","other","100","","1","6","4","11","other","54","","","","","","","","","","","","","","","","","1","","1","other","100","","","","","","","",""
"41.76099182-76.68048071---2010","https://mapsengine.google.com/06136759344167181854-06191489742681286724-4/wms/?version=1.3.0","41.76099182","-76.68048071","2010","Bradford","first_internal","","3","","3","other","100","","1","8","1","10","other","80","","","3","","3","other","100","","","","","","","","","","","","","","","","","","","","","",""
"40.75763891-79.77634367---2010","https://mapsengine.google.com/06136759344167181854-06191489742681286724-4/wms/?version=1.3.0","40.7576389075","-79.7763436708","2010","Butler","sweeper_internal","","1","","1","other","100","","","11","3","14","other","78","","","","","","","","","","","","","","","","","1","","1","other","100","","","","","","","",""
"41.67980865-78.49865383---2010","https://mapsengine.google.com/06136759344167181854-06191489742681286724-4/wms/?version=1.3.0","41.6798086525","-78.4986538289","2010","McKean","sweeper_internal","","1","","1","other","100","","3","7","","10","other","70","","","","","","","","","","","","","","","","","1","","1","other","100","","","","","","","",""
"41.69743076-75.96407166---2008","https://mapsengine.google.com/06136759344167181854-00219351362547715467-4/wms/?version=1.3.0","41.6974307593","-75.9640716598","2008","Susquehanna","final_internal","","3","","3","other","100","","","1","","1","other","100","","","3","","3","other","100","","","3","","3","other","100","","","","","","","","","","","","","","",""
"41.11829982-78.05687096---2010","https://mapsengine.google.com/06136759344167181854-06191489742681286724-4/wms/?version=1.3.0","41.1182998209","-78.0568709623","2010","Centre","public","","10","","10","other","100","","","10","","10","other","100","","","","","","","","","","","","","","","","","","","","","","","","","","","","",""
"39.92040024-79.86963028---2005","https://mapsengine.google.com/06136759344167181854-15960346301379896183-4/wms/?version=1.3.0","39.9204002411","-79.8696302813","2005","Fayette","final_internal","1","2","","3","other","66","","","1","","1","other","100","","","","","","","","","1","2","","3","other","66","","","","","","","","","","","","","","",""
"40.80317458-80.06567948---2010","https://mapsengine.google.com/06136759344167181854-06191489742681286724-4/wms/?version=1.3.0","40.8031745807","-80.0656794787","2010","Butler","public","27","","3","30","fracking","90","","27","","3","30","fracking","90","","","","","","","","","","","","","","","","","","","","","","","","","","","","",""
"41.45587937-76.91881727---2008","https://mapsengine.google.com/06136759344167181854-00219351362547715467-4/wms/?version=1.3.0","41.4558793691","-76.9188172712","2008","Lycoming","final_internal","","4","","4","other","100","","","1","","1","other","100","","","","","","","","","","4","","4","other","100","","","","","","","","","","","","","","",""
"41.68532918-76.34639627---2008","https://mapsengine.google.com/06136759344167181854-00219351362547715467-4/wms/?version=1.3.0","41.6853291825","-76.3463962701","2008","Bradford","final_internal","","3","","3","other","100","","","1","","1","other","100","","","3","","3","other","100","","","3","","3","other","100","","","","","","","","","","","","","","",""
"39.90854035-80.30840795---2010","https://mapsengine.google.com/06136759344167181854-06191489742681286724-4/wms/?version=1.3.0","39.9085403477","-80.3084079491","2010","Greene","sweeper_internal","","1","","1","other","100","","3","4","3","10","other","40","","","","","","","","","","","","","","","","","1","","1","other","100","","","","","","","",""
"39.88588925-80.00765205---2010","https://mapsengine.google.com/06136759344167181854-06191489742681286724-4/wms/?version=1.3.0","39.8858892466","-80.0076520515","2010","Greene","sweeper_internal","","1","","1","other","100","","3","4","3","10","other","40","","","","","","","","","","","","","","","","","1","","1","other","100","","","","","","","",""
"41.77334047-76.85319779---2005","https://mapsengine.google.com/06136759344167181854-15960346301379896183-4/wms/?version=1.3.0","41.7733404746","-76.8531977941","2005","Bradford","final_internal","","3","","3","other","100","","","1","","1","other","100","","","3","","3","other","100","","","3","","3","other","100","","","","","","","","","","","","","","",""
"41.71767746-77.34587881---2005","https://mapsengine.google.com/06136759344167181854-15960346301379896183-4/wms/?version=1.3.0","41.7176774552","-77.3458788111","2005","Tioga","final_internal","","4","","4","other","100","","","1","","1","other","100","","","","","","","","","","4","","4","other","100","","","","","","","","","","","","","","",""
"41.56354189-77.0732708---2008","https://mapsengine.google.com/06136759344167181854-00219351362547715467-4/wms/?version=1.3.0","41.563541887","-77.0732707976","2008","Tioga","final_internal","","3","","3","other","100","","","1","","1","other","100","","","","","","","","","","3","","3","other","100","","","","","","","","","","","","","","",""
"41.70224174-75.95680116---2010","https://mapsengine.google.com/06136759344167181854-06191489742681286724-4/wms/?version=1.3.0","41.70224174","-75.95680116","2010","Susquehanna","first_internal","","3","","3","other","100","","1","9","","10","other","90","","","3","","3","other","100","","","","","","","","","","","","","","","","","","","","","",""
"40.01221541-80.07258381---2005","https://mapsengine.google.com/06136759344167181854-15960346301379896183-4/wms/?version=1.3.0","40.0122154119","-80.0725838108","2005","Washington","final_internal","","3","","3","other","100","","","1","","1","other","100","","","","","","","","","","3","","3","other","100","","","","","","","","","","","","","","",""
"40.06422103-80.20318523---2010","https://mapsengine.google.com/06136759344167181854-06191489742681286724-4/wms/?version=1.3.0","40.0642210319","-80.2031852335","2010","Washington","sweeper_internal","","1","","1","other","100","","5","1","4","10","fracking","50","","","","","","","","","","","","","","","","","1","","1","other","100","","","","","","","",""
"41.85849526-76.71063453---2010","https://mapsengine.google.com/06136759344167181854-06191489742681286724-4/wms/?version=1.3.0","41.8584952636","-76.7106345282","2010","Bradford","sweeper_internal","","1","","1","other","100","","4","4","2","10","fracking|other","","40|40","","3","","3","other","100","","","","","","","","","","1","","1","other","100","","","","","","","",""
"41.45993441-76.40323633---2010","https://mapsengine.google.com/06136759344167181854-06191489742681286724-4/wms/?version=1.3.0","41.45993441","-76.40323633","2010","Sullivan","first_internal","","3","","3","other","100","","","10","","10","other","100","","","3","","3","other","100","","","","","","","","","","","","","","","","","","","","","",""
"40.51454968-79.18788159---2008","https://mapsengine.google.com/06136759344167181854-00219351362547715467-4/wms/?version=1.3.0","40.5145496784","-79.18788159","2008","Indiana","first_internal","","2","1","3","other","66","","1","","","1","fracking","100","","","2","1","3","other","66","","","","","","","","","","","","","","","","","","","","","",""
"39.80181571-79.52640595---2008","https://mapsengine.google.com/06136759344167181854-00219351362547715467-4/wms/?version=1.3.0","39.8018157147","-79.5264059467","2008","Fayette","first_internal","","3","","3","other","100","","1","8","1","10","other","80","","","3","","3","other","100","","","","","","","","","","","","","","","","","","","","","",""
"40.79194727-79.99526679---2010","https://mapsengine.google.com/06136759344167181854-06191489742681286724-4/wms/?version=1.3.0","40.7919472654","-79.9952667909","2010","Butler","public","","14","2","16","other","87","","","14","2","16","other","87","","","","","","","","","","","","","","","","","","","","","","","","","","","","",""
"40.01737002-79.65924502---2010","https://mapsengine.google.com/06136759344167181854-06191489742681286724-4/wms/?version=1.3.0","40.0173700171","-79.6592450201","2010","Fayette","public","8","1","1","10","fracking","80","","8","1","1","10","fracking","80","","","","","","","","","","","","","","","","","","","","","","","","","","","","",""
"39.8296566-80.27588274---2005","https://mapsengine.google.com/06136759344167181854-15960346301379896183-4/wms/?version=1.3.0","39.8296565997","-80.2758827399","2005","Greene","final_internal","","3","","3","other","100","","","1","","1","other","100","","","","","","","","","","3","","3","other","100","","","","","","","","","","","","","","",""
"41.69904812-76.77607681---2010","https://mapsengine.google.com/06136759344167181854-06191489742681286724-4/wms/?version=1.3.0","41.69904812","-76.77607681","2010","Bradford","first_internal","","3","","3","other","100","","","10","","10","other","100","","","3","","3","other","100","","","","","","","","","","","","","","","","","","","","","",""
"41.75487758-76.73631599---2008","https://mapsengine.google.com/06136759344167181854-00219351362547715467-4/wms/?version=1.3.0","41.7548775831","-76.7363159901","2008","Bradford","final_internal","","3","","3","other","100","","","1","","1","other","100","","","3","","3","other","100","","","3","","3","other","100","","","","","","","","","","","","","","",""
"40.12788736-80.22305519---2010","https://mapsengine.google.com/06136759344167181854-06191489742681286724-4/wms/?version=1.3.0","40.1278873585","-80.2230551893","2010","Washington","public","","10","","10","other","100","","","10","","10","other","100","","","","","","","","","","","","","","","","","","","","","","","","","","","","",""
"41.72533323-75.88672242---2005","https://mapsengine.google.com/06136759344167181854-15960346301379896183-4/wms/?version=1.3.0","41.7253332309","-75.8867224204","2005","Susquehanna","final_internal","","3","","3","other","100","","1","","","1","fracking","100","","","2","1","3","other","66","","","3","","3","other","100","","","","","","","","","","","","","","",""
"39.83831739-79.53400539---2005","https://mapsengine.google.com/06136759344167181854-15960346301379896183-4/wms/?version=1.3.0","39.8383173924","-79.5340053897","2005","Fayette","final_internal","","3","","3","other","100","","","1","","1","other","100","","","","","","","","","","3","","3","other","100","","","","","","","","","","","","","","",""
"39.91401049-79.862874---2005","https://mapsengine.google.com/06136759344167181854-15960346301379896183-4/wms/?version=1.3.0","39.9140104932","-79.8628739994","2005","Fayette","final_internal","","3","","3","other","100","","","1","","1","other","100","","","","","","","","","","3","","3","other","100","","","","","","","","","","","","","","",""
"41.37180706-77.56522363---2005","https://mapsengine.google.com/06136759344167181854-15960346301379896183-4/wms/?version=1.3.0","41.3718070599","-77.5652236349","2005","Clinton","missing_internal","","1","","1","other","100","","","","","","fracking|unknown|other","","","","","","","","","","","","","","","","","","","","","","","","","1","","1","other","100",""
"40.6432711-79.38499832---2005","https://mapsengine.google.com/06136759344167181854-15960346301379896183-4/wms/?version=1.3.0","40.6432710985","-79.3849983165","2005","Armstrong","final_internal","","3","","3","other","100","","","1","","1","other","100","","","","","","","","","","3","","3","other","100","","","","","","","","","","","","","","",""
"41.76937138-76.10285502---2008","https://mapsengine.google.com/06136759344167181854-00219351362547715467-4/wms/?version=1.3.0","41.7693713812","-76.1028550215","2008","Susquehanna","final_internal","","3","","3","other","100","","","1","","1","other","100","","","3","","3","other","100","","","3","","3","other","100","","","","","","","","","","","","","","",""
"40.49186102-79.58376922---2008","https://mapsengine.google.com/06136759344167181854-00219351362547715467-4/wms/?version=1.3.0","40.4918610169","-79.5837692232","2008","Westmoreland","final_internal","","3","","3","other","100","","","2","","2","other","100","","","","","","","","","","3","","3","other","100","","","","","","","","","","","","","","",""
"41.78305159-77.17957948---2010","https://mapsengine.google.com/06136759344167181854-06191489742681286724-4/wms/?version=1.3.0","41.7830515886","-77.1795794806","2010","Tioga","public","","10","","10","other","100","","","10","","10","other","100","","","","","","","","","","","","","","","","","","","","","","","","","","","","",""
"39.94792026-78.8936478---2005","https://mapsengine.google.com/06136759344167181854-15960346301379896183-4/wms/?version=1.3.0","39.9479202607","-78.8936477963","2005","Somerset","final_internal","","4","","4","other","100","","","","1","1","unknown","100","","","","","","","","","","4","","4","other","100","","","","","","","","","","","","","","",""
"41.46320291-76.3988362---2005","https://mapsengine.google.com/06136759344167181854-15960346301379896183-4/wms/?version=1.3.0","41.4632029111","-76.3988361998","2005","Sullivan","final_internal","","3","","3","other","100","","","","1","1","unknown","100","","","3","","3","other","100","","","3","","3","other","100","","","","","","","","","","","","","","",""
"39.87717049-80.01698661---2010","https://mapsengine.google.com/06136759344167181854-06191489742681286724-4/wms/?version=1.3.0","39.8771704922","-80.0169866068","2010","Greene","public","","9","1","10","other","90","","","9","1","10","other","90","","","","","","","","","","","","","","","","","","","","","","","","","","","","",""
"41.82323418-76.06648186---2008","https://mapsengine.google.com/06136759344167181854-00219351362547715467-4/wms/?version=1.3.0","41.8232341823","-76.0664818621","2008","Susquehanna","final_internal","","3","","3","other","100","","","1","","1","other","100","","","3","","3","other","100","","","3","","3","other","100","","","","","","","","","","","","","","",""
"41.63424154-76.40142119---2010","https://mapsengine.google.com/06136759344167181854-06191489742681286724-4/wms/?version=1.3.0","41.63424154","-76.40142119","2010","Bradford","first_internal","","3","","3","other","100","","","11","","11","other","100","","","3","","3","other","100","","","","","","","","","","","","","","","","","","","","","",""
"41.74482568-76.77309309---2005","https://mapsengine.google.com/06136759344167181854-15960346301379896183-4/wms/?version=1.3.0","41.7448256769","-76.773093088","2005","Bradford","final_internal","","3","","3","other","100","","1","","","1","fracking","100","","","3","","3","other","100","","","3","","3","other","100","","","","","","","","","","","","","","",""
"40.20485784-79.73770311---2008","https://mapsengine.google.com/06136759344167181854-00219351362547715467-4/wms/?version=1.3.0","40.2048578424","-79.7377031061","2008","Westmoreland","first_internal","3","","","3","fracking","100","","1","","","1","fracking","100","","3","","","3","fracking","100","","","","","","","","","","","","","","","","","","","","","",""
"39.92764083-79.97612117---2008","https://mapsengine.google.com/06136759344167181854-00219351362547715467-4/wms/?version=1.3.0","39.9276408271","-79.9761211677","2008","Greene","first_internal","","3","","3","other","100","","2","8","","10","other","80","","","3","","3","other","100","","","","","","","","","","","","","","","","","","","","","",""
"41.62206868-76.88091857---2008","https://mapsengine.google.com/06136759344167181854-00219351362547715467-4/wms/?version=1.3.0","41.6220686763","-76.8809185698","2008","Tioga","final_internal","","3","","3","other","100","","","","1","1","unknown","100","","","","","","","","","","3","","3","other","100","","","","","","","","","","","","","","",""
"41.67569198-76.07530434---2008","https://mapsengine.google.com/06136759344167181854-00219351362547715467-4/wms/?version=1.3.0","41.6756919846","-76.0753043354","2008","Susquehanna","final_internal","","3","","3","other","100","","","1","","1","other","100","","","3","","3","other","100","","","3","","3","other","100","","","","","","","","","","","","","","",""
"41.83760329-76.38886457---2008","https://mapsengine.google.com/06136759344167181854-00219351362547715467-4/wms/?version=1.3.0","41.8376032937","-76.3888645667","2008","Bradford","final_internal","","4","","4","other","100","","","1","","1","other","100","","","3","","3","other","100","","","4","","4","other","100","","","","","","","","","","","","","","",""
"40.29636468-80.30817996---2005","https://mapsengine.google.com/06136759344167181854-15960346301379896183-4/wms/?version=1.3.0","40.2963646798","-80.3081799616","2005","Washington","final_internal","","3","","3","other","100","","","1","","1","other","100","","","","","","","","","","3","","3","other","100","","","","","","","","","","","","","","",""
"39.83408659-80.00206948---2008","https://mapsengine.google.com/06136759344167181854-00219351362547715467-4/wms/?version=1.3.0","39.8340865882","-80.0020694786","2008","Greene","first_internal","","3","","3","other","100","","1","9","","10","other","90","","","3","","3","other","100","","","","","","","","","","","","","","","","","","","","","",""
"41.09847295-78.31799072---2010","https://mapsengine.google.com/06136759344167181854-06191489742681286724-4/wms/?version=1.3.0","41.0984729499","-78.3179907173","2010","Clearfield","public","","12","","12","other","100","","","12","","12","other","100","","","","","","","","","","","","","","","","","","","","","","","","","","","","",""
"40.27768045-80.45599605---2010","https://mapsengine.google.com/06136759344167181854-06191489742681286724-4/wms/?version=1.3.0","40.277680455","-80.4559960535","2010","Washington","sweeper_internal","","1","","1","other","100","","4","5","1","10","other","50","","","","","","","","","","","","","","","","","1","","1","other","100","","","","","","","",""
"40.95996451-78.82647163---2010","https://mapsengine.google.com/06136759344167181854-06191489742681286724-4/wms/?version=1.3.0","40.9599645097","-78.8264716299","2010","Jefferson","public","","10","","10","other","100","","","10","","10","other","100","","","","","","","","","","","","","","","","","","","","","","","","","","","","",""
"40.86438953-79.49533057---2010","https://mapsengine.google.com/06136759344167181854-06191489742681286724-4/wms/?version=1.3.0","40.8643895282","-79.4953305686","2010","Armstrong","sweeper_internal","","1","","1","other","100","","","7","3","10","other","70","","","","","","","","","","","","","","","","","1","","1","other","100","","","","","","","",""
"39.73322687-79.80063631---2010","https://mapsengine.google.com/06136759344167181854-06191489742681286724-4/wms/?version=1.3.0","39.7332268695","-79.8006363127","2010","Fayette","public","11","","","11","fracking","100","","11","","","11","fracking","100","","","","","","","","","","","","","","","","","","","","","","","","","","","","",""
"41.2641255-76.58296656---2005","https://mapsengine.google.com/06136759344167181854-15960346301379896183-4/wms/?version=1.3.0","41.2641254979","-76.582966561","2005","Lycoming","missing_internal","","1","","1","other","100","","","","","","fracking|unknown|other","","","","","","","","","","","","","","","","","","","","","","","","","1","","1","other","100",""
"40.1712593-79.76214139---2008","https://mapsengine.google.com/06136759344167181854-00219351362547715467-4/wms/?version=1.3.0","40.1712593036","-79.7621413873","2008","Westmoreland","final_internal","","3","","3","other","100","","","1","","1","other","100","","","","","","","","","","3","","3","other","100","","","","","","","","","","","","","","",""
"41.88665894-75.89209147---2010","https://mapsengine.google.com/06136759344167181854-06191489742681286724-4/wms/?version=1.3.0","41.88665894","-75.89209147","2010","Susquehanna","first_internal","","3","","3","other","100","","","11","1","12","other","91","","","3","","3","other","100","","","","","","","","","","","","","","","","","","","","","",""
"41.71426142-75.89042908---2005","https://mapsengine.google.com/06136759344167181854-15960346301379896183-4/wms/?version=1.3.0","41.714261416","-75.8904290761","2005","Susquehanna","final_internal","","3","","3","other","100","","","1","","1","other","100","","","3","","3","other","100","","","3","","3","other","100","","","","","","","","","","","","","","",""
"40.17884408-80.41107944---2010","https://mapsengine.google.com/06136759344167181854-06191489742681286724-4/wms/?version=1.3.0","40.1788440804","-80.4110794362","2010","Washington","sweeper_internal","","1","","1","other","100","","4","6","","10","other","60","","","","","","","","","","","","","","","","","1","","1","other","100","","","","","","","",""
"39.93379326-80.00874788---2005","https://mapsengine.google.com/06136759344167181854-15960346301379896183-4/wms/?version=1.3.0","39.9337932565","-80.0087478825","2005","Greene","final_internal","","3","","3","other","100","","","1","","1","other","100","","","","","","","","","","3","","3","other","100","","","","","","","","","","","","","","",""
"40.22793034-79.76773606---2010","https://mapsengine.google.com/06136759344167181854-06191489742681286724-4/wms/?version=1.3.0","40.2279303361","-79.7677360562","2010","Westmoreland","public","","10","","10","other","100","","","10","","10","other","100","","","","","","","","","","","","","","","","","","","","","","","","","","","","",""
"41.69401713-76.995243---2010","https://mapsengine.google.com/06136759344167181854-06191489742681286724-4/wms/?version=1.3.0","41.6940171275","-76.9952429992","2010","Tioga","public","","11","1","12","other","91","","","11","1","12","other","91","","","","","","","","","","","","","","","","","","","","","","","","","","","","",""
"41.64943413-76.036081---2010","https://mapsengine.google.com/06136759344167181854-06191489742681286724-4/wms/?version=1.3.0","41.64943413","-76.036081","2010","Susquehanna","first_internal","","3","","3","other","100","","","10","","10","other","100","","","3","","3","other","100","","","","","","","","","","","","","","","","","","","","","",""
"41.71095478-75.91530123---2008","https://mapsengine.google.com/06136759344167181854-00219351362547715467-4/wms/?version=1.3.0","41.7109547849","-75.9153012323","2008","Susquehanna","final_internal","","3","","3","other","100","","","1","","1","other","100","","","3","","3","other","100","","","3","","3","other","100","","","","","","","","","","","","","","",""
"41.60471462-76.08655565---2008","https://mapsengine.google.com/06136759344167181854-00219351362547715467-4/wms/?version=1.3.0","41.6047146232","-76.0865556517","2008","Wyoming","final_internal","","3","","3","other","100","","","1","","1","other","100","","","3","","3","other","100","","","3","","3","other","100","","","","","","","","","","","","","","",""
"39.91017439-80.00842359---2008","https://mapsengine.google.com/06136759344167181854-00219351362547715467-4/wms/?version=1.3.0","39.9101743917","-80.008423587","2008","Greene","first_internal","","3","","3","other","100","","1","9","","10","other","90","","","3","","3","other","100","","","","","","","","","","","","","","","","","","","","","",""
"41.71210735-75.91912082---2010","https://mapsengine.google.com/06136759344167181854-06191489742681286724-4/wms/?version=1.3.0","41.7121073473","-75.9191208217","2010","Susquehanna","sweeper_internal","","1","","1","other","100","","3","5","2","10","other","50","","1","","2","3","unknown","66","","","","","","","","","","1","","1","other","100","","","","","","","",""
"40.82198919-79.68071836---2010","https://mapsengine.google.com/06136759344167181854-06191489742681286724-4/wms/?version=1.3.0","40.8219891867","-79.6807183601","2010","Armstrong","public","10","","","10","fracking","100","","10","","","10","fracking","100","","","","","","","","","","","","","","","","","","","","","","","","","","","","",""
"41.76817718-76.5344788---2010","https://mapsengine.google.com/06136759344167181854-06191489742681286724-4/wms/?version=1.3.0","41.7681771762","-76.5344788048","2010","Bradford","sweeper_internal","1","","","1","fracking","100","","9","1","5","15","fracking","60","","2","","1","3","fracking","66","","","","","","","","","1","","","1","fracking","100","","","","","","","",""
"40.2264795-80.51616131---2008","https://mapsengine.google.com/06136759344167181854-00219351362547715467-4/wms/?version=1.3.0","40.2264794987","-80.516161311","2008","Washington","sweeper_internal","1","","","1","fracking","100","","4","2","2","8","fracking","50","","1","1","1","3","fracking|unknown|other","","33|33|33","","","","","","","","1","","","1","fracking","100","","","","","","","",""
"40.24402003-80.30923077---2008","https://mapsengine.google.com/06136759344167181854-00219351362547715467-4/wms/?version=1.3.0","40.244020026","-80.3092307742","2008","Washington","first_internal","3","","","3","fracking","100","","8","","","8","fracking","100","","3","","","3","fracking","100","","","","","","","","","","","","","","","","","","","","","",""
"41.27081481-77.27903068---2008","https://mapsengine.google.com/06136759344167181854-00219351362547715467-4/wms/?version=1.3.0","41.2708148095","-77.2790306773","2008","Lycoming","final_internal","3","","","3","fracking","100","","1","","","1","fracking","100","","","","","","","","","3","","","3","fracking","100","","","","","","","","","","","","","","",""
"39.89763661-80.34365382---2010","https://mapsengine.google.com/06136759344167181854-06191489742681286724-4/wms/?version=1.3.0","39.8976366137","-80.3436538249","2010","Greene","sweeper_internal","","1","","1","other","100","","6","3","1","10","fracking","60","","","","","","","","","","","","","","","","","1","","1","other","100","","","","","","","",""
"39.89086773-80.00433224---2010","https://mapsengine.google.com/06136759344167181854-06191489742681286724-4/wms/?version=1.3.0","39.8908677257","-80.0043322383","2010","Greene","public","1","8","1","10","other","80","","1","8","1","10","other","80","","","","","","","","","","","","","","","","","","","","","","","","","","","","",""
"40.48678614-80.38380555---2010","https://mapsengine.google.com/06136759344167181854-06191489742681286724-4/wms/?version=1.3.0","40.4867861445","-80.3838055526","2010","Beaver","sweeper_internal","","1","","1","other","100","","1","6","4","11","other","54","","1","2","","3","other","66","","","","","","","","","","1","","1","other","100","","","","","","","",""
"41.71295164-75.88124775---2010","https://mapsengine.google.com/06136759344167181854-06191489742681286724-4/wms/?version=1.3.0","41.71295164","-75.88124775","2010","Susquehanna","first_internal","","3","","3","other","100","","","11","","11","other","100","","","3","","3","other","100","","","","","","","","","","","","","","","","","","","","","",""
"41.89382844-75.93205645---2010","https://mapsengine.google.com/06136759344167181854-06191489742681286724-4/wms/?version=1.3.0","41.89382844","-75.93205645","2010","Susquehanna","first_internal","","3","","3","other","100","","","11","","11","other","100","","","3","","3","other","100","","","","","","","","","","","","","","","","","","","","","",""
"39.86825358-79.96110344---2008","https://mapsengine.google.com/06136759344167181854-00219351362547715467-4/wms/?version=1.3.0","39.8682535773","-79.9611034423","2008","Greene","first_internal","","3","","3","other","100","","1","9","","10","other","90","","","3","","3","other","100","","","","","","","","","","","","","","","","","","","","","",""
"41.79145572-77.18782039---2010","https://mapsengine.google.com/06136759344167181854-06191489742681286724-4/wms/?version=1.3.0","41.791455716","-77.1878203861","2010","Tioga","public","","11","","11","other","100","","","11","","11","other","100","","","","","","","","","","","","","","","","","","","","","","","","","","","","",""
"41.70096939-75.88673732---2010","https://mapsengine.google.com/06136759344167181854-06191489742681286724-4/wms/?version=1.3.0","41.7009693886","-75.8867373188","2010","Susquehanna","sweeper_internal","","1","","1","other","100","","2","8","2","12","other","66","","1","","2","3","unknown","66","","","","","","","","","","1","","1","other","100","","","","","","","",""
"39.93806882-79.2463637---2010","https://mapsengine.google.com/06136759344167181854-06191489742681286724-4/wms/?version=1.3.0","39.9380688185","-79.2463637025","2010","Somerset","public","","10","","10","other","100","","","10","","10","other","100","","","","","","","","","","","","","","","","","","","","","","","","","","","","",""
"40.08907668-79.81421919---2010","https://mapsengine.google.com/06136759344167181854-06191489742681286724-4/wms/?version=1.3.0","40.0890766761","-79.8142191914","2010","Fayette","public","","10","","10","other","100","","","10","","10","other","100","","","","","","","","","","","","","","","","","","","","","","","","","","","","",""
"41.73835334-77.16687967---2010","https://mapsengine.google.com/06136759344167181854-06191489742681286724-4/wms/?version=1.3.0","41.7383533429","-77.166879666","2010","Tioga","public","","9","1","10","other","90","","","9","1","10","other","90","","","","","","","","","","","","","","","","","","","","","","","","","","","","",""
"41.16257599-78.45317408---2010","https://mapsengine.google.com/06136759344167181854-06191489742681286724-4/wms/?version=1.3.0","41.1625759879","-78.4531740831","2010","Clearfield","sweeper_internal","","1","","1","other","100","","3","4","3","10","other","40","","","","","","","","","","","","","","","","","1","","1","other","100","","","","","","","",""
"39.99148159-80.12305021---2010","https://mapsengine.google.com/06136759344167181854-06191489742681286724-4/wms/?version=1.3.0","39.9914815853","-80.1230502131","2010","Greene","public","","10","","10","other","100","","","10","","10","other","100","","","","","","","","","","","","","","","","","","","","","","","","","","","","",""
"40.33022963-80.28222854---2008","https://mapsengine.google.com/06136759344167181854-00219351362547715467-4/wms/?version=1.3.0","40.33022963","-80.2822285431","2008","Washington","first_internal","2","","1","3","fracking","66","","7","1","","8","fracking","87","","2","","1","3","fracking","66","","","","","","","","","","","","","","","","","","","","","",""
"41.64791764-76.03755715---2005","https://mapsengine.google.com/06136759344167181854-15960346301379896183-4/wms/?version=1.3.0","41.647917637","-76.0375571511","2005","Susquehanna","final_internal","","3","","3","other","100","","","1","","1","other","100","","","3","","3","other","100","","","3","","3","other","100","","","","","","","","","","","","","","",""
"41.9303336-76.9449712---2010","https://mapsengine.google.com/06136759344167181854-06191489742681286724-4/wms/?version=1.3.0","41.9303336","-76.9449712042","2010","Tioga","sweeper_internal","1","","","1","fracking","100","","1","6","5","12","other","50","","","","","","","","","","","","","","","","1","","","1","fracking","100","","","","","","","",""
"41.2507086-76.65016162---2008","https://mapsengine.google.com/06136759344167181854-00219351362547715467-4/wms/?version=1.3.0","41.2507085986","-76.6501616234","2008","Lycoming","final_internal","","3","","3","other","100","","","1","","1","other","100","","","","","","","","","","3","","3","other","100","","","","","","","","","","","","","","",""
"41.69638804-76.77627495---2010","https://mapsengine.google.com/06136759344167181854-06191489742681286724-4/wms/?version=1.3.0","41.6963880421","-76.7762749541","2010","Bradford","sweeper_internal","","1","","1","other","100","","1","6","3","10","other","60","","","3","","3","other","100","","","","","","","","","","1","","1","other","100","","","","","","","",""
"41.73694362-77.21338676---2010","https://mapsengine.google.com/06136759344167181854-06191489742681286724-4/wms/?version=1.3.0","41.7369436186","-77.213386761","2010","Tioga","public","","10","2","12","other","83","","","10","2","12","other","83","","","","","","","","","","","","","","","","","","","","","","","","","","","","",""
"41.58048728-77.05994161---2005","https://mapsengine.google.com/06136759344167181854-15960346301379896183-4/wms/?version=1.3.0","41.580487282","-77.0599416101","2005","Tioga","final_internal","","3","","3","other","100","","","1","","1","other","100","","","","","","","","","","3","","3","other","100","","","","","","","","","","","","","","",""
"41.11740482-79.73484455---2010","https://mapsengine.google.com/06136759344167181854-06191489742681286724-4/wms/?version=1.3.0","41.1174048242","-79.7348445546","2010","Butler","sweeper_internal","","1","","1","other","100","","","11","5","16","other","68","","","","","","","","","","","","","","","","","1","","1","other","100","","","","","","","",""
"39.94411703-78.89108073---2008","https://mapsengine.google.com/06136759344167181854-00219351362547715467-4/wms/?version=1.3.0","39.9441170267","-78.8910807303","2008","Somerset","final_internal","","3","","3","other","100","","2","1","","3","fracking","66","","","","","","","","","","3","","3","other","100","","","","","","","","","","","","","","",""
"41.7326023-76.01038348---2008","https://mapsengine.google.com/06136759344167181854-00219351362547715467-4/wms/?version=1.3.0","41.7326022957","-76.0103834818","2008","Susquehanna","final_internal","","3","","3","other","100","","","1","","1","other","100","","","3","","3","other","100","","","3","","3","other","100","","","","","","","","","","","","","","",""
"41.9004393-77.37126832---2005","https://mapsengine.google.com/06136759344167181854-15960346301379896183-4/wms/?version=1.3.0","41.9004392959","-77.3712683156","2005","Tioga","missing_internal","","1","","1","other","100","","","","","","fracking|unknown|other","","","","","","","","","","","","","","","","","","","","","","","","","1","","1","other","100",""
"41.27453915-76.62008694---2010","https://mapsengine.google.com/06136759344167181854-06191489742681286724-4/wms/?version=1.3.0","41.2745391493","-76.6200869435","2010","Lycoming","public","","10","","10","other","100","","","10","","10","other","100","","","","","","","","","","","","","","","","","","","","","","","","","","","","",""
"39.76856743-79.80802892---2010","https://mapsengine.google.com/06136759344167181854-06191489742681286724-4/wms/?version=1.3.0","39.7685674321","-79.8080289189","2010","Fayette","public","","9","1","10","other","90","","","9","1","10","other","90","","","","","","","","","","","","","","","","","","","","","","","","","","","","",""
"40.01998395-80.03896312---2008","https://mapsengine.google.com/06136759344167181854-00219351362547715467-4/wms/?version=1.3.0","40.019983953","-80.0389631213","2008","Washington","first_internal","3","","","3","fracking","100","","9","","1","10","fracking","90","","3","","","3","fracking","100","","","","","","","","","","","","","","","","","","","","","",""
"41.93555586-75.86905562---2005","https://mapsengine.google.com/06136759344167181854-15960346301379896183-4/wms/?version=1.3.0","41.9355558596","-75.8690556242","2005","Susquehanna","final_internal","","3","","3","other","100","","","1","","1","other","100","","","3","","3","other","100","","","3","","3","other","100","","","","","","","","","","","","","","",""
"41.56433776-76.99255872---2008","https://mapsengine.google.com/06136759344167181854-00219351362547715467-4/wms/?version=1.3.0","41.5643377643","-76.9925587188","2008","Tioga","final_internal","","3","","3","other","100","","","1","","1","other","100","","","","","","","","","","3","","3","other","100","","","","","","","","","","","","","","",""
"41.86562078-76.0561464---2010","https://mapsengine.google.com/06136759344167181854-06191489742681286724-4/wms/?version=1.3.0","41.86562078","-76.0561464","2010","Susquehanna","first_internal","","3","","3","other","100","","","9","1","10","other","90","","","3","","3","other","100","","","","","","","","","","","","","","","","","","","","","",""
"41.89451523-76.96353255---2010","https://mapsengine.google.com/06136759344167181854-06191489742681286724-4/wms/?version=1.3.0","41.8945152262","-76.9635325505","2010","Tioga","public","","11","1","12","other","91","","","11","1","12","other","91","","","","","","","","","","","","","","","","","","","","","","","","","","","","",""
"41.70432243-77.56277632---2008","https://mapsengine.google.com/06136759344167181854-00219351362547715467-4/wms/?version=1.3.0","41.7043224339","-77.5627763176","2008","Tioga","final_internal","2","","1","3","fracking","66","","","","1","1","unknown","100","","","","","","","","","2","","1","3","fracking","66","","","","","","","","","","","","","","",""
"41.93729693-76.86253637---2005","https://mapsengine.google.com/06136759344167181854-15960346301379896183-4/wms/?version=1.3.0","41.9372969344","-76.862536373","2005","Bradford","final_internal","","3","","3","other","100","","","1","","1","other","100","","","3","","3","other","100","","","3","","3","other","100","","","","","","","","","","","","","","",""
"39.9129728-79.93397909---2008","https://mapsengine.google.com/06136759344167181854-00219351362547715467-4/wms/?version=1.3.0","39.9129727998","-79.9339790903","2008","Greene","first_internal","","3","","3","other","100","","1","9","","10","other","90","","","3","","3","other","100","","","","","","","","","","","","","","","","","","","","","",""
"40.85095216-79.83701082---2005","https://mapsengine.google.com/06136759344167181854-15960346301379896183-4/wms/?version=1.3.0","40.850952161","-79.8370108224","2005","Butler","final_internal","","3","","3","other","100","","","1","","1","other","100","","","","","","","","","","3","","3","other","100","","","","","","","","","","","","","","",""
"41.86261599-76.05537594---2010","https://mapsengine.google.com/06136759344167181854-06191489742681286724-4/wms/?version=1.3.0","41.86261599","-76.05537594","2010","Susquehanna","first_internal","","3","","3","other","100","","","11","1","12","other","91","","","3","","3","other","100","","","","","","","","","","","","","","","","","","","","","",""
"40.25697446-80.33264991---2008","https://mapsengine.google.com/06136759344167181854-00219351362547715467-4/wms/?version=1.3.0","40.2569744561","-80.3326499067","2008","Washington","first_internal","","3","","3","other","100","","","6","2","8","other","75","","","3","","3","other","100","","","","","","","","","","","","","","","","","","","","","",""
"40.83280786-79.55866305---2005","https://mapsengine.google.com/06136759344167181854-15960346301379896183-4/wms/?version=1.3.0","40.8328078622","-79.5586630509","2005","Armstrong","final_internal","","3","","3","other","100","","","","1","1","unknown","100","","","","","","","","","","3","","3","other","100","","","","","","","","","","","","","","",""
"41.58940049-78.46936381---2005","https://mapsengine.google.com/06136759344167181854-15960346301379896183-4/wms/?version=1.3.0","41.589400487","-78.4693638142","2005","Elk","final_internal","","3","","3","other","100","","","","1","1","unknown","100","","","","","","","","","","3","","3","other","100","","","","","","","","","","","","","","",""
"41.72359635-75.88096207---2008","https://mapsengine.google.com/06136759344167181854-00219351362547715467-4/wms/?version=1.3.0","41.723596354","-75.8809620716","2008","Susquehanna","final_internal","","3","","3","other","100","","","1","","1","other","100","","","3","","3","other","100","","","3","","3","other","100","","","","","","","","","","","","","","",""
"40.0066007-79.63493225---2008","https://mapsengine.google.com/06136759344167181854-00219351362547715467-4/wms/?version=1.3.0","40.0066007043","-79.6349322541","2008","Fayette","sweeper_internal","","1","","1","other","100","","2","3","5","10","unknown","50","","","2","1","3","other","66","","","","","","","","","","1","","1","other","100","","","","","","","",""
"41.16292745-78.45365895---2010","https://mapsengine.google.com/06136759344167181854-06191489742681286724-4/wms/?version=1.3.0","41.1629274453","-78.4536589477","2010","Clearfield","sweeper_internal","","1","","1","other","100","","6","11","4","21","other","52","","","","","","","","","","","","","","","","","1","","1","other","100","","","","","","","",""
"40.24813091-80.3285787---2008","https://mapsengine.google.com/06136759344167181854-00219351362547715467-4/wms/?version=1.3.0","40.2481309088","-80.3285787016","2008","Washington","first_internal","3","","","3","fracking","100","","9","","1","10","fracking","90","","3","","","3","fracking","100","","","","","","","","","","","","","","","","","","","","","",""
"41.71560616-76.85190439---2008","https://mapsengine.google.com/06136759344167181854-00219351362547715467-4/wms/?version=1.3.0","41.7156061608","-76.851904385","2008","Bradford","final_internal","","3","","3","other","100","","","1","","1","other","100","","","3","","3","other","100","","","3","","3","other","100","","","","","","","","","","","","","","",""
"41.79709277-76.58164131---2005","https://mapsengine.google.com/06136759344167181854-15960346301379896183-4/wms/?version=1.3.0","41.7970927663","-76.5816413145","2005","Bradford","final_internal","","3","","3","other","100","","","1","","1","other","100","","","3","","3","other","100","","","3","","3","other","100","","","","","","","","","","","","","","",""
"41.87206566-76.0514481---2008","https://mapsengine.google.com/06136759344167181854-00219351362547715467-4/wms/?version=1.3.0","41.8720656606","-76.0514481023","2008","Susquehanna","final_internal","","3","","3","other","100","","","1","","1","other","100","","","3","","3","other","100","","","3","","3","other","100","","","","","","","","","","","","","","",""
"41.78614229-77.21470626---2008","https://mapsengine.google.com/06136759344167181854-00219351362547715467-4/wms/?version=1.3.0","41.7861422875","-77.2147062615","2008","Tioga","final_internal","","3","","3","other","100","","","1","","1","other","100","","","","","","","","","","3","","3","other","100","","","","","","","","","","","","","","",""
"41.72667342-76.8079592---2005","https://mapsengine.google.com/06136759344167181854-15960346301379896183-4/wms/?version=1.3.0","41.7266734228","-76.8079592026","2005","Bradford","final_internal","","3","","3","other","100","","","1","","1","other","100","","","3","","3","other","100","","","3","","3","other","100","","","","","","","","","","","","","","",""
"41.29025168-78.91091602---2010","https://mapsengine.google.com/06136759344167181854-06191489742681286724-4/wms/?version=1.3.0","41.2902516813","-78.9109160163","2010","Jefferson","public","","8","2","10","other","80","","","8","2","10","other","80","","","","","","","","","","","","","","","","","","","","","","","","","","","","",""
"41.91483054-77.42151483---2005","https://mapsengine.google.com/06136759344167181854-15960346301379896183-4/wms/?version=1.3.0","41.9148305415","-77.4215148299","2005","Tioga","missing_internal","","1","","1","other","100","","","","","","fracking|unknown|other","","","","","","","","","","","","","","","","","","","","","","","","","1","","1","other","100",""
"41.98031592-77.03989144---2005","https://mapsengine.google.com/06136759344167181854-15960346301379896183-4/wms/?version=1.3.0","41.9803159233","-77.0398914358","2005","Tioga","missing_internal","","1","","1","other","100","","","","","","fracking|unknown|other","","","","","","","","","","","","","","","","","","","","","","","","","1","","1","other","100",""
"41.76846562-76.69376357---2010","https://mapsengine.google.com/06136759344167181854-06191489742681286724-4/wms/?version=1.3.0","41.7684656225","-76.6937635688","2010","Bradford","sweeper_internal","","1","","1","other","100","","4","3","3","10","fracking","40","","","3","","3","other","100","","","","","","","","","","1","","1","other","100","","","","","","","",""
"40.8793887-79.52559136---2005","https://mapsengine.google.com/06136759344167181854-15960346301379896183-4/wms/?version=1.3.0","40.8793886965","-79.5255913553","2005","Armstrong","final_internal","","3","","3","other","100","","","1","","1","other","100","","","","","","","","","","3","","3","other","100","","","","","","","","","","","","","","",""
"39.95766575-79.68648048---2008","https://mapsengine.google.com/06136759344167181854-00219351362547715467-4/wms/?version=1.3.0","39.9576657535","-79.6864804805","2008","Fayette","first_internal","","3","","3","other","100","","","5","1","6","other","83","","","3","","3","other","100","","","","","","","","","","","","","","","","","","","","","",""
"40.68234919-79.76348201---2005","https://mapsengine.google.com/06136759344167181854-15960346301379896183-4/wms/?version=1.3.0","40.6823491883","-79.7634820136","2005","Butler","final_internal","","3","","3","other","100","","","1","","1","other","100","","","","","","","","","","3","","3","other","100","","","","","","","","","","","","","","",""
"40.88004023-79.52472782---2005","https://mapsengine.google.com/06136759344167181854-15960346301379896183-4/wms/?version=1.3.0","40.8800402282","-79.5247278199","2005","Armstrong","final_internal","","3","","3","other","100","","","1","","1","other","100","","","","","","","","","","3","","3","other","100","","","","","","","","","","","","","","",""
"40.75297917-79.51015547---2010","https://mapsengine.google.com/06136759344167181854-06191489742681286724-4/wms/?version=1.3.0","40.752979173","-79.5101554691","2010","Armstrong","sweeper_internal","","1","","1","other","100","","2","3","5","10","unknown","50","","","","","","","","","","","","","","","","","1","","1","other","100","","","","","","","",""
"41.74919511-76.7369916---2005","https://mapsengine.google.com/06136759344167181854-15960346301379896183-4/wms/?version=1.3.0","41.7491951092","-76.7369916026","2005","Bradford","final_internal","","3","","3","other","100","","","1","","1","other","100","","","3","","3","other","100","","","3","","3","other","100","","","","","","","","","","","","","","",""
"41.98656368-76.97831723---2005","https://mapsengine.google.com/06136759344167181854-15960346301379896183-4/wms/?version=1.3.0","41.9865636783","-76.9783172334","2005","Tioga","missing_internal","","1","","1","other","100","","","","","","fracking|unknown|other","","","","","","","","","","","","","","","","","","","","","","","","","1","","1","other","100",""
"40.37469393-79.32722347---2010","https://mapsengine.google.com/06136759344167181854-06191489742681286724-4/wms/?version=1.3.0","40.3746939323","-79.3272234662","2010","Westmoreland","public","","9","1","10","other","90","","","9","1","10","other","90","","","","","","","","","","","","","","","","","","","","","","","","","","","","",""
"41.71704942-76.18954177---2005","https://mapsengine.google.com/06136759344167181854-15960346301379896183-4/wms/?version=1.3.0","41.7170494153","-76.1895417672","2005","Bradford","final_internal","","3","","3","other","100","","","1","","1","other","100","","","3","","3","other","100","","","3","","3","other","100","","","","","","","","","","","","","","",""
"41.72366985-76.27133358---2008","https://mapsengine.google.com/06136759344167181854-00219351362547715467-4/wms/?version=1.3.0","41.7236698535","-76.271333576","2008","Bradford","final_internal","","3","","3","other","100","","","1","","1","other","100","","","3","","3","other","100","","","3","","3","other","100","","","","","","","","","","","","","","",""
"41.7841244-77.20957297---2008","https://mapsengine.google.com/06136759344167181854-00219351362547715467-4/wms/?version=1.3.0","41.7841244041","-77.2095729702","2008","Tioga","final_internal","","3","","3","other","100","","","1","","1","other","100","","","","","","","","","","3","","3","other","100","","","","","","","","","","","","","","",""
"41.73680881-75.90294485---2005","https://mapsengine.google.com/06136759344167181854-15960346301379896183-4/wms/?version=1.3.0","41.7368088096","-75.902944851","2005","Susquehanna","final_internal","","3","","3","other","100","","","1","","1","other","100","","","3","","3","other","100","","","3","","3","other","100","","","","","","","","","","","","","","",""
"40.79733187-79.59127977---2010","https://mapsengine.google.com/06136759344167181854-06191489742681286724-4/wms/?version=1.3.0","40.797331866","-79.5912797692","2010","Armstrong","public","","10","","10","other","100","","","10","","10","other","100","","","","","","","","","","","","","","","","","","","","","","","","","","","","",""
"41.67538323-78.50265525---2010","https://mapsengine.google.com/06136759344167181854-06191489742681286724-4/wms/?version=1.3.0","41.6753832334","-78.5026552538","2010","McKean","sweeper_internal","","1","","1","other","100","","1","2","7","10","unknown","70","","","","","","","","","","","","","","","","","1","","1","other","100","","","","","","","",""
"41.65787415-76.03582037---2005","https://mapsengine.google.com/06136759344167181854-15960346301379896183-4/wms/?version=1.3.0","41.6578741456","-76.0358203741","2005","Susquehanna","final_internal","","3","","3","other","100","","","","1","1","unknown","100","","","3","","3","other","100","","","3","","3","other","100","","","","","","","","","","","","","","",""
"40.22455393-79.71209983---2008","https://mapsengine.google.com/06136759344167181854-00219351362547715467-4/wms/?version=1.3.0","40.2245539292","-79.7120998307","2008","Westmoreland","first_internal","3","","","3","fracking","100","","","","1","1","unknown","100","","3","","","3","fracking","100","","","","","","","","","","","","","","","","","","","","","",""
"39.96910021-80.11046016---2010","https://mapsengine.google.com/06136759344167181854-06191489742681286724-4/wms/?version=1.3.0","39.9691002141","-80.110460159","2010","Greene","public","10","","","10","fracking","100","","10","","","10","fracking","100","","","","","","","","","","","","","","","","","","","","","","","","","","","","",""
"40.00950887-79.67256451---2010","https://mapsengine.google.com/06136759344167181854-06191489742681286724-4/wms/?version=1.3.0","40.0095088665","-79.6725645073","2010","Fayette","sweeper_internal","1","","","1","fracking","100","","7","","3","10","fracking","70","","","","","","","","","","","","","","","","1","","","1","fracking","100","","","","","","","",""
"41.82037503-77.04721124---2010","https://mapsengine.google.com/06136759344167181854-06191489742681286724-4/wms/?version=1.3.0","41.8203750328","-77.0472112359","2010","Tioga","public","","11","","11","other","100","","","11","","11","other","100","","","","","","","","","","","","","","","","","","","","","","","","","","","","",""
"41.7387668-76.03284046---2005","https://mapsengine.google.com/06136759344167181854-15960346301379896183-4/wms/?version=1.3.0","41.7387668039","-76.0328404563","2005","Susquehanna","final_internal","","3","","3","other","100","","","1","","1","other","100","","","3","","3","other","100","","","3","","3","other","100","","","","","","","","","","","","","","",""
"39.79585695-79.1913034---2008","https://mapsengine.google.com/06136759344167181854-00219351362547715467-4/wms/?version=1.3.0","39.7958569509","-79.1913033964","2008","Somerset","first_internal","","3","","3","other","100","","","1","","1","other","100","","","3","","3","other","100","","","","","","","","","","","","","","","","","","","","","",""
"40.87020401-79.56426894---2010","https://mapsengine.google.com/06136759344167181854-06191489742681286724-4/wms/?version=1.3.0","40.8702040059","-79.564268936","2010","Armstrong","public","8","1","1","10","fracking","80","","8","1","1","10","fracking","80","","","","","","","","","","","","","","","","","","","","","","","","","","","","",""
"41.73112439-77.37109526---2010","https://mapsengine.google.com/06136759344167181854-06191489742681286724-4/wms/?version=1.3.0","41.731124392","-77.3710952589","2010","Tioga","public","","12","","12","other","100","","","12","","12","other","100","","","","","","","","","","","","","","","","","","","","","","","","","","","","",""
"41.88326359-76.36341845---2008","https://mapsengine.google.com/06136759344167181854-00219351362547715467-4/wms/?version=1.3.0","41.8832635854","-76.3634184549","2008","Bradford","final_internal","","3","","3","other","100","","","1","","1","other","100","","","3","","3","other","100","","","3","","3","other","100","","","","","","","","","","","","","","",""
"41.58239644-78.81810519---2010","https://mapsengine.google.com/06136759344167181854-06191489742681286724-4/wms/?version=1.3.0","41.5823964374","-78.818105195","2010","Elk","public","","10","","10","other","100","","","10","","10","other","100","","","","","","","","","","","","","","","","","","","","","","","","","","","","",""
"41.28581178-76.33301661---2010","https://mapsengine.google.com/06136759344167181854-06191489742681286724-4/wms/?version=1.3.0","41.28581178","-76.33301661","2010","Columbia","first_internal","","3","","3","other","100","","","10","","10","other","100","","","3","","3","other","100","","","","","","","","","","","","","","","","","","","","","",""
"41.17297087-78.44366297---2010","https://mapsengine.google.com/06136759344167181854-06191489742681286724-4/wms/?version=1.3.0","41.1729708679","-78.4436629686","2010","Clearfield","sweeper_internal","","1","","1","other","100","","7","7","7","21","fracking|unknown|other","","33|33|33","","","","","","","","","","","","","","","","1","","1","other","100","","","","","","","",""
"40.7939103-80.07942479---2010","https://mapsengine.google.com/06136759344167181854-06191489742681286724-4/wms/?version=1.3.0","40.7939102993","-80.0794247921","2010","Butler","sweeper_internal","1","","","1","fracking","100","","17","10","3","30","fracking","56","","","","","","","","","","","","","","","","1","","","1","fracking","100","","","","","","","",""
"41.73356027-76.08514753---2008","https://mapsengine.google.com/06136759344167181854-00219351362547715467-4/wms/?version=1.3.0","41.7335602674","-76.0851475253","2008","Susquehanna","final_internal","","3","","3","other","100","","","1","","1","other","100","","","3","","3","other","100","","","3","","3","other","100","","","","","","","","","","","","","","",""
"40.49542871-79.59444646---2008","https://mapsengine.google.com/06136759344167181854-00219351362547715467-4/wms/?version=1.3.0","40.4954287146","-79.5944464625","2008","Westmoreland","final_internal","","3","","3","other","100","","","2","","2","other","100","","","","","","","","","","3","","3","other","100","","","","","","","","","","","","","","",""
"40.22509243-80.5174751---2010","https://mapsengine.google.com/06136759344167181854-06191489742681286724-4/wms/?version=1.3.0","40.2250924315","-80.5174750982","2010","Washington","public","10","","","10","fracking","100","","10","","","10","fracking","100","","","","","","","","","","","","","","","","","","","","","","","","","","","","",""
"39.97461813-79.43406878---2010","https://mapsengine.google.com/06136759344167181854-06191489742681286724-4/wms/?version=1.3.0","39.974618131","-79.4340687758","2010","Fayette","public","","10","","10","other","100","","","10","","10","other","100","","","","","","","","","","","","","","","","","","","","","","","","","","","","",""
"41.5433551-76.42315846---2010","https://mapsengine.google.com/06136759344167181854-06191489742681286724-4/wms/?version=1.3.0","41.5433551","-76.42315846","2010","Sullivan","first_internal","","3","","3","other","100","","","11","","11","other","100","","","3","","3","other","100","","","","","","","","","","","","","","","","","","","","","",""
"39.99093984-80.28725003---2008","https://mapsengine.google.com/06136759344167181854-00219351362547715467-4/wms/?version=1.3.0","39.9909398363","-80.2872500253","2008","Greene","sweeper_internal","","1","","1","other","100","","5","5","","10","fracking|other","","50|50","1","2","","3","other","66","","","","","","","","","","1","","1","other","100","","","","","","","",""
"41.72918273-77.3642834---2008","https://mapsengine.google.com/06136759344167181854-00219351362547715467-4/wms/?version=1.3.0","41.7291827261","-77.3642833985","2008","Tioga","final_internal","","3","","3","other","100","","","1","","1","other","100","","","","","","","","","","3","","3","other","100","","","","","","","","","","","","","","",""
"40.08816291-79.82556669---2008","https://mapsengine.google.com/06136759344167181854-00219351362547715467-4/wms/?version=1.3.0","40.088162905","-79.8255666863","2008","Fayette","first_internal","","3","","3","other","100","","","8","2","10","other","80","","","3","","3","other","100","","","","","","","","","","","","","","","","","","","","","",""
"41.68246135-75.903636---2010","https://mapsengine.google.com/06136759344167181854-06191489742681286724-4/wms/?version=1.3.0","41.68246135","-75.903636","2010","Susquehanna","first_internal","","3","","3","other","100","","","11","1","12","other","91","","","3","","3","other","100","","","","","","","","","","","","","","","","","","","","","",""
"39.91155458-79.94123005---2010","https://mapsengine.google.com/06136759344167181854-06191489742681286724-4/wms/?version=1.3.0","39.9115545812","-79.9412300482","2010","Greene","public","","10","","10","other","100","","","10","","10","other","100","","","","","","","","","","","","","","","","","","","","","","","","","","","","",""
"41.81737466-76.89501544---2010","https://mapsengine.google.com/06136759344167181854-06191489742681286724-4/wms/?version=1.3.0","41.8173746604","-76.8950154375","2010","Bradford","sweeper_internal","","1","","1","other","100","","2","6","2","10","other","60","","","3","","3","other","100","","","","","","","","","","1","","1","other","100","","","","","","","",""
"41.75456982-75.90093998---2010","https://mapsengine.google.com/06136759344167181854-06191489742681286724-4/wms/?version=1.3.0","41.75456982","-75.90093998","2010","Susquehanna","first_internal","","3","","3","other","100","","","10","1","11","other","90","","","3","","3","other","100","","","","","","","","","","","","","","","","","","","","","",""
"40.8780097-79.51980614---2010","https://mapsengine.google.com/06136759344167181854-06191489742681286724-4/wms/?version=1.3.0","40.8780097028","-79.5198061443","2010","Armstrong","public","10","","","10","fracking","100","","10","","","10","fracking","100","","","","","","","","","","","","","","","","","","","","","","","","","","","","",""
"41.6144563-76.9324016---2005","https://mapsengine.google.com/06136759344167181854-15960346301379896183-4/wms/?version=1.3.0","41.6144563028","-76.932401602","2005","Tioga","missing_internal","","1","","1","other","100","","","","","","fracking|unknown|other","","","","","","","","","","","","","","","","","","","","","","","","","1","","1","other","100",""
"41.72985177-76.80017565---2008","https://mapsengine.google.com/06136759344167181854-00219351362547715467-4/wms/?version=1.3.0","41.7298517698","-76.8001756531","2008","Bradford","final_internal","","3","","3","other","100","","","1","","1","other","100","","","3","","3","other","100","","","3","","3","other","100","","","","","","","","","","","","","","",""
"40.67631515-79.75369158---2008","https://mapsengine.google.com/06136759344167181854-00219351362547715467-4/wms/?version=1.3.0","40.6763151546","-79.7536915761","2008","Butler","first_internal","","3","","3","other","100","","","2","","2","other","100","","","3","","3","other","100","","","","","","","","","","","","","","","","","","","","","",""
"40.85330577-79.5137855---2008","https://mapsengine.google.com/06136759344167181854-00219351362547715467-4/wms/?version=1.3.0","40.8533057687","-79.5137855028","2008","Armstrong","first_internal","","3","","3","other","100","","","6","","6","other","100","","","3","","3","other","100","","","","","","","","","","","","","","","","","","","","","",""
"39.90467389-79.99527183---2010","https://mapsengine.google.com/06136759344167181854-06191489742681286724-4/wms/?version=1.3.0","39.9046738872","-79.9952718295","2010","Greene","public","","10","","10","other","100","","","10","","10","other","100","","","","","","","","","","","","","","","","","","","","","","","","","","","","",""
"39.86590484-80.01078444---2010","https://mapsengine.google.com/06136759344167181854-06191489742681286724-4/wms/?version=1.3.0","39.8659048358","-80.0107844448","2010","Greene","public","","10","","10","other","100","","","10","","10","other","100","","","","","","","","","","","","","","","","","","","","","","","","","","","","",""
"41.65044869-76.33573875---2008","https://mapsengine.google.com/06136759344167181854-00219351362547715467-4/wms/?version=1.3.0","41.6504486886","-76.3357387488","2008","Bradford","final_internal","","4","","4","other","100","","","1","","1","other","100","","","3","","3","other","100","","","4","","4","other","100","","","","","","","","","","","","","","",""
"41.88879243-75.41587531---2010","https://mapsengine.google.com/06136759344167181854-06191489742681286724-4/wms/?version=1.3.0","41.88879243","-75.41587531","2010","Wayne","first_internal","","3","","3","other","100","","","12","","12","other","100","","","3","","3","other","100","","","","","","","","","","","","","","","","","","","","","",""
"41.79137828-76.03541345---2005","https://mapsengine.google.com/06136759344167181854-15960346301379896183-4/wms/?version=1.3.0","41.7913782765","-76.0354134519","2005","Susquehanna","final_internal","","3","","3","other","100","","","1","","1","other","100","","","3","","3","other","100","","","3","","3","other","100","","","","","","","","","","","","","","",""
"41.57954141-77.06856363---2010","https://mapsengine.google.com/06136759344167181854-06191489742681286724-4/wms/?version=1.3.0","41.5795414062","-77.0685636346","2010","Tioga","public","","12","","12","other","100","","","12","","12","other","100","","","","","","","","","","","","","","","","","","","","","","","","","","","","",""
"40.26126312-80.39123627---2010","https://mapsengine.google.com/06136759344167181854-06191489742681286724-4/wms/?version=1.3.0","40.2612631235","-80.3912362679","2010","Washington","sweeper_internal","","1","","1","other","100","","4","3","3","10","fracking","40","","","","","","","","","","","","","","","","","1","","1","other","100","","","","","","","",""
"41.79685501-77.15312606---2008","https://mapsengine.google.com/06136759344167181854-00219351362547715467-4/wms/?version=1.3.0","41.796855012","-77.1531260614","2008","Tioga","final_internal","","3","","3","other","100","","","1","","1","other","100","","","","","","","","","","3","","3","other","100","","","","","","","","","","","","","","",""
"41.77009796-75.93966153---2005","https://mapsengine.google.com/06136759344167181854-15960346301379896183-4/wms/?version=1.3.0","41.7700979648","-75.9396615315","2005","Susquehanna","final_internal","","3","","3","other","100","","","1","","1","other","100","","","3","","3","other","100","","","3","","3","other","100","","","","","","","","","","","","","","",""
"39.9095586-79.96205409---2005","https://mapsengine.google.com/06136759344167181854-15960346301379896183-4/wms/?version=1.3.0","39.9095586038","-79.9620540905","2005","Greene","final_internal","","3","","3","other","100","","","1","","1","other","100","","","","","","","","","","3","","3","other","100","","","","","","","","","","","","","","",""
"39.80217093-79.97036006---2008","https://mapsengine.google.com/06136759344167181854-00219351362547715467-4/wms/?version=1.3.0","39.8021709277","-79.9703600589","2008","Greene","first_internal","","3","","3","other","100","","","10","","10","other","100","","","3","","3","other","100","","","","","","","","","","","","","","","","","","","","","",""
"41.70654938-76.09024485---2005","https://mapsengine.google.com/06136759344167181854-15960346301379896183-4/wms/?version=1.3.0","41.7065493812","-76.0902448464","2005","Susquehanna","final_internal","","3","","3","other","100","","","1","","1","other","100","","","3","","3","other","100","","","3","","3","other","100","","","","","","","","","","","","","","",""
"40.27090763-80.25251215---2008","https://mapsengine.google.com/06136759344167181854-00219351362547715467-4/wms/?version=1.3.0","40.2709076275","-80.2525121459","2008","Washington","sweeper_internal","","1","","1","other","100","","3","6","1","10","other","60","","1","2","","3","other","66","","","","","","","","","","1","","1","other","100","","","","","","","",""
"41.35388598-78.55263907---2010","https://mapsengine.google.com/06136759344167181854-06191489742681286724-4/wms/?version=1.3.0","41.3538859827","-78.552639071","2010","Elk","public","","11","","11","other","100","","","11","","11","other","100","","","","","","","","","","","","","","","","","","","","","","","","","","","","",""
"40.52676645-79.20489071---2005","https://mapsengine.google.com/06136759344167181854-15960346301379896183-4/wms/?version=1.3.0","40.5267664477","-79.2048907091","2005","Indiana","final_internal","","4","","4","other","100","","","1","","1","other","100","","","","","","","","","","4","","4","other","100","","","","","","","","","","","","","","",""
"41.70728437-75.87364168---2005","https://mapsengine.google.com/06136759344167181854-15960346301379896183-4/wms/?version=1.3.0","41.7072843673","-75.8736416839","2005","Susquehanna","final_internal","","3","","3","other","100","","","1","","1","other","100","","","3","","3","other","100","","","3","","3","other","100","","","","","","","","","","","","","","",""
"39.86182467-79.97397356---2008","https://mapsengine.google.com/06136759344167181854-00219351362547715467-4/wms/?version=1.3.0","39.8618246726","-79.9739735624","2008","Greene","first_internal","3","","","3","fracking","100","","8","1","1","10","fracking","80","","3","","","3","fracking","100","","","","","","","","","","","","","","","","","","","","","",""
"40.7794497-80.1937376---2008","https://mapsengine.google.com/06136759344167181854-00219351362547715467-4/wms/?version=1.3.0","40.7794497003","-80.1937375981","2008","Beaver","final_internal","","3","","3","other","100","","","6","","6","other","100","","","3","","3","other","100","","","3","","3","other","100","","","","","","","","","","","","","","",""
"39.90253827-80.14263358---2010","https://mapsengine.google.com/06136759344167181854-06191489742681286724-4/wms/?version=1.3.0","39.9025382715","-80.1426335805","2010","Greene","sweeper_internal","","1","","1","other","100","","2","7","1","10","other","70","","","","","","","","","","","","","","","","","1","","1","other","100","","","","","","","",""
"41.71312164-75.87130488---2008","https://mapsengine.google.com/06136759344167181854-00219351362547715467-4/wms/?version=1.3.0","41.7131216352","-75.8713048835","2008","Susquehanna","final_internal","1","2","","3","other","66","","1","","","1","fracking","100","","","3","","3","other","100","","1","2","","3","other","66","","","","","","","","","","","","","","",""
"41.76982239-76.85937048---2010","https://mapsengine.google.com/06136759344167181854-06191489742681286724-4/wms/?version=1.3.0","41.7698223909","-76.8593704841","2010","Bradford","sweeper_internal","","1","","1","other","100","","4","2","4","10","fracking|unknown","","40|40","1","2","","3","other","66","","","","","","","","","","1","","1","other","100","","","","","","","",""
"41.8481477-78.1568192---2008","https://mapsengine.google.com/06136759344167181854-00219351362547715467-4/wms/?version=1.3.0","41.8481476997","-78.156819199","2008","Potter","final_internal","1","","2","3","unknown","66","","1","","","1","fracking","100","","","","","","","","","1","","2","3","unknown","66","","","","","","","","","","","","","","",""
"40.74169154-79.61615243---2008","https://mapsengine.google.com/06136759344167181854-00219351362547715467-4/wms/?version=1.3.0","40.7416915391","-79.6161524285","2008","Armstrong","first_internal","","3","","3","other","100","","","7","","7","other","100","","","3","","3","other","100","","","","","","","","","","","","","","","","","","","","","",""
"40.25904392-80.4648382---2005","https://mapsengine.google.com/06136759344167181854-15960346301379896183-4/wms/?version=1.3.0","40.2590439194","-80.4648382037","2005","Washington","final_internal","","3","","3","other","100","","","1","","1","other","100","","","","","","","","","","3","","3","other","100","","","","","","","","","","","","","","",""
"41.78012284-76.98579082---2010","https://mapsengine.google.com/06136759344167181854-06191489742681286724-4/wms/?version=1.3.0","41.780122844","-76.9857908245","2010","Tioga","public","","11","","11","other","100","","","11","","11","other","100","","","","","","","","","","","","","","","","","","","","","","","","","","","","",""
"41.7503361-76.14190895---2010","https://mapsengine.google.com/06136759344167181854-06191489742681286724-4/wms/?version=1.3.0","41.7503361","-76.14190895","2010","Bradford","first_internal","2","","1","3","fracking","66","","8","","2","10","fracking","80","","2","","1","3","fracking","66","","","","","","","","","","","","","","","","","","","","","",""
"39.88273474-79.99752061---2010","https://mapsengine.google.com/06136759344167181854-06191489742681286724-4/wms/?version=1.3.0","39.8827347449","-79.9975206114","2010","Greene","public","","8","2","10","other","80","","","8","2","10","other","80","","","","","","","","","","","","","","","","","","","","","","","","","","","","",""
"41.59290782-75.56889943---2005","https://mapsengine.google.com/06136759344167181854-15960346301379896183-4/wms/?version=1.3.0","41.5929078179","-75.5688994278","2005","Lackawanna","final_internal","","3","","3","other","100","","","1","","1","other","100","","","3","","3","other","100","","","3","","3","other","100","","","","","","","","","","","","","","",""
"41.71571926-77.39700124---2008","https://mapsengine.google.com/06136759344167181854-00219351362547715467-4/wms/?version=1.3.0","41.7157192553","-77.3970012396","2008","Tioga","final_internal","","3","","3","other","100","","","1","","1","other","100","","","","","","","","","","3","","3","other","100","","","","","","","","","","","","","","",""
"41.79487436-77.26647961---2005","https://mapsengine.google.com/06136759344167181854-15960346301379896183-4/wms/?version=1.3.0","41.7948743594","-77.2664796107","2005","Tioga","missing_internal","","1","","1","other","100","","","","","","fracking|unknown|other","","","","","","","","","","","","","","","","","","","","","","","","","1","","1","other","100",""
"39.99331732-79.79183492---2005","https://mapsengine.google.com/06136759344167181854-15960346301379896183-4/wms/?version=1.3.0","39.9933173186","-79.7918349224","2005","Fayette","final_internal","","3","","3","other","100","","","1","","1","other","100","","","","","","","","","","3","","3","other","100","","","","","","","","","","","","","","",""
"41.71986482-76.07148842---2010","https://mapsengine.google.com/06136759344167181854-06191489742681286724-4/wms/?version=1.3.0","41.71986482","-76.07148842","2010","Susquehanna","first_internal","","3","","3","other","100","","","10","","10","other","100","","","3","","3","other","100","","","","","","","","","","","","","","","","","","","","","",""
"41.59601326-78.33109883---2008","https://mapsengine.google.com/06136759344167181854-00219351362547715467-4/wms/?version=1.3.0","41.5960132634","-78.3310988332","2008","Cameron","first_internal","","3","","3","other","100","","","4","2","6","other","66","","","3","","3","other","100","","","","","","","","","","","","","","","","","","","","","",""
"40.82789272-79.67243633---2008","https://mapsengine.google.com/06136759344167181854-00219351362547715467-4/wms/?version=1.3.0","40.8278927154","-79.6724363342","2008","Armstrong","first_internal","","3","","3","other","100","","","6","","6","other","100","","","3","","3","other","100","","","","","","","","","","","","","","","","","","","","","",""
"41.5628603-76.99959309---2010","https://mapsengine.google.com/06136759344167181854-06191489742681286724-4/wms/?version=1.3.0","41.562860297","-76.9995930921","2010","Tioga","public","","10","","10","other","100","","","10","","10","other","100","","","","","","","","","","","","","","","","","","","","","","","","","","","","",""
"41.55060444-76.42166301---2010","https://mapsengine.google.com/06136759344167181854-06191489742681286724-4/wms/?version=1.3.0","41.55060444","-76.42166301","2010","Sullivan","first_internal","","3","","3","other","100","","","10","","10","other","100","","","3","","3","other","100","","","","","","","","","","","","","","","","","","","","","",""
"41.74974745-76.00082989---2008","https://mapsengine.google.com/06136759344167181854-00219351362547715467-4/wms/?version=1.3.0","41.7497474525","-76.0008298864","2008","Susquehanna","final_internal","","3","","3","other","100","","","1","","1","other","100","","","3","","3","other","100","","","3","","3","other","100","","","","","","","","","","","","","","",""
"39.87916564-80.30556457---2010","https://mapsengine.google.com/06136759344167181854-06191489742681286724-4/wms/?version=1.3.0","39.8791656351","-80.3055645657","2010","Greene","sweeper_internal","","1","","1","other","100","","1","7","2","10","other","70","","","","","","","","","","","","","","","","","1","","1","other","100","","","","","","","",""
"41.46722366-78.91472586---2010","https://mapsengine.google.com/06136759344167181854-06191489742681286724-4/wms/?version=1.3.0","41.4672236559","-78.9147258607","2010","Elk","public","","10","","10","other","100","","","10","","10","other","100","","","","","","","","","","","","","","","","","","","","","","","","","","","","",""
"40.85065687-78.65996005---2010","https://mapsengine.google.com/06136759344167181854-06191489742681286724-4/wms/?version=1.3.0","40.8506568725","-78.6599600494","2010","Clearfield","public","30","","","30","fracking","100","","30","","","30","fracking","100","","","","","","","","","","","","","","","","","","","","","","","","","","","","",""
"41.73248472-76.00938864---2005","https://mapsengine.google.com/06136759344167181854-15960346301379896183-4/wms/?version=1.3.0","41.7324847232","-76.0093886373","2005","Susquehanna","final_internal","","3","","3","other","100","","","1","","1","other","100","","","3","","3","other","100","","","3","","3","other","100","","","","","","","","","","","","","","",""
"40.17197338-79.76218746---2005","https://mapsengine.google.com/06136759344167181854-15960346301379896183-4/wms/?version=1.3.0","40.1719733796","-79.7621874567","2005","Westmoreland","final_internal","","3","","3","other","100","","","1","","1","other","100","","","","","","","","","","3","","3","other","100","","","","","","","","","","","","","","",""
"39.72852949-80.01689908---2010","https://mapsengine.google.com/06136759344167181854-06191489742681286724-4/wms/?version=1.3.0","39.7285294919","-80.0168990761","2010","Greene","sweeper_internal","","1","","1","other","100","","1","7","2","10","other","70","","","","","","","","","","","","","","","","","1","","1","other","100","","","","","","","",""
"41.68121019-76.05718049---2010","https://mapsengine.google.com/06136759344167181854-06191489742681286724-4/wms/?version=1.3.0","41.68121019","-76.05718049","2010","Susquehanna","first_internal","","3","","3","other","100","","","10","","10","other","100","","","3","","3","other","100","","","","","","","","","","","","","","","","","","","","","",""
"41.6255846-76.4506782---2008","https://mapsengine.google.com/06136759344167181854-00219351362547715467-4/wms/?version=1.3.0","41.6255845978","-76.4506782041","2008","Bradford","final_internal","","3","","3","other","100","","","1","","1","other","100","","","3","","3","other","100","","","3","","3","other","100","","","","","","","","","","","","","","",""
"41.63941043-76.38616555---2008","https://mapsengine.google.com/06136759344167181854-00219351362547715467-4/wms/?version=1.3.0","41.6394104274","-76.3861655541","2008","Bradford","final_internal","","3","","3","other","100","","","1","","1","other","100","","","3","","3","other","100","","","3","","3","other","100","","","","","","","","","","","","","","",""
"41.28139986-76.63194289---2010","https://mapsengine.google.com/06136759344167181854-06191489742681286724-4/wms/?version=1.3.0","41.2813998613","-76.6319428891","2010","Lycoming","sweeper_internal","","1","","1","other","100","","3","5","2","10","other","50","","","","","","","","","","","","","","","","","1","","1","other","100","","","","","","","",""
"40.21022481-80.37366957---2008","https://mapsengine.google.com/06136759344167181854-00219351362547715467-4/wms/?version=1.3.0","40.2102248052","-80.3736695653","2008","Washington","first_internal","","3","","3","other","100","","","10","","10","other","100","","","3","","3","other","100","","","","","","","","","","","","","","","","","","","","","",""
"41.54157598-77.09762793---2005","https://mapsengine.google.com/06136759344167181854-15960346301379896183-4/wms/?version=1.3.0","41.5415759753","-77.0976279325","2005","Lycoming","missing_internal","","1","","1","other","100","","","","","","fracking|unknown|other","","","","","","","","","","","","","","","","","","","","","","","","","1","","1","other","100",""
"41.30289746-79.34862563---2010","https://mapsengine.google.com/06136759344167181854-06191489742681286724-4/wms/?version=1.3.0","41.30289746","-79.3486256318","2010","Clarion","public","1","10","","11","other","90","","1","10","","11","other","90","","","","","","","","","","","","","","","","","","","","","","","","","","","","",""
"40.95596951-79.95593669---2010","https://mapsengine.google.com/06136759344167181854-06191489742681286724-4/wms/?version=1.3.0","40.9559695118","-79.9559366891","2010","Butler","public","","10","","10","other","100","","","10","","10","other","100","","","","","","","","","","","","","","","","","","","","","","","","","","","","",""
"41.73042294-75.87902436---2010","https://mapsengine.google.com/06136759344167181854-06191489742681286724-4/wms/?version=1.3.0","41.73042294","-75.87902436","2010","Susquehanna","first_internal","","3","","3","other","100","","","10","","10","other","100","","","3","","3","other","100","","","","","","","","","","","","","","","","","","","","","",""
"41.70468538-77.56361297---2010","https://mapsengine.google.com/06136759344167181854-06191489742681286724-4/wms/?version=1.3.0","41.7046853754","-77.5636129684","2010","Tioga","public","10","","2","12","fracking","83","","10","","2","12","fracking","83","","","","","","","","","","","","","","","","","","","","","","","","","","","","",""
"41.72616429-75.92052846---2008","https://mapsengine.google.com/06136759344167181854-00219351362547715467-4/wms/?version=1.3.0","41.7261642861","-75.9205284648","2008","Susquehanna","final_internal","","4","","4","other","100","","","1","","1","other","100","","","3","","3","other","100","","","4","","4","other","100","","","","","","","","","","","","","","",""
"41.64425573-77.41631318---2005","https://mapsengine.google.com/06136759344167181854-15960346301379896183-4/wms/?version=1.3.0","41.6442557342","-77.4163131803","2005","Tioga","final_internal","","3","","3","other","100","","","1","","1","other","100","","","","","","","","","","3","","3","other","100","","","","","","","","","","","","","","",""
"39.93180567-79.98560374---2010","https://mapsengine.google.com/06136759344167181854-06191489742681286724-4/wms/?version=1.3.0","39.9318056707","-79.9856037361","2010","Greene","public","","10","","10","other","100","","","10","","10","other","100","","","","","","","","","","","","","","","","","","","","","","","","","","","","",""
"41.66728446-76.36303155---2008","https://mapsengine.google.com/06136759344167181854-00219351362547715467-4/wms/?version=1.3.0","41.6672844618","-76.3630315526","2008","Bradford","final_internal","","3","","3","other","100","","","1","","1","other","100","","","3","","3","other","100","","","3","","3","other","100","","","","","","","","","","","","","","",""
"41.68574222-75.89916784---2008","https://mapsengine.google.com/06136759344167181854-00219351362547715467-4/wms/?version=1.3.0","41.6857422244","-75.8991678408","2008","Susquehanna","final_internal","","3","","3","other","100","","","1","","1","other","100","","","3","","3","other","100","","","3","","3","other","100","","","","","","","","","","","","","","",""
"40.63021189-79.1016003---2010","https://mapsengine.google.com/06136759344167181854-06191489742681286724-4/wms/?version=1.3.0","40.6302118904","-79.1016002953","2010","Indiana","sweeper_internal","1","","","1","fracking","100","","20","","10","30","fracking","66","","","","","","","","","","","","","","","","1","","","1","fracking","100","","","","","","","",""
"39.92214104-80.01375765---2010","https://mapsengine.google.com/06136759344167181854-06191489742681286724-4/wms/?version=1.3.0","39.9221410433","-80.0137576478","2010","Greene","public","","10","","10","other","100","","","10","","10","other","100","","","","","","","","","","","","","","","","","","","","","","","","","","","","",""
"40.78521028-79.53982611---2010","https://mapsengine.google.com/06136759344167181854-06191489742681286724-4/wms/?version=1.3.0","40.7852102815","-79.5398261118","2010","Armstrong","public","1","9","","10","other","90","","1","9","","10","other","90","","","","","","","","","","","","","","","","","","","","","","","","","","","","",""
"40.72717745-79.61767649---2008","https://mapsengine.google.com/06136759344167181854-00219351362547715467-4/wms/?version=1.3.0","40.7271774549","-79.6176764907","2008","Armstrong","first_internal","","3","","3","other","100","","","7","","7","other","100","","","3","","3","other","100","","","","","","","","","","","","","","","","","","","","","",""
"41.29563454-78.90979287---2008","https://mapsengine.google.com/06136759344167181854-00219351362547715467-4/wms/?version=1.3.0","41.2956345385","-78.9097928733","2008","Jefferson","first_internal","","3","","3","other","100","","","10","","10","other","100","","","3","","3","other","100","","","","","","","","","","","","","","","","","","","","","",""
"40.17135003-79.75687339---2008","https://mapsengine.google.com/06136759344167181854-00219351362547715467-4/wms/?version=1.3.0","40.171350031","-79.7568733851","2008","Westmoreland","final_internal","2","","1","3","fracking","66","","3","","","3","fracking","100","","","","","","","","","2","","1","3","fracking","66","","","","","","","","","","","","","","",""
"39.72634216-80.03834282---2005","https://mapsengine.google.com/06136759344167181854-15960346301379896183-4/wms/?version=1.3.0","39.7263421636","-80.0383428167","2005","Greene","final_internal","","3","","3","other","100","","","1","","1","other","100","","","","","","","","","","3","","3","other","100","","","","","","","","","","","","","","",""
"41.74193908-76.05930697---2005","https://mapsengine.google.com/06136759344167181854-15960346301379896183-4/wms/?version=1.3.0","41.7419390837","-76.0593069678","2005","Susquehanna","final_internal","","3","","3","other","100","","","1","","1","other","100","","","3","","3","other","100","","","3","","3","other","100","","","","","","","","","","","","","","",""
"40.87611731-79.56633239---2005","https://mapsengine.google.com/06136759344167181854-15960346301379896183-4/wms/?version=1.3.0","40.8761173084","-79.5663323885","2005","Armstrong","final_internal","","3","","3","other","100","","","1","","1","other","100","","","","","","","","","","3","","3","other","100","","","","","","","","","","","","","","",""
"40.95811383-79.95198678---2010","https://mapsengine.google.com/06136759344167181854-06191489742681286724-4/wms/?version=1.3.0","40.9581138264","-79.9519867804","2010","Butler","public","","15","","15","other","100","","","15","","15","other","100","","","","","","","","","","","","","","","","","","","","","","","","","","","","",""
"41.58682425-76.84879236---2008","https://mapsengine.google.com/06136759344167181854-00219351362547715467-4/wms/?version=1.3.0","41.5868242499","-76.8487923633","2008","Lycoming","final_internal","","3","","3","other","100","","","1","","1","other","100","","","","","","","","","","3","","3","other","100","","","","","","","","","","","","","","",""
"40.7847672-79.99298714---2005","https://mapsengine.google.com/06136759344167181854-15960346301379896183-4/wms/?version=1.3.0","40.7847672039","-79.9929871445","2005","Butler","final_internal","","3","","3","other","100","","","1","","1","other","100","","","","","","","","","","3","","3","other","100","","","","","","","","","","","","","","",""
"40.23687726-79.73119813---2010","https://mapsengine.google.com/06136759344167181854-06191489742681286724-4/wms/?version=1.3.0","40.2368772588","-79.7311981264","2010","Westmoreland","public","","10","","10","other","100","","","10","","10","other","100","","","","","","","","","","","","","","","","","","","","","","","","","","","","",""
"41.86267899-76.05824768---2005","https://mapsengine.google.com/06136759344167181854-15960346301379896183-4/wms/?version=1.3.0","41.8626789919","-76.0582476834","2005","Susquehanna","final_internal","","3","","3","other","100","","","1","","1","other","100","","","3","","3","other","100","","","3","","3","other","100","","","","","","","","","","","","","","",""
"41.6982339-76.72341016---2008","https://mapsengine.google.com/06136759344167181854-00219351362547715467-4/wms/?version=1.3.0","41.6982339048","-76.7234101586","2008","Bradford","final_internal","","3","","3","other","100","","","1","","1","other","100","","","3","","3","other","100","","","3","","3","other","100","","","","","","","","","","","","","","",""
"39.80078045-79.5276762---2008","https://mapsengine.google.com/06136759344167181854-00219351362547715467-4/wms/?version=1.3.0","39.8007804549","-79.5276762027","2008","Fayette","first_internal","","3","","3","other","100","","","8","2","10","other","80","","","3","","3","other","100","","","","","","","","","","","","","","","","","","","","","",""
"41.87920122-77.66431705---2010","https://mapsengine.google.com/06136759344167181854-06191489742681286724-4/wms/?version=1.3.0","41.8792012225","-77.664317054","2010","Potter","public","","10","","10","other","100","","","10","","10","other","100","","","","","","","","","","","","","","","","","","","","","","","","","","","","",""
"40.25172383-79.74705222---2010","https://mapsengine.google.com/06136759344167181854-06191489742681286724-4/wms/?version=1.3.0","40.2517238265","-79.7470522182","2010","Westmoreland","public","","10","","10","other","100","","","10","","10","other","100","","","","","","","","","","","","","","","","","","","","","","","","","","","","",""
"41.95810993-77.608297---2010","https://mapsengine.google.com/06136759344167181854-06191489742681286724-4/wms/?version=1.3.0","41.9581099323","-77.6082969967","2010","Tioga","sweeper_internal","","1","","1","other","100","","2","5","3","10","other","50","","","","","","","","","","","","","","","","","1","","1","other","100","","","","","","","",""
"41.54162944-77.09758842---2010","https://mapsengine.google.com/06136759344167181854-06191489742681286724-4/wms/?version=1.3.0","41.5416294432","-77.0975884211","2010","Lycoming","public","","10","","10","other","100","","","10","","10","other","100","","","","","","","","","","","","","","","","","","","","","","","","","","","","",""
"41.35243668-78.54696952---2010","https://mapsengine.google.com/06136759344167181854-06191489742681286724-4/wms/?version=1.3.0","41.3524366754","-78.5469695193","2010","Elk","public","2","9","","11","other","81","","2","9","","11","other","81","","","","","","","","","","","","","","","","","","","","","","","","","","","","",""
"39.88163367-80.01636116---2008","https://mapsengine.google.com/06136759344167181854-00219351362547715467-4/wms/?version=1.3.0","39.881633669","-80.0163611631","2008","Greene","first_internal","","3","","3","other","100","","","9","1","10","other","90","","","3","","3","other","100","","","","","","","","","","","","","","","","","","","","","",""
"41.64621005-76.33915579---2010","https://mapsengine.google.com/06136759344167181854-06191489742681286724-4/wms/?version=1.3.0","41.64621005","-76.33915579","2010","Bradford","first_internal","","3","","3","other","100","","","14","","14","other","100","","","3","","3","other","100","","","","","","","","","","","","","","","","","","","","","",""
"41.25878645-76.50480198---2010","https://mapsengine.google.com/06136759344167181854-06191489742681286724-4/wms/?version=1.3.0","41.2587864465","-76.5048019772","2010","Lycoming","public","","10","","10","other","100","","","10","","10","other","100","","","","","","","","","","","","","","","","","","","","","","","","","","","","",""
"41.88016581-75.89195698---2008","https://mapsengine.google.com/06136759344167181854-00219351362547715467-4/wms/?version=1.3.0","41.880165814","-75.8919569792","2008","Susquehanna","final_internal","","3","","3","other","100","","","1","","1","other","100","","","3","","3","other","100","","","3","","3","other","100","","","","","","","","","","","","","","",""
"41.75880471-76.9866195---2008","https://mapsengine.google.com/06136759344167181854-00219351362547715467-4/wms/?version=1.3.0","41.7588047081","-76.9866195017","2008","Tioga","final_internal","","3","","3","other","100","","","1","","1","other","100","","","","","","","","","","3","","3","other","100","","","","","","","","","","","","","","",""
"39.88066141-80.00098227---2008","https://mapsengine.google.com/06136759344167181854-00219351362547715467-4/wms/?version=1.3.0","39.8806614125","-80.0009822694","2008","Greene","sweeper_internal","","1","","1","other","100","","4","2","4","10","fracking|unknown","","40|40","","2","1","3","other","66","","","","","","","","","","1","","1","other","100","","","","","","","",""
"41.67483312-77.34755112---2005","https://mapsengine.google.com/06136759344167181854-15960346301379896183-4/wms/?version=1.3.0","41.6748331222","-77.3475511157","2005","Tioga","missing_internal","","1","","1","other","100","","","","","","fracking|unknown|other","","","","","","","","","","","","","","","","","","","","","","","","","1","","1","other","100",""
"41.77614328-76.23216191---2008","https://mapsengine.google.com/06136759344167181854-00219351362547715467-4/wms/?version=1.3.0","41.7761432837","-76.232161915","2008","Bradford","final_internal","","3","","3","other","100","","","1","","1","other","100","","","","","","","","","","3","","3","other","100","","","","","","","","","","","","","","",""
"41.79230379-76.99546066---2005","https://mapsengine.google.com/06136759344167181854-15960346301379896183-4/wms/?version=1.3.0","41.7923037871","-76.9954606579","2005","Tioga","missing_internal","","1","","1","other","100","","","","","","fracking|unknown|other","","","","","","","","","","","","","","","","","","","","","","","","","1","","1","other","100",""
"41.70973188-75.92766141---2005","https://mapsengine.google.com/06136759344167181854-15960346301379896183-4/wms/?version=1.3.0","41.7097318817","-75.9276614108","2005","Susquehanna","final_internal","","4","","4","other","100","","","1","","1","other","100","","","3","","3","other","100","","","4","","4","other","100","","","","","","","","","","","","","","",""
"41.42943605-77.134802---2008","https://mapsengine.google.com/06136759344167181854-00219351362547715467-4/wms/?version=1.3.0","41.4294360502","-77.1348020025","2008","Lycoming","final_internal","","4","","4","other","100","","","1","","1","other","100","","","","","","","","","","4","","4","other","100","","","","","","","","","","","","","","",""
"41.27966-76.33354211---2008","https://mapsengine.google.com/06136759344167181854-00219351362547715467-4/wms/?version=1.3.0","41.2796600005","-76.3335421141","2008","Columbia","final_internal","","3","","3","other","100","","","1","","1","other","100","","","3","","3","other","100","","","3","","3","other","100","","","","","","","","","","","","","","",""
"41.66726173-76.16463298---2005","https://mapsengine.google.com/06136759344167181854-15960346301379896183-4/wms/?version=1.3.0","41.667261729","-76.1646329791","2005","Bradford","final_internal","","4","","4","other","100","","","1","","1","other","100","","","3","","3","other","100","","","4","","4","other","100","","","","","","","","","","","","","","",""
"41.62256972-76.93389216---2008","https://mapsengine.google.com/06136759344167181854-00219351362547715467-4/wms/?version=1.3.0","41.6225697212","-76.9338921631","2008","Tioga","final_internal","","3","","3","other","100","","","1","","1","other","100","","","","","","","","","","3","","3","other","100","","","","","","","","","","","","","","",""
"41.72003047-75.90845903---2010","https://mapsengine.google.com/06136759344167181854-06191489742681286724-4/wms/?version=1.3.0","41.72003047","-75.90845903","2010","Susquehanna","first_internal","","3","","3","other","100","","","11","1","12","other","91","","","3","","3","other","100","","","","","","","","","","","","","","","","","","","","","",""
"39.81876573-79.97726352---2010","https://mapsengine.google.com/06136759344167181854-06191489742681286724-4/wms/?version=1.3.0","39.8187657329","-79.9772635185","2010","Greene","public","11","","","11","fracking","100","","11","","","11","fracking","100","","","","","","","","","","","","","","","","","","","","","","","","","","","","",""
"41.80022543-76.9716055---2008","https://mapsengine.google.com/06136759344167181854-00219351362547715467-4/wms/?version=1.3.0","41.8002254299","-76.9716055017","2008","Tioga","final_internal","","3","","3","other","100","","","1","","1","other","100","","","","","","","","","","3","","3","other","100","","","","","","","","","","","","","","",""
"41.75125996-76.77482844---2010","https://mapsengine.google.com/06136759344167181854-06191489742681286724-4/wms/?version=1.3.0","41.75125996","-76.77482844","2010","Bradford","first_internal","","3","","3","other","100","","","10","","10","other","100","","","3","","3","other","100","","","","","","","","","","","","","","","","","","","","","",""
"41.89242556-77.37142386---2010","https://mapsengine.google.com/06136759344167181854-06191489742681286724-4/wms/?version=1.3.0","41.8924255611","-77.3714238622","2010","Tioga","public","1","9","1","11","other","81","","1","9","1","11","other","81","","","","","","","","","","","","","","","","","","","","","","","","","","","","",""
"40.87549352-79.52630213---2005","https://mapsengine.google.com/06136759344167181854-15960346301379896183-4/wms/?version=1.3.0","40.8754935203","-79.5263021264","2005","Armstrong","final_internal","","3","","3","other","100","","","1","","1","other","100","","","","","","","","","","3","","3","other","100","","","","","","","","","","","","","","",""
"40.38098656-79.3288558---2010","https://mapsengine.google.com/06136759344167181854-06191489742681286724-4/wms/?version=1.3.0","40.3809865555","-79.3288557995","2010","Westmoreland","public","8","","2","10","fracking","80","","8","","2","10","fracking","80","","","","","","","","","","","","","","","","","","","","","","","","","","","","",""
"39.93245439-79.86482464---2008","https://mapsengine.google.com/06136759344167181854-00219351362547715467-4/wms/?version=1.3.0","39.9324543867","-79.8648246372","2008","Fayette","sweeper_internal","","1","","1","other","100","","2","6","2","10","other","60","","","3","","3","other","100","","","","","","","","","","1","","1","other","100","","","","","","","",""
"39.9376826-79.96689128---2010","https://mapsengine.google.com/06136759344167181854-06191489742681286724-4/wms/?version=1.3.0","39.9376825992","-79.966891283","2010","Greene","sweeper_internal","1","","","1","fracking","100","","7","2","1","10","fracking","70","","","","","","","","","","","","","","","","1","","","1","fracking","100","","","","","","","",""
"41.74672156-75.95922447---2010","https://mapsengine.google.com/06136759344167181854-06191489742681286724-4/wms/?version=1.3.0","41.7467215583","-75.9592244707","2010","Susquehanna","sweeper_internal","","1","","1","other","100","","","7","4","11","other","63","","","3","","3","other","100","","","","","","","","","","1","","1","other","100","","","","","","","",""
"39.93524176-79.99306873---2010","https://mapsengine.google.com/06136759344167181854-06191489742681286724-4/wms/?version=1.3.0","39.935241755","-79.9930687308","2010","Greene","sweeper_internal","","1","","1","other","100","","2","7","1","10","other","70","","","","","","","","","","","","","","","","","1","","1","other","100","","","","","","","",""
"41.93608618-77.02371561---2005","https://mapsengine.google.com/06136759344167181854-15960346301379896183-4/wms/?version=1.3.0","41.9360861764","-77.0237156057","2005","Tioga","missing_internal","","1","","1","other","100","","","","","","fracking|unknown|other","","","","","","","","","","","","","","","","","","","","","","","","","1","","1","other","100",""
"41.80941851-76.93405782---2010","https://mapsengine.google.com/06136759344167181854-06191489742681286724-4/wms/?version=1.3.0","41.8094185094","-76.9340578195","2010","Tioga","public","11","","","11","fracking","100","","11","","","11","fracking","100","","","","","","","","","","","","","","","","","","","","","","","","","","","","",""
"41.93619831-77.06819928---2008","https://mapsengine.google.com/06136759344167181854-00219351362547715467-4/wms/?version=1.3.0","41.9361983145","-77.0681992832","2008","Tioga","final_internal","","3","","3","other","100","","","1","","1","other","100","","","","","","","","","","3","","3","other","100","","","","","","","","","","","","","","",""
"41.72328155-76.18956728---2008","https://mapsengine.google.com/06136759344167181854-00219351362547715467-4/wms/?version=1.3.0","41.7232815478","-76.1895672814","2008","Bradford","final_internal","","3","","3","other","100","","","1","","1","other","100","","","3","","3","other","100","","","3","","3","other","100","","","","","","","","","","","","","","",""
"40.11626745-79.82195509---2010","https://mapsengine.google.com/06136759344167181854-06191489742681286724-4/wms/?version=1.3.0","40.1162674544","-79.8219550893","2010","Fayette","sweeper_internal","","1","","1","other","100","","3","4","3","10","other","40","","","","","","","","","","","","","","","","","1","","1","other","100","","","","","","","",""
"41.75182424-76.83314774---2005","https://mapsengine.google.com/06136759344167181854-15960346301379896183-4/wms/?version=1.3.0","41.7518242395","-76.8331477413","2005","Bradford","final_internal","","3","","3","other","100","","","1","","1","other","100","","","3","","3","other","100","","","3","","3","other","100","","","","","","","","","","","","","","",""
"41.65280574-75.96507367---2010","https://mapsengine.google.com/06136759344167181854-06191489742681286724-4/wms/?version=1.3.0","41.65280574","-75.96507367","2010","Susquehanna","first_internal","","3","","3","other","100","","","11","","11","other","100","","","3","","3","other","100","","","","","","","","","","","","","","","","","","","","","",""
"41.68406554-77.27517671---2005","https://mapsengine.google.com/06136759344167181854-15960346301379896183-4/wms/?version=1.3.0","41.6840655444","-77.2751767115","2005","Tioga","missing_internal","","1","","1","other","100","","","","","","fracking|unknown|other","","","","","","","","","","","","","","","","","","","","","","","","","1","","1","other","100",""
"41.89029862-75.4111441---2005","https://mapsengine.google.com/06136759344167181854-15960346301379896183-4/wms/?version=1.3.0","41.8902986243","-75.4111440965","2005","Wayne","final_internal","","3","","3","other","100","","","1","","1","other","100","","","3","","3","other","100","","","3","","3","other","100","","","","","","","","","","","","","","",""
"40.85605194-79.51652756---2008","https://mapsengine.google.com/06136759344167181854-00219351362547715467-4/wms/?version=1.3.0","40.8560519353","-79.5165275568","2008","Armstrong","first_internal","","3","","3","other","100","","","5","1","6","other","83","","","3","","3","other","100","","","","","","","","","","","","","","","","","","","","","",""
"40.86059708-79.50395747---2010","https://mapsengine.google.com/06136759344167181854-06191489742681286724-4/wms/?version=1.3.0","40.860597081","-79.5039574671","2010","Armstrong","sweeper_internal","","1","","1","other","100","","2","7","1","10","other","70","","","","","","","","","","","","","","","","","1","","1","other","100","","","","","","","",""
"41.87160341-76.28297394---2008","https://mapsengine.google.com/06136759344167181854-00219351362547715467-4/wms/?version=1.3.0","41.8716034086","-76.2829739396","2008","Bradford","final_internal","","4","","4","other","100","","","1","","1","other","100","","","3","","3","other","100","","","4","","4","other","100","","","","","","","","","","","","","","",""
"41.13440051-77.88622646---2010","https://mapsengine.google.com/06136759344167181854-06191489742681286724-4/wms/?version=1.3.0","41.1344005135","-77.886226457","2010","Centre","public","11","","1","12","fracking","91","","11","","1","12","fracking","91","","","","","","","","","","","","","","","","","","","","","","","","","","","","",""
"41.73328892-76.08993159---2010","https://mapsengine.google.com/06136759344167181854-06191489742681286724-4/wms/?version=1.3.0","41.7332889223","-76.0899315921","2010","Susquehanna","sweeper_internal","","1","","1","other","100","","1","7","2","10","other","70","","","2","1","3","other","66","","","","","","","","","","1","","1","other","100","","","","","","","",""
"40.26687987-80.35435583---2010","https://mapsengine.google.com/06136759344167181854-06191489742681286724-4/wms/?version=1.3.0","40.2668798685","-80.3543558325","2010","Washington","public","10","","","10","fracking","100","","10","","","10","fracking","100","","","","","","","","","","","","","","","","","","","","","","","","","","","","",""
"41.7439944-77.22204239---2008","https://mapsengine.google.com/06136759344167181854-00219351362547715467-4/wms/?version=1.3.0","41.7439943977","-77.222042386","2008","Tioga","final_internal","","3","","3","other","100","","","1","","1","other","100","","","","","","","","","","3","","3","other","100","","","","","","","","","","","","","","",""
"41.54295985-76.42208329---2005","https://mapsengine.google.com/06136759344167181854-15960346301379896183-4/wms/?version=1.3.0","41.5429598466","-76.4220832947","2005","Sullivan","final_internal","","3","","3","other","100","","","1","","1","other","100","","","3","","3","other","100","","","3","","3","other","100","","","","","","","","","","","","","","",""
"41.74856184-75.901303---2008","https://mapsengine.google.com/06136759344167181854-00219351362547715467-4/wms/?version=1.3.0","41.7485618361","-75.9013030004","2008","Susquehanna","final_internal","","3","","3","other","100","","","1","","1","other","100","","","2","1","3","other","66","","","3","","3","other","100","","","","","","","","","","","","","","",""
"39.90023301-80.29367678---2010","https://mapsengine.google.com/06136759344167181854-06191489742681286724-4/wms/?version=1.3.0","39.9002330148","-80.2936767825","2010","Greene","sweeper_internal","","1","","1","other","100","","3","6","2","11","other","54","","","","","","","","","","","","","","","","","1","","1","other","100","","","","","","","",""
"40.10790355-80.05888792---2010","https://mapsengine.google.com/06136759344167181854-06191489742681286724-4/wms/?version=1.3.0","40.1079035511","-80.0588879233","2010","Washington","public","","10","","10","other","100","","","10","","10","other","100","","","","","","","","","","","","","","","","","","","","","","","","","","","","",""
"40.02060897-80.03509313---2008","https://mapsengine.google.com/06136759344167181854-00219351362547715467-4/wms/?version=1.3.0","40.0206089739","-80.0350931327","2008","Washington","first_internal","3","","","3","fracking","100","","10","","","10","fracking","100","","3","","","3","fracking","100","","","","","","","","","","","","","","","","","","","","","",""
"39.97122964-79.69171695---2005","https://mapsengine.google.com/06136759344167181854-15960346301379896183-4/wms/?version=1.3.0","39.9712296396","-79.6917169527","2005","Fayette","final_internal","","3","","3","other","100","","","1","","1","other","100","","","","","","","","","","3","","3","other","100","","","","","","","","","","","","","","",""
"40.23740419-80.43080958---2010","https://mapsengine.google.com/06136759344167181854-06191489742681286724-4/wms/?version=1.3.0","40.2374041944","-80.430809582","2010","Washington","public","1","9","","10","other","90","","1","9","","10","other","90","","","","","","","","","","","","","","","","","","","","","","","","","","","","",""
"41.26229995-76.61935054---2010","https://mapsengine.google.com/06136759344167181854-06191489742681286724-4/wms/?version=1.3.0","41.26229995","-76.619350535","2010","Lycoming","public","9","","1","10","fracking","90","","9","","1","10","fracking","90","","","","","","","","","","","","","","","","","","","","","","","","","","","","",""
"41.72444572-76.80591021---2010","https://mapsengine.google.com/06136759344167181854-06191489742681286724-4/wms/?version=1.3.0","41.7244457232","-76.8059102067","2010","Bradford","sweeper_internal","","1","","1","other","100","","2","6","2","10","other","60","","","3","","3","other","100","","","","","","","","","","1","","1","other","100","","","","","","","",""
"41.75009923-75.87216356---2010","https://mapsengine.google.com/06136759344167181854-06191489742681286724-4/wms/?version=1.3.0","41.75009923","-75.87216356","2010","Susquehanna","first_internal","","3","","3","other","100","","","10","","10","other","100","","","3","","3","other","100","","","","","","","","","","","","","","","","","","","","","",""
"41.75026855-76.13741862---2008","https://mapsengine.google.com/06136759344167181854-00219351362547715467-4/wms/?version=1.3.0","41.7502685503","-76.1374186221","2008","Bradford","final_internal","","3","","3","other","100","","","1","","1","other","100","","","3","","3","other","100","","","3","","3","other","100","","","","","","","","","","","","","","",""
"39.90756844-80.29888741---2008","https://mapsengine.google.com/06136759344167181854-00219351362547715467-4/wms/?version=1.3.0","39.9075684398","-80.2988874108","2008","Greene","sweeper_internal","1","","","1","fracking","100","","4","1","5","10","unknown","50","","2","","1","3","fracking","66","","","","","","","","","1","","","1","fracking","100","","","","","","","",""
"41.69484493-76.77813082---2010","https://mapsengine.google.com/06136759344167181854-06191489742681286724-4/wms/?version=1.3.0","41.6948449329","-76.7781308186","2010","Bradford","sweeper_internal","","1","","1","other","100","","5","3","2","10","fracking","50","","3","","","3","fracking","100","","","","","","","","","","1","","1","other","100","","","","","","","",""
"39.92968416-79.96107174---2010","https://mapsengine.google.com/06136759344167181854-06191489742681286724-4/wms/?version=1.3.0","39.929684156","-79.961071736","2010","Greene","sweeper_internal","","1","","1","other","100","","3","6","1","10","other","60","","","","","","","","","","","","","","","","","1","","1","other","100","","","","","","","",""
"41.90626401-76.85697511---2005","https://mapsengine.google.com/06136759344167181854-15960346301379896183-4/wms/?version=1.3.0","41.9062640063","-76.8569751051","2005","Bradford","final_internal","","3","","3","other","100","","1","","","1","fracking","100","","","3","","3","other","100","","","3","","3","other","100","","","","","","","","","","","","","","",""
"41.70615553-77.55524852---2010","https://mapsengine.google.com/06136759344167181854-06191489742681286724-4/wms/?version=1.3.0","41.7061555317","-77.5552485249","2010","Tioga","public","","12","","12","other","100","","","12","","12","other","100","","","","","","","","","","","","","","","","","","","","","","","","","","","","",""
"41.74911908-75.91979531---2010","https://mapsengine.google.com/06136759344167181854-06191489742681286724-4/wms/?version=1.3.0","41.74911908","-75.91979531","2010","Susquehanna","first_internal","","3","","3","other","100","","","12","","12","other","100","","","3","","3","other","100","","","","","","","","","","","","","","","","","","","","","",""
"41.68327246-75.79963792---2010","https://mapsengine.google.com/06136759344167181854-06191489742681286724-4/wms/?version=1.3.0","41.6832724647","-75.799637918","2010","Susquehanna","sweeper_internal","","1","","1","other","100","","3","5","3","11","other","45","","","3","","3","other","100","","","","","","","","","","1","","1","other","100","","","","","","","",""
"41.79799896-77.24635221---2008","https://mapsengine.google.com/06136759344167181854-00219351362547715467-4/wms/?version=1.3.0","41.7979989608","-77.2463522117","2008","Tioga","final_internal","","4","","4","other","100","","","1","","1","other","100","","","","","","","","","","4","","4","other","100","","","","","","","","","","","","","","",""
"40.2417977-79.73662075---2008","https://mapsengine.google.com/06136759344167181854-00219351362547715467-4/wms/?version=1.3.0","40.2417977026","-79.7366207526","2008","Westmoreland","final_internal","2","","1","3","fracking","66","","3","","","3","fracking","100","","","","","","","","","2","","1","3","fracking","66","","","","","","","","","","","","","","",""
"41.72340965-76.04892733---2010","https://mapsengine.google.com/06136759344167181854-06191489742681286724-4/wms/?version=1.3.0","41.72340965","-76.04892733","2010","Susquehanna","first_internal","","3","","3","other","100","","","10","","10","other","100","","","3","","3","other","100","","","","","","","","","","","","","","","","","","","","","",""
"41.73091769-75.94909025---2005","https://mapsengine.google.com/06136759344167181854-15960346301379896183-4/wms/?version=1.3.0","41.7309176869","-75.9490902484","2005","Susquehanna","final_internal","","3","","3","other","100","","","1","","1","other","100","","","3","","3","other","100","","","3","","3","other","100","","","","","","","","","","","","","","",""
"41.74786091-75.8961277---2010","https://mapsengine.google.com/06136759344167181854-06191489742681286724-4/wms/?version=1.3.0","41.74786091","-75.8961277","2010","Susquehanna","first_internal","","3","","3","other","100","","","12","","12","other","100","","","3","","3","other","100","","","","","","","","","","","","","","","","","","","","","",""
"41.11213161-79.73518196---2005","https://mapsengine.google.com/06136759344167181854-15960346301379896183-4/wms/?version=1.3.0","41.1121316051","-79.7351819591","2005","Butler","final_internal","","3","","3","other","100","","","1","","1","other","100","","","","","","","","","","3","","3","other","100","","","","","","","","","","","","","","",""
"41.58724223-76.85758653---2005","https://mapsengine.google.com/06136759344167181854-15960346301379896183-4/wms/?version=1.3.0","41.5872422277","-76.8575865256","2005","Lycoming","missing_internal","","1","","1","other","100","","","","","","fracking|unknown|other","","","","","","","","","","","","","","","","","","","","","","","","","1","","1","other","100",""
"40.23010998-79.73482034---2010","https://mapsengine.google.com/06136759344167181854-06191489742681286724-4/wms/?version=1.3.0","40.2301099772","-79.7348203373","2010","Westmoreland","public","12","","","12","fracking","100","","12","","","12","fracking","100","","","","","","","","","","","","","","","","","","","","","","","","","","","","",""
"40.25389754-79.74946621---2010","https://mapsengine.google.com/06136759344167181854-06191489742681286724-4/wms/?version=1.3.0","40.2538975395","-79.749466214","2010","Westmoreland","public","","11","","11","other","100","","","11","","11","other","100","","","","","","","","","","","","","","","","","","","","","","","","","","","","",""
"40.6775674-79.38081793---2010","https://mapsengine.google.com/06136759344167181854-06191489742681286724-4/wms/?version=1.3.0","40.6775673988","-79.3808179329","2010","Armstrong","public","10","","","10","fracking","100","","10","","","10","fracking","100","","","","","","","","","","","","","","","","","","","","","","","","","","","","",""
"40.17050956-79.75742703---2008","https://mapsengine.google.com/06136759344167181854-00219351362547715467-4/wms/?version=1.3.0","40.1705095647","-79.7574270304","2008","Westmoreland","final_internal","3","","","3","fracking","100","","3","","","3","fracking","100","","","","","","","","","3","","","3","fracking","100","","","","","","","","","","","","","","",""
"41.67599494-75.87400233---2005","https://mapsengine.google.com/06136759344167181854-15960346301379896183-4/wms/?version=1.3.0","41.675994936","-75.8740023342","2005","Susquehanna","final_internal","","3","","3","other","100","","","1","","1","other","100","","","3","","3","other","100","","","3","","3","other","100","","","","","","","","","","","","","","",""
"41.71815152-75.59720644---2010","https://mapsengine.google.com/06136759344167181854-06191489742681286724-4/wms/?version=1.3.0","41.71815152","-75.59720644","2010","Susquehanna","first_internal","","3","","3","other","100","","","10","","10","other","100","","","3","","3","other","100","","","","","","","","","","","","","","","","","","","","","",""
"39.91253275-79.96212795---2010","https://mapsengine.google.com/06136759344167181854-06191489742681286724-4/wms/?version=1.3.0","39.9125327507","-79.962127949","2010","Greene","sweeper_internal","","1","","1","other","100","","2","7","1","10","other","70","","","","","","","","","","","","","","","","","1","","1","other","100","","","","","","","",""
"41.7670484-76.68514706---2010","https://mapsengine.google.com/06136759344167181854-06191489742681286724-4/wms/?version=1.3.0","41.7670484035","-76.6851470625","2010","Bradford","sweeper_internal","","1","","1","other","100","","3","6","1","10","other","60","","","3","","3","other","100","","","","","","","","","","1","","1","other","100","","","","","","","",""
"39.72400795-79.9940695---2010","https://mapsengine.google.com/06136759344167181854-06191489742681286724-4/wms/?version=1.3.0","39.7240079482","-79.9940695","2010","Greene","sweeper_internal","","1","","1","other","100","","2","7","1","10","other","70","","","","","","","","","","","","","","","","","1","","1","other","100","","","","","","","",""
"39.83780335-79.540113---2008","https://mapsengine.google.com/06136759344167181854-00219351362547715467-4/wms/?version=1.3.0","39.8378033544","-79.540112998","2008","Fayette","sweeper_internal","","1","","1","other","100","","2","5","3","10","other","50","","","1","2","3","unknown","66","","","","","","","","","","1","","1","other","100","","","","","","","",""
"40.10950378-80.06489717---2005","https://mapsengine.google.com/06136759344167181854-15960346301379896183-4/wms/?version=1.3.0","40.1095037767","-80.0648971732","2005","Washington","final_internal","","3","","3","other","100","","","1","","1","other","100","","","","","","","","","","3","","3","other","100","","","","","","","","","","","","","","",""
"39.98245527-80.2946741---2010","https://mapsengine.google.com/06136759344167181854-06191489742681286724-4/wms/?version=1.3.0","39.9824552701","-80.2946740986","2010","Greene","public","10","","","10","fracking","100","","10","","","10","fracking","100","","","","","","","","","","","","","","","","","","","","","","","","","","","","",""
"41.84010641-77.04927815---2010","https://mapsengine.google.com/06136759344167181854-06191489742681286724-4/wms/?version=1.3.0","41.8401064068","-77.0492781503","2010","Tioga","sweeper_internal","","1","","1","other","100","","7","1","2","10","fracking","70","","","","","","","","","","","","","","","","","1","","1","other","100","","","","","","","",""
"40.2760028-80.3079078---2010","https://mapsengine.google.com/06136759344167181854-06191489742681286724-4/wms/?version=1.3.0","40.2760027978","-80.3079078015","2010","Washington","sweeper_internal","","1","","1","other","100","","4","3","3","10","fracking","40","","","","","","","","","","","","","","","","","1","","1","other","100","","","","","","","",""
"39.97273075-79.99487949---2010","https://mapsengine.google.com/06136759344167181854-06191489742681286724-4/wms/?version=1.3.0","39.9727307485","-79.9948794878","2010","Fayette","sweeper_internal","","1","","1","other","100","","1","8","3","12","other","66","","","","","","","","","","","","","","","","","1","","1","other","100","","","","","","","",""
"39.89378479-80.06094068---2010","https://mapsengine.google.com/06136759344167181854-06191489742681286724-4/wms/?version=1.3.0","39.8937847894","-80.0609406771","2010","Greene","public","8","","2","10","fracking","80","","8","","2","10","fracking","80","","","","","","","","","","","","","","","","","","","","","","","","","","","","",""
"41.86305654-77.39253711---2010","https://mapsengine.google.com/06136759344167181854-06191489742681286724-4/wms/?version=1.3.0","41.8630565439","-77.3925371118","2010","Tioga","public","","10","","10","other","100","","","10","","10","other","100","","","","","","","","","","","","","","","","","","","","","","","","","","","","",""
"41.74984394-75.92013599---2008","https://mapsengine.google.com/06136759344167181854-00219351362547715467-4/wms/?version=1.3.0","41.7498439394","-75.9201359941","2008","Susquehanna","final_internal","","3","","3","other","100","","","1","","1","other","100","","","3","","3","other","100","","","3","","3","other","100","","","","","","","","","","","","","","",""
"39.73914718-79.83376547---2010","https://mapsengine.google.com/06136759344167181854-06191489742681286724-4/wms/?version=1.3.0","39.7391471809","-79.833765471","2010","Fayette","public","9","","1","10","fracking","90","","9","","1","10","fracking","90","","","","","","","","","","","","","","","","","","","","","","","","","","","","",""
"40.2661443-80.39679094---2010","https://mapsengine.google.com/06136759344167181854-06191489742681286724-4/wms/?version=1.3.0","40.2661443043","-80.3967909449","2010","Washington","public","","10","","10","other","100","","","10","","10","other","100","","","","","","","","","","","","","","","","","","","","","","","","","","","","",""
"41.69978019-76.77503605---2008","https://mapsengine.google.com/06136759344167181854-00219351362547715467-4/wms/?version=1.3.0","41.6997801861","-76.7750360511","2008","Bradford","final_internal","","3","","3","other","100","","","1","","1","other","100","","","3","","3","other","100","","","3","","3","other","100","","","","","","","","","","","","","","",""
"41.85838646-76.71216796---2010","https://mapsengine.google.com/06136759344167181854-06191489742681286724-4/wms/?version=1.3.0","41.85838646","-76.71216796","2010","Bradford","first_internal","","3","","3","other","100","","","9","1","10","other","90","","","3","","3","other","100","","","","","","","","","","","","","","","","","","","","","",""
"41.87196553-76.80208932---2010","https://mapsengine.google.com/06136759344167181854-06191489742681286724-4/wms/?version=1.3.0","41.8719655312","-76.8020893191","2010","Bradford","sweeper_internal","","1","","1","other","100","","3","9","3","15","other","60","","","3","","3","other","100","","","","","","","","","","1","","1","other","100","","","","","","","",""
"41.78267937-78.16110073---2010","https://mapsengine.google.com/06136759344167181854-06191489742681286724-4/wms/?version=1.3.0","41.7826793677","-78.1611007309","2010","Potter","public","","10","","10","other","100","","","10","","10","other","100","","","","","","","","","","","","","","","","","","","","","","","","","","","","",""
"41.19300728-77.59206614---2010","https://mapsengine.google.com/06136759344167181854-06191489742681286724-4/wms/?version=1.3.0","41.1930072767","-77.5920661357","2010","Clinton","public","9","","1","10","fracking","90","","9","","1","10","fracking","90","","","","","","","","","","","","","","","","","","","","","","","","","","","","",""
"41.78043388-77.13137338---2005","https://mapsengine.google.com/06136759344167181854-15960346301379896183-4/wms/?version=1.3.0","41.780433877","-77.1313733835","2005","Tioga","missing_internal","","1","","1","other","100","","","","","","fracking|unknown|other","","","","","","","","","","","","","","","","","","","","","","","","","1","","1","other","100",""
"40.29195421-79.64844617---2010","https://mapsengine.google.com/06136759344167181854-06191489742681286724-4/wms/?version=1.3.0","40.2919542133","-79.6484461746","2010","Westmoreland","public","","10","","10","other","100","","","10","","10","other","100","","","","","","","","","","","","","","","","","","","","","","","","","","","","",""
"40.02288652-79.72828316---2010","https://mapsengine.google.com/06136759344167181854-06191489742681286724-4/wms/?version=1.3.0","40.0228865222","-79.728283156","2010","Fayette","public","","10","","10","other","100","","","10","","10","other","100","","","","","","","","","","","","","","","","","","","","","","","","","","","","",""
"41.52768251-76.68291214---2010","https://mapsengine.google.com/06136759344167181854-06191489742681286724-4/wms/?version=1.3.0","41.52768251","-76.68291214","2010","Sullivan","first_internal","","3","","3","other","100","","","11","","11","other","100","","","3","","3","other","100","","","","","","","","","","","","","","","","","","","","","",""
"39.93617556-79.96531148---2008","https://mapsengine.google.com/06136759344167181854-00219351362547715467-4/wms/?version=1.3.0","39.9361755635","-79.9653114766","2008","Greene","sweeper_internal","","1","","1","other","100","","2","4","4","10","unknown|other","","40|40","","2","1","3","other","66","","","","","","","","","","1","","1","other","100","","","","","","","",""
"41.77125659-77.15503668---2010","https://mapsengine.google.com/06136759344167181854-06191489742681286724-4/wms/?version=1.3.0","41.7712565878","-77.1550366785","2010","Tioga","public","11","","1","12","fracking","91","","11","","1","12","fracking","91","","","","","","","","","","","","","","","","","","","","","","","","","","","","",""
"40.12054003-79.80413933---2005","https://mapsengine.google.com/06136759344167181854-15960346301379896183-4/wms/?version=1.3.0","40.1205400284","-79.8041393279","2005","Fayette","final_internal","","2","1","3","other","66","","","1","","1","other","100","","","","","","","","","","2","1","3","other","66","","","","","","","","","","","","","","",""
"39.97452426-79.98813948---2005","https://mapsengine.google.com/06136759344167181854-15960346301379896183-4/wms/?version=1.3.0","39.9745242579","-79.9881394758","2005","Fayette","final_internal","","3","","3","other","100","","","1","","1","other","100","","","","","","","","","","3","","3","other","100","","","","","","","","","","","","","","",""
"41.57701045-77.06086518---2010","https://mapsengine.google.com/06136759344167181854-06191489742681286724-4/wms/?version=1.3.0","41.5770104499","-77.0608651845","2010","Tioga","public","","12","","12","other","100","","","12","","12","other","100","","","","","","","","","","","","","","","","","","","","","","","","","","","","",""
"40.867742-79.49689775---2008","https://mapsengine.google.com/06136759344167181854-00219351362547715467-4/wms/?version=1.3.0","40.8677420002","-79.496897751","2008","Armstrong","first_internal","","3","","3","other","100","","1","5","","6","other","83","","","3","","3","other","100","","","","","","","","","","","","","","","","","","","","","",""
"40.82914509-79.60991208---2010","https://mapsengine.google.com/06136759344167181854-06191489742681286724-4/wms/?version=1.3.0","40.8291450854","-79.6099120822","2010","Armstrong","public","1","9","","10","other","90","","1","9","","10","other","90","","","","","","","","","","","","","","","","","","","","","","","","","","","","",""
"39.83797014-79.5337008---2008","https://mapsengine.google.com/06136759344167181854-00219351362547715467-4/wms/?version=1.3.0","39.8379701395","-79.5337008034","2008","Fayette","first_internal","","3","","3","other","100","","","10","","10","other","100","","","3","","3","other","100","","","","","","","","","","","","","","","","","","","","","",""
"41.70975026-78.73787597---2005","https://mapsengine.google.com/06136759344167181854-15960346301379896183-4/wms/?version=1.3.0","41.7097502556","-78.737875965","2005","McKean","final_internal","","3","","3","other","100","","","1","","1","other","100","","","","","","","","","","3","","3","other","100","","","","","","","","","","","","","","",""
"41.72494308-76.70526366---2005","https://mapsengine.google.com/06136759344167181854-15960346301379896183-4/wms/?version=1.3.0","41.7249430778","-76.7052636612","2005","Bradford","final_internal","","3","","3","other","100","","","1","","1","other","100","","","3","","3","other","100","","","3","","3","other","100","","","","","","","","","","","","","","",""
"40.11625469-79.81649302---2005","https://mapsengine.google.com/06136759344167181854-15960346301379896183-4/wms/?version=1.3.0","40.1162546933","-79.8164930234","2005","Fayette","final_internal","","3","","3","other","100","","","1","","1","other","100","","","","","","","","","","3","","3","other","100","","","","","","","","","","","","","","",""
"40.6289944-79.36344641---2008","https://mapsengine.google.com/06136759344167181854-00219351362547715467-4/wms/?version=1.3.0","40.6289944001","-79.3634464117","2008","Armstrong","first_internal","","3","","3","other","100","","","6","","6","other","100","","","3","","3","other","100","","","","","","","","","","","","","","","","","","","","","",""
"41.17222754-78.97652912---2010","https://mapsengine.google.com/06136759344167181854-06191489742681286724-4/wms/?version=1.3.0","41.1722275402","-78.9765291244","2010","Jefferson","sweeper_internal","","1","","1","other","100","","1","6","3","10","other","60","","","","","","","","","","","","","","","","","1","","1","other","100","","","","","","","",""
"39.97926099-80.06894555---2010","https://mapsengine.google.com/06136759344167181854-06191489742681286724-4/wms/?version=1.3.0","39.9792609908","-80.0689455531","2010","Greene","public","10","","","10","fracking","100","","10","","","10","fracking","100","","","","","","","","","","","","","","","","","","","","","","","","","","","","",""
"40.644566-79.38970619---2005","https://mapsengine.google.com/06136759344167181854-15960346301379896183-4/wms/?version=1.3.0","40.6445659958","-79.3897061934","2005","Armstrong","final_internal","","3","","3","other","100","","","1","","1","other","100","","","","","","","","","","3","","3","other","100","","","","","","","","","","","","","","",""
"39.92064089-79.99892552---2010","https://mapsengine.google.com/06136759344167181854-06191489742681286724-4/wms/?version=1.3.0","39.920640888","-79.9989255175","2010","Greene","public","","10","","10","other","100","","","10","","10","other","100","","","","","","","","","","","","","","","","","","","","","","","","","","","","",""
"41.72161779-75.88385608---2008","https://mapsengine.google.com/06136759344167181854-00219351362547715467-4/wms/?version=1.3.0","41.721617793","-75.883856081","2008","Susquehanna","final_internal","","3","","3","other","100","","","1","","1","other","100","","","3","","3","other","100","","","3","","3","other","100","","","","","","","","","","","","","","",""
"41.75061067-76.84583221---2010","https://mapsengine.google.com/06136759344167181854-06191489742681286724-4/wms/?version=1.3.0","41.75061067","-76.84583221","2010","Bradford","first_internal","","3","","3","other","100","","","10","","10","other","100","","","3","","3","other","100","","","","","","","","","","","","","","","","","","","","","",""
"41.6497218-76.33883994---2010","https://mapsengine.google.com/06136759344167181854-06191489742681286724-4/wms/?version=1.3.0","41.6497218027","-76.3388399426","2010","Bradford","sweeper_internal","","1","","1","other","100","","7","2","6","15","fracking","46","","2","","1","3","fracking","66","","","","","","","","","","1","","1","other","100","","","","","","","",""
"40.75099185-79.73074597---2005","https://mapsengine.google.com/06136759344167181854-15960346301379896183-4/wms/?version=1.3.0","40.7509918494","-79.7307459686","2005","Butler","final_internal","","3","","3","other","100","","","1","","1","other","100","","","","","","","","","","3","","3","other","100","","","","","","","","","","","","","","",""
"41.72878574-75.87110343---2010","https://mapsengine.google.com/06136759344167181854-06191489742681286724-4/wms/?version=1.3.0","41.72878574","-75.87110343","2010","Susquehanna","first_internal","","3","","3","other","100","","","11","","11","other","100","","","3","","3","other","100","","","","","","","","","","","","","","","","","","","","","",""
"41.78735296-76.23401818---2010","https://mapsengine.google.com/06136759344167181854-06191489742681286724-4/wms/?version=1.3.0","41.78735296","-76.23401818","2010","Bradford","first_internal","","3","","3","other","100","","","13","1","14","other","92","","","3","","3","other","100","","","","","","","","","","","","","","","","","","","","","",""
"41.74425055-76.05625976---2010","https://mapsengine.google.com/06136759344167181854-06191489742681286724-4/wms/?version=1.3.0","41.74425055","-76.05625976","2010","Susquehanna","first_internal","","3","","3","other","100","","","11","","11","other","100","","","3","","3","other","100","","","","","","","","","","","","","","","","","","","","","",""
"41.78659578-77.18479306---2010","https://mapsengine.google.com/06136759344167181854-06191489742681286724-4/wms/?version=1.3.0","41.7865957833","-77.1847930606","2010","Tioga","sweeper_internal","","1","","1","other","100","","7","3","2","12","fracking","58","","","","","","","","","","","","","","","","","1","","1","other","100","","","","","","","",""
"39.90208342-79.95552263---2008","https://mapsengine.google.com/06136759344167181854-00219351362547715467-4/wms/?version=1.3.0","39.9020834194","-79.9555226254","2008","Greene","first_internal","2","1","","3","fracking","66","","4","2","","6","fracking","66","","2","1","","3","fracking","66","","","","","","","","","","","","","","","","","","","","","",""
"41.78657656-78.16559397---2010","https://mapsengine.google.com/06136759344167181854-06191489742681286724-4/wms/?version=1.3.0","41.786576561","-78.1655939726","2010","Potter","public","1","10","1","12","other","83","","1","10","1","12","other","83","","","","","","","","","","","","","","","","","","","","","","","","","","","","",""
"41.19432095-79.21660574---2008","https://mapsengine.google.com/06136759344167181854-00219351362547715467-4/wms/?version=1.3.0","41.1943209459","-79.2166057362","2008","Clarion","first_internal","","3","","3","other","100","","2","2","2","6","fracking|unknown|other","","33|33|33","","3","","3","other","100","","","","","","","","","","","","","","","","","","","","","",""
"39.86134021-80.02199886---2008","https://mapsengine.google.com/06136759344167181854-00219351362547715467-4/wms/?version=1.3.0","39.8613402144","-80.0219988574","2008","Greene","sweeper_internal","","1","","1","other","100","","2","7","1","10","other","70","","","3","","3","other","100","","","","","","","","","","1","","1","other","100","","","","","","","",""
"41.69038999-75.97046938---2010","https://mapsengine.google.com/06136759344167181854-06191489742681286724-4/wms/?version=1.3.0","41.6903899905","-75.9704693822","2010","Susquehanna","sweeper_internal","","1","","1","other","100","","3","6","1","10","other","60","","","3","","3","other","100","","","","","","","","","","1","","1","other","100","","","","","","","",""
"41.72991848-77.16664607---2010","https://mapsengine.google.com/06136759344167181854-06191489742681286724-4/wms/?version=1.3.0","41.7299184799","-77.1666460708","2010","Tioga","public","","10","","10","other","100","","","10","","10","other","100","","","","","","","","","","","","","","","","","","","","","","","","","","","","",""
"39.913197-79.99407881---2005","https://mapsengine.google.com/06136759344167181854-15960346301379896183-4/wms/?version=1.3.0","39.9131969965","-79.9940788065","2005","Greene","final_internal","","3","","3","other","100","","","1","","1","other","100","","","","","","","","","","3","","3","other","100","","","","","","","","","","","","","","",""
"39.83825956-79.86445588---2010","https://mapsengine.google.com/06136759344167181854-06191489742681286724-4/wms/?version=1.3.0","39.8382595606","-79.8644558827","2010","Fayette","public","","10","","10","other","100","","","10","","10","other","100","","","","","","","","","","","","","","","","","","","","","","","","","","","","",""
"40.24498029-80.28079236---2008","https://mapsengine.google.com/06136759344167181854-00219351362547715467-4/wms/?version=1.3.0","40.2449802931","-80.2807923588","2008","Washington","first_internal","2","","1","3","fracking","66","","2","4","2","8","other","50","","2","","1","3","fracking","66","","","","","","","","","","","","","","","","","","","","","",""
"41.58088936-76.0256078---2008","https://mapsengine.google.com/06136759344167181854-00219351362547715467-4/wms/?version=1.3.0","41.5808893578","-76.0256078007","2008","Wyoming","final_internal","","3","","3","other","100","","","1","","1","other","100","","","3","","3","other","100","","","3","","3","other","100","","","","","","","","","","","","","","",""
"41.58642441-76.84923244---2005","https://mapsengine.google.com/06136759344167181854-15960346301379896183-4/wms/?version=1.3.0","41.5864244112","-76.8492324371","2005","Lycoming","missing_internal","","1","","1","other","100","","","","","","fracking|unknown|other","","","","","","","","","","","","","","","","","","","","","","","","","1","","1","other","100",""
"41.89223276-75.66441402---2010","https://mapsengine.google.com/06136759344167181854-06191489742681286724-4/wms/?version=1.3.0","41.89223276","-75.66441402","2010","Susquehanna","first_internal","","3","","3","other","100","","","10","","10","other","100","","","3","","3","other","100","","","","","","","","","","","","","","","","","","","","","",""
"41.73664934-75.95449831---2010","https://mapsengine.google.com/06136759344167181854-06191489742681286724-4/wms/?version=1.3.0","41.73664934","-75.95449831","2010","Susquehanna","first_internal","","3","","3","other","100","","","11","1","12","other","91","","","3","","3","other","100","","","","","","","","","","","","","","","","","","","","","",""
"41.73257033-77.39505831---2008","https://mapsengine.google.com/06136759344167181854-00219351362547715467-4/wms/?version=1.3.0","41.7325703291","-77.3950583074","2008","Tioga","final_internal","","3","","3","other","100","","","1","","1","other","100","","","","","","","","","","3","","3","other","100","","","","","","","","","","","","","","",""
"41.00458883-79.78751764---2008","https://mapsengine.google.com/06136759344167181854-00219351362547715467-4/wms/?version=1.3.0","41.0045888285","-79.7875176358","2008","Butler","first_internal","","3","","3","other","100","","","2","","2","other","100","","","3","","3","other","100","","","","","","","","","","","","","","","","","","","","","",""
"39.72218785-79.98843874---2010","https://mapsengine.google.com/06136759344167181854-06191489742681286724-4/wms/?version=1.3.0","39.7221878538","-79.9884387392","2010","Greene","public","","10","","10","other","100","","","10","","10","other","100","","","","","","","","","","","","","","","","","","","","","","","","","","","","",""
"41.73586546-77.04406059---2010","https://mapsengine.google.com/06136759344167181854-06191489742681286724-4/wms/?version=1.3.0","41.7358654609","-77.0440605933","2010","Tioga","public","","10","","10","other","100","","","10","","10","other","100","","","","","","","","","","","","","","","","","","","","","","","","","","","","",""
"40.8605119-79.50692673---2005","https://mapsengine.google.com/06136759344167181854-15960346301379896183-4/wms/?version=1.3.0","40.8605118965","-79.5069267317","2005","Armstrong","final_internal","","3","","3","other","100","","","1","","1","other","100","","","","","","","","","","3","","3","other","100","","","","","","","","","","","","","","",""
"41.6628694-76.72586879---2010","https://mapsengine.google.com/06136759344167181854-06191489742681286724-4/wms/?version=1.3.0","41.6628693967","-76.725868788","2010","Bradford","sweeper_internal","","1","","1","other","100","","2","8","4","14","other","57","","","3","","3","other","100","","","","","","","","","","1","","1","other","100","","","","","","","",""
"40.79944407-79.59281319---2008","https://mapsengine.google.com/06136759344167181854-00219351362547715467-4/wms/?version=1.3.0","40.7994440681","-79.5928131902","2008","Armstrong","first_internal","1","2","","3","other","66","","2","1","3","6","unknown","50","","1","2","","3","other","66","","","","","","","","","","","","","","","","","","","","","",""
"39.83403779-80.00206892---2005","https://mapsengine.google.com/06136759344167181854-15960346301379896183-4/wms/?version=1.3.0","39.8340377871","-80.0020689249","2005","Greene","final_internal","1","2","","3","other","66","","","1","","1","other","100","","","","","","","","","1","2","","3","other","66","","","","","","","","","","","","","","",""
"41.69638493-76.7761173---2008","https://mapsengine.google.com/06136759344167181854-00219351362547715467-4/wms/?version=1.3.0","41.6963849253","-76.7761173037","2008","Bradford","final_internal","1","2","","3","other","66","","","1","","1","other","100","","","3","","3","other","100","","1","2","","3","other","66","","","","","","","","","","","","","","",""
"41.69776253-75.86640774---2005","https://mapsengine.google.com/06136759344167181854-15960346301379896183-4/wms/?version=1.3.0","41.6977625279","-75.8664077366","2005","Susquehanna","final_internal","","3","","3","other","100","","1","","","1","fracking","100","","","3","","3","other","100","","","3","","3","other","100","","","","","","","","","","","","","","",""
"41.64566907-76.34652318---2005","https://mapsengine.google.com/06136759344167181854-15960346301379896183-4/wms/?version=1.3.0","41.6456690709","-76.3465231767","2005","Bradford","final_internal","","3","","3","other","100","","","1","","1","other","100","","","3","","3","other","100","","","3","","3","other","100","","","","","","","","","","","","","","",""
"41.91464912-76.88616674---2008","https://mapsengine.google.com/06136759344167181854-00219351362547715467-4/wms/?version=1.3.0","41.9146491235","-76.8861667351","2008","Bradford","final_internal","","3","","3","other","100","","","1","","1","other","100","","","3","","3","other","100","","","3","","3","other","100","","","","","","","","","","","","","","",""
"41.74944992-75.92350139---2008","https://mapsengine.google.com/06136759344167181854-00219351362547715467-4/wms/?version=1.3.0","41.7494499208","-75.9235013941","2008","Susquehanna","final_internal","","3","","3","other","100","","","1","","1","other","100","","","3","","3","other","100","","","3","","3","other","100","","","","","","","","","","","","","","",""
"41.55489724-76.46792326---2010","https://mapsengine.google.com/06136759344167181854-06191489742681286724-4/wms/?version=1.3.0","41.5548972416","-76.4679232585","2010","Sullivan","sweeper_internal","","1","","1","other","100","","4","6","","10","other","60","","","3","","3","other","100","","","","","","","","","","1","","1","other","100","","","","","","","",""
"39.86824891-79.96107236---2005","https://mapsengine.google.com/06136759344167181854-15960346301379896183-4/wms/?version=1.3.0","39.8682489134","-79.9610723594","2005","Greene","final_internal","","3","","3","other","100","","","1","","1","other","100","","","","","","","","","","3","","3","other","100","","","","","","","","","","","","","","",""
"41.69624545-75.8673444---2010","https://mapsengine.google.com/06136759344167181854-06191489742681286724-4/wms/?version=1.3.0","41.6962454478","-75.8673443995","2010","Susquehanna","sweeper_internal","","1","","1","other","100","","3","7","","10","other","70","","1","2","","3","other","66","","","","","","","","","","1","","1","other","100","","","","","","","",""
"41.76886714-75.93585263---2008","https://mapsengine.google.com/06136759344167181854-00219351362547715467-4/wms/?version=1.3.0","41.7688671418","-75.9358526275","2008","Susquehanna","final_internal","","3","","3","other","100","","","1","","1","other","100","","","3","","3","other","100","","","3","","3","other","100","","","","","","","","","","","","","","",""
"39.79626763-79.19122533---2010","https://mapsengine.google.com/06136759344167181854-06191489742681286724-4/wms/?version=1.3.0","39.7962676348","-79.1912253252","2010","Somerset","public","","10","2","12","other","83","","","10","2","12","other","83","","","","","","","","","","","","","","","","","","","","","","","","","","","","",""
"39.73307245-80.01153496---2010","https://mapsengine.google.com/06136759344167181854-06191489742681286724-4/wms/?version=1.3.0","39.733072453","-80.0115349628","2010","Greene","public","","10","","10","other","100","","","10","","10","other","100","","","","","","","","","","","","","","","","","","","","","","","","","","","","",""
"40.74714776-79.61799286---2010","https://mapsengine.google.com/06136759344167181854-06191489742681286724-4/wms/?version=1.3.0","40.7471477584","-79.6179928629","2010","Armstrong","public","","10","","10","other","100","","","10","","10","other","100","","","","","","","","","","","","","","","","","","","","","","","","","","","","",""
"41.71811649-76.41666228---2010","https://mapsengine.google.com/06136759344167181854-06191489742681286724-4/wms/?version=1.3.0","41.71811649","-76.41666228","2010","Bradford","first_internal","","3","","3","other","100","","","10","","10","other","100","","","3","","3","other","100","","","","","","","","","","","","","","","","","","","","","",""
"39.76660109-79.89384801---2010","https://mapsengine.google.com/06136759344167181854-06191489742681286724-4/wms/?version=1.3.0","39.7666010876","-79.8938480135","2010","Fayette","sweeper_internal","","1","","1","other","100","","1","7","3","11","other","63","","","","","","","","","","","","","","","","","1","","1","other","100","","","","","","","",""
"41.90287967-76.87183962---2010","https://mapsengine.google.com/06136759344167181854-06191489742681286724-4/wms/?version=1.3.0","41.9028796666","-76.8718396163","2010","Bradford","sweeper_internal","","1","","1","other","100","","8","4","","12","fracking","66","","1","2","","3","other","66","","","","","","","","","","1","","1","other","100","","","","","","","",""
"41.75092328-76.63118482---2008","https://mapsengine.google.com/06136759344167181854-00219351362547715467-4/wms/?version=1.3.0","41.7509232773","-76.6311848226","2008","Bradford","final_internal","","3","","3","other","100","","","1","","1","other","100","","","3","","3","other","100","","","3","","3","other","100","","","","","","","","","","","","","","",""
"41.6329056-76.41527295---2008","https://mapsengine.google.com/06136759344167181854-00219351362547715467-4/wms/?version=1.3.0","41.6329055969","-76.4152729501","2008","Bradford","final_internal","","3","","3","other","100","","","1","","1","other","100","","","3","","3","other","100","","","3","","3","other","100","","","","","","","","","","","","","","",""
"41.11047627-79.73500695---2010","https://mapsengine.google.com/06136759344167181854-06191489742681286724-4/wms/?version=1.3.0","41.1104762664","-79.7350069548","2010","Butler","public","","13","","13","other","100","","","13","","13","other","100","","","","","","","","","","","","","","","","","","","","","","","","","","","","",""
"41.68626135-75.97015892---2010","https://mapsengine.google.com/06136759344167181854-06191489742681286724-4/wms/?version=1.3.0","41.68626135","-75.97015892","2010","Susquehanna","first_internal","","3","","3","other","100","","1","9","","10","other","90","","","3","","3","other","100","","","","","","","","","","","","","","","","","","","","","",""
"41.80707308-76.63473447---2010","https://mapsengine.google.com/06136759344167181854-06191489742681286724-4/wms/?version=1.3.0","41.80707308","-76.63473447","2010","Bradford","first_internal","","3","","3","other","100","","1","9","","10","other","90","","","3","","3","other","100","","","","","","","","","","","","","","","","","","","","","",""
"41.70238675-75.86764139---2010","https://mapsengine.google.com/06136759344167181854-06191489742681286724-4/wms/?version=1.3.0","41.70238675","-75.86764139","2010","Susquehanna","first_internal","","3","","3","other","100","","","10","","10","other","100","","","3","","3","other","100","","","","","","","","","","","","","","","","","","","","","",""
"39.97653084-79.99749165---2010","https://mapsengine.google.com/06136759344167181854-06191489742681286724-4/wms/?version=1.3.0","39.9765308379","-79.9974916534","2010","Fayette","sweeper_internal","","1","","1","other","100","","3","5","2","10","other","50","","","","","","","","","","","","","","","","","1","","1","other","100","","","","","","","",""
"41.29561382-78.9097908---2010","https://mapsengine.google.com/06136759344167181854-06191489742681286724-4/wms/?version=1.3.0","41.2956138226","-78.9097907951","2010","Jefferson","public","","9","1","10","other","90","","","9","1","10","other","90","","","","","","","","","","","","","","","","","","","","","","","","","","","","",""
"41.91495779-77.41644188---2008","https://mapsengine.google.com/06136759344167181854-00219351362547715467-4/wms/?version=1.3.0","41.9149577945","-77.416441883","2008","Tioga","final_internal","","3","","3","other","100","","","1","","1","other","100","","","","","","","","","","3","","3","other","100","","","","","","","","","","","","","","",""
"40.51333673-79.55890355---2010","https://mapsengine.google.com/06136759344167181854-06191489742681286724-4/wms/?version=1.3.0","40.5133367275","-79.5589035549","2010","Westmoreland","public","","10","","10","other","100","","","10","","10","other","100","","","","","","","","","","","","","","","","","","","","","","","","","","","","",""
"41.93453404-75.86807642---2005","https://mapsengine.google.com/06136759344167181854-15960346301379896183-4/wms/?version=1.3.0","41.9345340377","-75.8680764199","2005","Susquehanna","final_internal","","3","","3","other","100","","","1","","1","other","100","","","3","","3","other","100","","","3","","3","other","100","","","","","","","","","","","","","","",""
"41.71604302-75.87370245---2010","https://mapsengine.google.com/06136759344167181854-06191489742681286724-4/wms/?version=1.3.0","41.7160430175","-75.873702455","2010","Susquehanna","public","","10","","10","other","100","","","10","","10","other","100","","","","","","","","","","","","","","","","","","","","","","","","","","","","",""
"39.98458921-79.69222161---2010","https://mapsengine.google.com/06136759344167181854-06191489742681286724-4/wms/?version=1.3.0","39.9845892146","-79.69222161","2010","Fayette","public","10","","","10","fracking","100","","10","","","10","fracking","100","","","","","","","","","","","","","","","","","","","","","","","","","","","","",""
"41.95395661-76.86016616---2010","https://mapsengine.google.com/06136759344167181854-06191489742681286724-4/wms/?version=1.3.0","41.9539566057","-76.8601661576","2010","Bradford","sweeper_internal","","1","","1","other","100","","","7","3","10","other","70","","","3","","3","other","100","","","","","","","","","","1","","1","other","100","","","","","","","",""
"41.7537226-76.13758716---2010","https://mapsengine.google.com/06136759344167181854-06191489742681286724-4/wms/?version=1.3.0","41.7537226","-76.13758716","2010","Bradford","first_internal","","3","","3","other","100","","","14","","14","other","100","","","3","","3","other","100","","","","","","","","","","","","","","","","","","","","","",""
"39.92977155-79.857233---2008","https://mapsengine.google.com/06136759344167181854-00219351362547715467-4/wms/?version=1.3.0","39.9297715506","-79.8572329967","2008","Fayette","sweeper_internal","","1","","1","other","100","","6","2","2","10","fracking","60","","2","","1","3","fracking","66","","","","","","","","","","1","","1","other","100","","","","","","","",""
"39.78229405-79.86434757---2005","https://mapsengine.google.com/06136759344167181854-15960346301379896183-4/wms/?version=1.3.0","39.7822940464","-79.8643475664","2005","Fayette","final_internal","","3","","3","other","100","","","1","","1","other","100","","","","","","","","","","3","","3","other","100","","","","","","","","","","","","","","",""
"41.70090985-76.75057811---2008","https://mapsengine.google.com/06136759344167181854-00219351362547715467-4/wms/?version=1.3.0","41.7009098549","-76.7505781059","2008","Bradford","final_internal","","3","","3","other","100","","","1","","1","other","100","","","3","","3","other","100","","","3","","3","other","100","","","","","","","","","","","","","","",""
"41.74566751-75.90422003---2010","https://mapsengine.google.com/06136759344167181854-06191489742681286724-4/wms/?version=1.3.0","41.74566751","-75.90422003","2010","Susquehanna","first_internal","","4","","4","other","100","","","10","","10","other","100","","","4","","4","other","100","","","","","","","","","","","","","","","","","","","","","",""
"41.74095767-77.04401933---2008","https://mapsengine.google.com/06136759344167181854-00219351362547715467-4/wms/?version=1.3.0","41.7409576681","-77.0440193329","2008","Tioga","final_internal","","3","","3","other","100","","","1","","1","other","100","","","","","","","","","","3","","3","other","100","","","","","","","","","","","","","","",""
"41.73794063-76.09221703---2008","https://mapsengine.google.com/06136759344167181854-00219351362547715467-4/wms/?version=1.3.0","41.7379406255","-76.0922170268","2008","Susquehanna","final_internal","","3","","3","other","100","","","1","","1","other","100","","","3","","3","other","100","","","3","","3","other","100","","","","","","","","","","","","","","",""
"41.95847016-76.86105316---2005","https://mapsengine.google.com/06136759344167181854-15960346301379896183-4/wms/?version=1.3.0","41.9584701587","-76.861053159","2005","Bradford","final_internal","","3","","3","other","100","","","1","","1","other","100","","","3","","3","other","100","","","3","","3","other","100","","","","","","","","","","","","","","",""
"41.7752137-77.33379804---2010","https://mapsengine.google.com/06136759344167181854-06191489742681286724-4/wms/?version=1.3.0","41.7752137023","-77.3337980442","2010","Tioga","public","","10","","10","other","100","","","10","","10","other","100","","","","","","","","","","","","","","","","","","","","","","","","","","","","",""
"41.59749798-77.09698489---2010","https://mapsengine.google.com/06136759344167181854-06191489742681286724-4/wms/?version=1.3.0","41.5974979796","-77.0969848945","2010","Tioga","public","","10","","10","other","100","","","10","","10","other","100","","","","","","","","","","","","","","","","","","","","","","","","","","","","",""
"41.72991524-75.94884641---2005","https://mapsengine.google.com/06136759344167181854-15960346301379896183-4/wms/?version=1.3.0","41.7299152396","-75.9488464098","2005","Susquehanna","final_internal","","3","","3","other","100","","","1","","1","other","100","","","3","","3","other","100","","","3","","3","other","100","","","","","","","","","","","","","","",""
"41.74156667-75.89142519---2008","https://mapsengine.google.com/06136759344167181854-00219351362547715467-4/wms/?version=1.3.0","41.7415666707","-75.8914251871","2008","Susquehanna","final_internal","","3","","3","other","100","","","1","","1","other","100","","","3","","3","other","100","","","3","","3","other","100","","","","","","","","","","","","","","",""
"41.55621569-77.07550778---2008","https://mapsengine.google.com/06136759344167181854-00219351362547715467-4/wms/?version=1.3.0","41.5562156863","-77.0755077801","2008","Tioga","final_internal","","3","","3","other","100","","","1","","1","other","100","","","","","","","","","","3","","3","other","100","","","","","","","","","","","","","","",""
"40.87705893-79.52419366---2005","https://mapsengine.google.com/06136759344167181854-15960346301379896183-4/wms/?version=1.3.0","40.8770589312","-79.5241936569","2005","Armstrong","final_internal","","3","","3","other","100","","","1","","1","other","100","","","","","","","","","","3","","3","other","100","","","","","","","","","","","","","","",""
"39.85886266-79.96695435---2008","https://mapsengine.google.com/06136759344167181854-00219351362547715467-4/wms/?version=1.3.0","39.8588626616","-79.9669543545","2008","Greene","first_internal","","3","","3","other","100","","","9","1","10","other","90","","","3","","3","other","100","","","","","","","","","","","","","","","","","","","","","",""
"41.86536029-76.86144097---2008","https://mapsengine.google.com/06136759344167181854-00219351362547715467-4/wms/?version=1.3.0","41.8653602857","-76.8614409668","2008","Bradford","final_internal","","3","","3","other","100","","","1","","1","other","100","","","3","","3","other","100","","","3","","3","other","100","","","","","","","","","","","","","","",""
"41.8435935-76.9177207---2010","https://mapsengine.google.com/06136759344167181854-06191489742681286724-4/wms/?version=1.3.0","41.8435934966","-76.9177206987","2010","Tioga","public","","10","","10","other","100","","","10","","10","other","100","","","","","","","","","","","","","","","","","","","","","","","","","","","","",""
"41.70008404-77.28969459---2008","https://mapsengine.google.com/06136759344167181854-00219351362547715467-4/wms/?version=1.3.0","41.7000840442","-77.2896945878","2008","Tioga","final_internal","","3","","3","other","100","","","1","","1","other","100","","","","","","","","","","3","","3","other","100","","","","","","","","","","","","","","",""
"41.77791671-75.91993962---2010","https://mapsengine.google.com/06136759344167181854-06191489742681286724-4/wms/?version=1.3.0","41.77791671","-75.91993962","2010","Susquehanna","first_internal","","3","","3","other","100","","","12","","12","other","100","","","3","","3","other","100","","","","","","","","","","","","","","","","","","","","","",""
"41.74371374-76.10133037---2008","https://mapsengine.google.com/06136759344167181854-00219351362547715467-4/wms/?version=1.3.0","41.7437137392","-76.101330366","2008","Susquehanna","final_internal","","3","","3","other","100","","","1","","1","other","100","","","3","","3","other","100","","","3","","3","other","100","","","","","","","","","","","","","","",""
"39.9710497-79.65437529---2005","https://mapsengine.google.com/06136759344167181854-15960346301379896183-4/wms/?version=1.3.0","39.9710496959","-79.6543752865","2005","Fayette","final_internal","","3","","3","other","100","","","1","","1","other","100","","","","","","","","","","3","","3","other","100","","","","","","","","","","","","","","",""
"40.24942815-79.76526947---2008","https://mapsengine.google.com/06136759344167181854-00219351362547715467-4/wms/?version=1.3.0","40.2494281503","-79.7652694744","2008","Westmoreland","final_internal","","3","","3","other","100","","1","","","1","fracking","100","","","","","","","","","","3","","3","other","100","","","","","","","","","","","","","","",""
"41.73883444-76.03282774---2010","https://mapsengine.google.com/06136759344167181854-06191489742681286724-4/wms/?version=1.3.0","41.73883444","-76.03282774","2010","Susquehanna","first_internal","","3","","3","other","100","","","10","1","11","other","90","","","3","","3","other","100","","","","","","","","","","","","","","","","","","","","","",""
"40.34108939-79.14868871---2005","https://mapsengine.google.com/06136759344167181854-15960346301379896183-4/wms/?version=1.3.0","40.3410893856","-79.1486887073","2005","Westmoreland","final_internal","","3","","3","other","100","","","1","","1","other","100","","","","","","","","","","3","","3","other","100","","","","","","","","","","","","","","",""
"41.80738422-76.54703239---2005","https://mapsengine.google.com/06136759344167181854-15960346301379896183-4/wms/?version=1.3.0","41.8073842151","-76.5470323942","2005","Bradford","final_internal","","3","","3","other","100","","","1","","1","other","100","","","3","","3","other","100","","","3","","3","other","100","","","","","","","","","","","","","","",""
"40.17280981-80.05709915---2005","https://mapsengine.google.com/06136759344167181854-15960346301379896183-4/wms/?version=1.3.0","40.1728098116","-80.0570991537","2005","Washington","final_internal","1","2","","3","other","66","","","1","","1","other","100","","","","","","","","","1","2","","3","other","66","","","","","","","","","","","","","","",""
"40.95988869-78.86519351---2008","https://mapsengine.google.com/06136759344167181854-00219351362547715467-4/wms/?version=1.3.0","40.9598886874","-78.8651935121","2008","Jefferson","first_internal","","2","1","3","other","66","","1","8","1","10","other","80","","","2","1","3","other","66","","","","","","","","","","","","","","","","","","","","","",""
"41.64870025-76.29797405---2010","https://mapsengine.google.com/06136759344167181854-06191489742681286724-4/wms/?version=1.3.0","41.64870025","-76.29797405","2010","Bradford","first_internal","","3","","3","other","100","","","13","","13","other","100","","","3","","3","other","100","","","","","","","","","","","","","","","","","","","","","",""
"40.87917696-79.56081862---2008","https://mapsengine.google.com/06136759344167181854-00219351362547715467-4/wms/?version=1.3.0","40.8791769574","-79.5608186185","2008","Armstrong","first_internal","","3","","3","other","100","","1","5","","6","other","83","","","3","","3","other","100","","","","","","","","","","","","","","","","","","","","","",""
"40.53121343-79.193167---2010","https://mapsengine.google.com/06136759344167181854-06191489742681286724-4/wms/?version=1.3.0","40.5312134324","-79.1931669961","2010","Indiana","sweeper_internal","","1","","1","other","100","","4","6","1","11","other","54","","","","","","","","","","","","","","","","","1","","1","other","100","","","","","","","",""
"39.89221026-80.02183845---2005","https://mapsengine.google.com/06136759344167181854-15960346301379896183-4/wms/?version=1.3.0","39.8922102564","-80.0218384529","2005","Greene","final_internal","3","","","3","fracking","100","","1","","","1","fracking","100","","","","","","","","","3","","","3","fracking","100","","","","","","","","","","","","","","",""
"41.29710855-77.30368162---2010","https://mapsengine.google.com/06136759344167181854-06191489742681286724-4/wms/?version=1.3.0","41.2971085464","-77.3036816215","2010","Lycoming","public","","10","","10","other","100","","","10","","10","other","100","","","","","","","","","","","","","","","","","","","","","","","","","","","","",""
"39.9494415-79.92882812---2010","https://mapsengine.google.com/06136759344167181854-06191489742681286724-4/wms/?version=1.3.0","39.9494415013","-79.928828123","2010","Fayette","public","","9","1","10","other","90","","","9","1","10","other","90","","","","","","","","","","","","","","","","","","","","","","","","","","","","",""
"39.91186889-79.96506513---2008","https://mapsengine.google.com/06136759344167181854-00219351362547715467-4/wms/?version=1.3.0","39.9118688883","-79.9650651325","2008","Greene","first_internal","","3","","3","other","100","","","9","1","10","other","90","","","3","","3","other","100","","","","","","","","","","","","","","","","","","","","","",""
"41.74468807-75.8998753---2005","https://mapsengine.google.com/06136759344167181854-15960346301379896183-4/wms/?version=1.3.0","41.74468807","-75.8998753015","2005","Susquehanna","final_internal","","3","","3","other","100","","","1","","1","other","100","","","3","","3","other","100","","","3","","3","other","100","","","","","","","","","","","","","","",""
"41.92899882-76.5782273---2008","https://mapsengine.google.com/06136759344167181854-00219351362547715467-4/wms/?version=1.3.0","41.9289988226","-76.5782272968","2008","Bradford","final_internal","2","1","","3","fracking","66","","","1","","1","other","100","","1","","2","3","unknown","66","","2","1","","3","fracking","66","","","","","","","","","","","","","","",""
"41.27096813-76.66054107---2010","https://mapsengine.google.com/06136759344167181854-06191489742681286724-4/wms/?version=1.3.0","41.2709681347","-76.6605410726","2010","Lycoming","sweeper_internal","","1","","1","other","100","","5","3","2","10","fracking","50","","","","","","","","","","","","","","","","","1","","1","other","100","","","","","","","",""
"40.50875576-79.19935322---2010","https://mapsengine.google.com/06136759344167181854-06191489742681286724-4/wms/?version=1.3.0","40.5087557551","-79.1993532191","2010","Indiana","sweeper_internal","","1","","1","other","100","","3","17","8","28","other","60","","","","","","","","","","","","","","","","","1","","1","other","100","","","","","","","",""
"41.4141363-78.26955933---2010","https://mapsengine.google.com/06136759344167181854-06191489742681286724-4/wms/?version=1.3.0","41.4141362997","-78.2695593268","2010","Cameron","public","1","8","1","10","other","80","","1","8","1","10","other","80","","","","","","","","","","","","","","","","","","","","","","","","","","","","",""
"41.77386292-76.87336881---2010","https://mapsengine.google.com/06136759344167181854-06191489742681286724-4/wms/?version=1.3.0","41.7738629159","-76.8733688138","2010","Bradford","sweeper_internal","","1","","1","other","100","","3","7","","10","other","70","","","3","","3","other","100","","","","","","","","","","1","","1","other","100","","","","","","","",""
"41.78411644-77.20958363---2005","https://mapsengine.google.com/06136759344167181854-15960346301379896183-4/wms/?version=1.3.0","41.784116442","-77.2095836342","2005","Tioga","final_internal","","3","","3","other","100","","","1","","1","other","100","","","","","","","","","","3","","3","other","100","","","","","","","","","","","","","","",""
"41.74984488-76.00087585---2010","https://mapsengine.google.com/06136759344167181854-06191489742681286724-4/wms/?version=1.3.0","41.74984488","-76.00087585","2010","Susquehanna","first_internal","","3","","3","other","100","","","10","","10","other","100","","","3","","3","other","100","","","","","","","","","","","","","","","","","","","","","",""
"41.70630902-76.08896428---2010","https://mapsengine.google.com/06136759344167181854-06191489742681286724-4/wms/?version=1.3.0","41.70630902","-76.08896428","2010","Susquehanna","first_internal","","3","","3","other","100","","","11","1","12","other","91","","","3","","3","other","100","","","","","","","","","","","","","","","","","","","","","",""
"41.55442139-76.46739187---2010","https://mapsengine.google.com/06136759344167181854-06191489742681286724-4/wms/?version=1.3.0","41.5544213888","-76.4673918682","2010","Sullivan","sweeper_internal","","1","","1","other","100","","3","7","","10","other","70","","","3","","3","other","100","","","","","","","","","","1","","1","other","100","","","","","","","",""
"40.77124564-80.04939006---2005","https://mapsengine.google.com/06136759344167181854-15960346301379896183-4/wms/?version=1.3.0","40.7712456421","-80.0493900631","2005","Butler","final_internal","1","2","","3","other","66","","1","","","1","fracking","100","","","","","","","","","1","2","","3","other","66","","","","","","","","","","","","","","",""
"39.92243715-79.84981625---2008","https://mapsengine.google.com/06136759344167181854-00219351362547715467-4/wms/?version=1.3.0","39.9224371465","-79.8498162516","2008","Fayette","first_internal","","3","","3","other","100","","","6","","6","other","100","","","3","","3","other","100","","","","","","","","","","","","","","","","","","","","","",""
"39.91211688-79.94216376---2010","https://mapsengine.google.com/06136759344167181854-06191489742681286724-4/wms/?version=1.3.0","39.9121168849","-79.9421637554","2010","Greene","sweeper_internal","","1","","1","other","100","","","6","4","10","other","60","","","","","","","","","","","","","","","","","1","","1","other","100","","","","","","","",""
"41.87729655-76.27159581---2010","https://mapsengine.google.com/06136759344167181854-06191489742681286724-4/wms/?version=1.3.0","41.87729655","-76.27159581","2010","Bradford","first_internal","","3","","3","other","100","","","10","","10","other","100","","","3","","3","other","100","","","","","","","","","","","","","","","","","","","","","",""
"41.77034315-76.07677737---2010","https://mapsengine.google.com/06136759344167181854-06191489742681286724-4/wms/?version=1.3.0","41.7703431523","-76.0767773701","2010","Susquehanna","sweeper_internal","","1","","1","other","100","","2","7","1","10","other","70","","","3","","3","other","100","","","","","","","","","","1","","1","other","100","","","","","","","",""
"41.78738179-76.23396444---2005","https://mapsengine.google.com/06136759344167181854-15960346301379896183-4/wms/?version=1.3.0","41.7873817866","-76.2339644378","2005","Bradford","final_internal","","3","","3","other","100","","","1","","1","other","100","","","3","","3","other","100","","","3","","3","other","100","","","","","","","","","","","","","","",""
"40.50902512-79.19723682---2010","https://mapsengine.google.com/06136759344167181854-06191489742681286724-4/wms/?version=1.3.0","40.5090251155","-79.1972368161","2010","Indiana","sweeper_internal","","1","","1","other","100","","9","12","7","28","other","42","","","","","","","","","","","","","","","","","1","","1","other","100","","","","","","","",""
"40.86361489-79.53929114---2008","https://mapsengine.google.com/06136759344167181854-00219351362547715467-4/wms/?version=1.3.0","40.8636148924","-79.5392911405","2008","Armstrong","first_internal","","3","","3","other","100","","","7","","7","other","100","","","3","","3","other","100","","","","","","","","","","","","","","","","","","","","","",""
"41.02550732-78.81730855---2010","https://mapsengine.google.com/06136759344167181854-06191489742681286724-4/wms/?version=1.3.0","41.0255073223","-78.8173085531","2010","Jefferson","sweeper_internal","1","","","1","fracking","100","","7","2","1","10","fracking","70","","","","","","","","","","","","","","","","1","","","1","fracking","100","","","","","","","",""
"41.90206748-75.96300475---2010","https://mapsengine.google.com/06136759344167181854-06191489742681286724-4/wms/?version=1.3.0","41.90206748","-75.96300475","2010","Susquehanna","first_internal","","3","","3","other","100","","","11","","11","other","100","","","3","","3","other","100","","","","","","","","","","","","","","","","","","","","","",""
"39.89557869-80.2870173---2008","https://mapsengine.google.com/06136759344167181854-00219351362547715467-4/wms/?version=1.3.0","39.8955786933","-80.2870172968","2008","Greene","sweeper_internal","","1","","1","other","100","","5","","5","10","fracking|unknown","","50|50","3","","","3","fracking","100","","","","","","","","","","1","","1","other","100","","","","","","","",""
"39.82459626-80.50260271---2010","https://mapsengine.google.com/06136759344167181854-06191489742681286724-4/wms/?version=1.3.0","39.8245962634","-80.5026027061","2010","Greene","public","","9","1","10","other","90","","","9","1","10","other","90","","","","","","","","","","","","","","","","","","","","","","","","","","","","",""
"41.88029101-75.89184214---2010","https://mapsengine.google.com/06136759344167181854-06191489742681286724-4/wms/?version=1.3.0","41.88029101","-75.89184214","2010","Susquehanna","first_internal","","3","","3","other","100","","","10","","10","other","100","","","3","","3","other","100","","","","","","","","","","","","","","","","","","","","","",""
"41.71577734-77.39704884---2010","https://mapsengine.google.com/06136759344167181854-06191489742681286724-4/wms/?version=1.3.0","41.7157773383","-77.397048837","2010","Tioga","public","","10","","10","other","100","","","10","","10","other","100","","","","","","","","","","","","","","","","","","","","","","","","","","","","",""
"39.81599697-80.28475248---2005","https://mapsengine.google.com/06136759344167181854-15960346301379896183-4/wms/?version=1.3.0","39.8159969721","-80.2847524847","2005","Greene","final_internal","","3","","3","other","100","","","1","","1","other","100","","","","","","","","","","3","","3","other","100","","","","","","","","","","","","","","",""
"41.79790921-77.01409783---2010","https://mapsengine.google.com/06136759344167181854-06191489742681286724-4/wms/?version=1.3.0","41.7979092132","-77.0140978315","2010","Tioga","public","","8","2","10","other","80","","","8","2","10","other","80","","","","","","","","","","","","","","","","","","","","","","","","","","","","",""
"41.70045474-75.91133915---2005","https://mapsengine.google.com/06136759344167181854-15960346301379896183-4/wms/?version=1.3.0","41.7004547432","-75.9113391475","2005","Susquehanna","final_internal","","3","","3","other","100","","","1","","1","other","100","","","3","","3","other","100","","","3","","3","other","100","","","","","","","","","","","","","","",""
"41.61601386-76.97710613---2010","https://mapsengine.google.com/06136759344167181854-06191489742681286724-4/wms/?version=1.3.0","41.6160138556","-76.9771061261","2010","Tioga","public","","11","","11","other","100","","","11","","11","other","100","","","","","","","","","","","","","","","","","","","","","","","","","","","","",""
"41.37157201-77.14591764---2010","https://mapsengine.google.com/06136759344167181854-06191489742681286724-4/wms/?version=1.3.0","41.371572008","-77.1459176372","2010","Lycoming","sweeper_internal","1","","","1","fracking","100","","3","1","6","10","unknown","60","","","","","","","","","","","","","","","","1","","","1","fracking","100","","","","","","","",""
"41.73527011-77.15582909---2008","https://mapsengine.google.com/06136759344167181854-00219351362547715467-4/wms/?version=1.3.0","41.7352701102","-77.1558290881","2008","Tioga","final_internal","","3","","3","other","100","","","","1","1","unknown","100","","","","","","","","","","3","","3","other","100","","","","","","","","","","","","","","",""
"40.86619256-79.50095835---2008","https://mapsengine.google.com/06136759344167181854-00219351362547715467-4/wms/?version=1.3.0","40.8661925606","-79.5009583514","2008","Armstrong","first_internal","","3","","3","other","100","","","6","1","7","other","85","","","3","","3","other","100","","","","","","","","","","","","","","","","","","","","","",""
"41.9028791-76.87168265---2005","https://mapsengine.google.com/06136759344167181854-15960346301379896183-4/wms/?version=1.3.0","41.9028791033","-76.8716826485","2005","Bradford","final_internal","","3","","3","other","100","","","","1","1","unknown","100","","1","2","","3","other","66","","","3","","3","other","100","","","","","","","","","","","","","","",""
"40.03397352-79.18515815---2010","https://mapsengine.google.com/06136759344167181854-06191489742681286724-4/wms/?version=1.3.0","40.0339735192","-79.1851581535","2010","Somerset","public","26","","","26","fracking","100","","26","","","26","fracking","100","","","","","","","","","","","","","","","","","","","","","","","","","","","","",""
"40.83871506-79.68699725---2008","https://mapsengine.google.com/06136759344167181854-00219351362547715467-4/wms/?version=1.3.0","40.8387150606","-79.6869972511","2008","Armstrong","first_internal","1","2","","3","other","66","","2","2","2","6","fracking|unknown|other","","33|33|33","1","2","","3","other","66","","","","","","","","","","","","","","","","","","","","","",""
"41.74269449-75.89137707---2010","https://mapsengine.google.com/06136759344167181854-06191489742681286724-4/wms/?version=1.3.0","41.74269449","-75.89137707","2010","Susquehanna","first_internal","","3","","3","other","100","","","10","","10","other","100","","","3","","3","other","100","","","","","","","","","","","","","","","","","","","","","",""
"41.68184654-76.07664359---2005","https://mapsengine.google.com/06136759344167181854-15960346301379896183-4/wms/?version=1.3.0","41.6818465402","-76.0766435898","2005","Susquehanna","final_internal","","3","","3","other","100","","","1","","1","other","100","","","3","","3","other","100","","","3","","3","other","100","","","","","","","","","","","","","","",""
"41.53324648-77.15881139---2010","https://mapsengine.google.com/06136759344167181854-06191489742681286724-4/wms/?version=1.3.0","41.5332464767","-77.1588113932","2010","Lycoming","sweeper_internal","1","","","1","fracking","100","","8","2","1","11","fracking","72","","","","","","","","","","","","","","","","1","","","1","fracking","100","","","","","","","",""
"41.74071738-77.15349829---2010","https://mapsengine.google.com/06136759344167181854-06191489742681286724-4/wms/?version=1.3.0","41.7407173776","-77.153498292","2010","Tioga","public","1","10","","11","other","90","","1","10","","11","other","90","","","","","","","","","","","","","","","","","","","","","","","","","","","","",""
"41.75682384-76.47546012---2005","https://mapsengine.google.com/06136759344167181854-15960346301379896183-4/wms/?version=1.3.0","41.7568238416","-76.4754601185","2005","Bradford","final_internal","","3","","3","other","100","","","1","","1","other","100","","","3","","3","other","100","","","3","","3","other","100","","","","","","","","","","","","","","",""
"39.91700705-79.93723981---2010","https://mapsengine.google.com/06136759344167181854-06191489742681286724-4/wms/?version=1.3.0","39.9170070542","-79.937239811","2010","Greene","public","1","8","1","10","other","80","","1","8","1","10","other","80","","","","","","","","","","","","","","","","","","","","","","","","","","","","",""
"41.69643508-75.9348238---2010","https://mapsengine.google.com/06136759344167181854-06191489742681286724-4/wms/?version=1.3.0","41.69643508","-75.9348238","2010","Susquehanna","first_internal","","3","","3","other","100","","","10","","10","other","100","","","3","","3","other","100","","","","","","","","","","","","","","","","","","","","","",""
"41.72270328-76.80883985---2008","https://mapsengine.google.com/06136759344167181854-00219351362547715467-4/wms/?version=1.3.0","41.7227032799","-76.8088398513","2008","Bradford","final_internal","","3","","3","other","100","","","1","","1","other","100","","","3","","3","other","100","","","3","","3","other","100","","","","","","","","","","","","","","",""
"41.75466278-77.03909504---2010","https://mapsengine.google.com/06136759344167181854-06191489742681286724-4/wms/?version=1.3.0","41.7546627757","-77.0390950435","2010","Tioga","public","","10","","10","other","100","","","10","","10","other","100","","","","","","","","","","","","","","","","","","","","","","","","","","","","",""
"41.72418944-76.81720184---2008","https://mapsengine.google.com/06136759344167181854-00219351362547715467-4/wms/?version=1.3.0","41.7241894438","-76.8172018441","2008","Bradford","final_internal","","3","","3","other","100","","","1","","1","other","100","","","1","2","3","unknown","66","","","3","","3","other","100","","","","","","","","","","","","","","",""
"41.47816493-78.93612334---2008","https://mapsengine.google.com/06136759344167181854-00219351362547715467-4/wms/?version=1.3.0","41.4781649263","-78.9361233409","2008","Elk","first_internal","","3","","3","other","100","","","1","","1","other","100","","","3","","3","other","100","","","","","","","","","","","","","","","","","","","","","",""
"40.81369042-80.20220122---2005","https://mapsengine.google.com/06136759344167181854-15960346301379896183-4/wms/?version=1.3.0","40.8136904152","-80.2022012247","2005","Beaver","final_internal","","3","","3","other","100","","","1","","1","other","100","","","1","2","3","unknown","66","","","3","","3","other","100","","","","","","","","","","","","","","",""
"40.86362203-79.53928607---2005","https://mapsengine.google.com/06136759344167181854-15960346301379896183-4/wms/?version=1.3.0","40.8636220279","-79.5392860746","2005","Armstrong","final_internal","","3","","3","other","100","","","1","","1","other","100","","","","","","","","","","3","","3","other","100","","","","","","","","","","","","","","",""
"39.98247512-80.28370765---2008","https://mapsengine.google.com/06136759344167181854-00219351362547715467-4/wms/?version=1.3.0","39.9824751208","-80.283707648","2008","Greene","first_internal","","4","","4","other","100","","1","8","1","10","other","80","","","4","","4","other","100","","","","","","","","","","","","","","","","","","","","","",""
"39.79485929-80.40877512---2008","https://mapsengine.google.com/06136759344167181854-00219351362547715467-4/wms/?version=1.3.0","39.7948592928","-80.4087751173","2008","Greene","first_internal","","3","","3","other","100","","","10","","10","other","100","","","3","","3","other","100","","","","","","","","","","","","","","","","","","","","","",""
"41.86403282-76.01877735---2005","https://mapsengine.google.com/06136759344167181854-15960346301379896183-4/wms/?version=1.3.0","41.8640328198","-76.0187773468","2005","Susquehanna","final_internal","","3","","3","other","100","","1","","","1","fracking","100","","","3","","3","other","100","","","3","","3","other","100","","","","","","","","","","","","","","",""
"41.71655622-76.13524211---2008","https://mapsengine.google.com/06136759344167181854-00219351362547715467-4/wms/?version=1.3.0","41.7165562236","-76.1352421062","2008","Bradford","final_internal","3","","","3","fracking","100","","1","","","1","fracking","100","","3","","","3","fracking","100","","3","","","3","fracking","100","","","","","","","","","","","","","","",""
"39.8579149-79.52890925---2010","https://mapsengine.google.com/06136759344167181854-06191489742681286724-4/wms/?version=1.3.0","39.8579149038","-79.5289092511","2010","Fayette","public","","11","","11","other","100","","","11","","11","other","100","","","","","","","","","","","","","","","","","","","","","","","","","","","","",""
"40.07181098-79.62841125---2010","https://mapsengine.google.com/06136759344167181854-06191489742681286724-4/wms/?version=1.3.0","40.0718109849","-79.6284112543","2010","Fayette","sweeper_internal","","1","","1","other","100","","5","2","3","10","fracking","50","","","","","","","","","","","","","","","","","1","","1","other","100","","","","","","","",""
"41.74850949-76.72218964---2005","https://mapsengine.google.com/06136759344167181854-15960346301379896183-4/wms/?version=1.3.0","41.7485094921","-76.7221896388","2005","Bradford","final_internal","","3","","3","other","100","","","1","","1","other","100","","","3","","3","other","100","","","3","","3","other","100","","","","","","","","","","","","","","",""
"41.7375706-77.15885112---2005","https://mapsengine.google.com/06136759344167181854-15960346301379896183-4/wms/?version=1.3.0","41.7375705984","-77.158851116","2005","Tioga","missing_internal","","1","","1","other","100","","","","","","fracking|unknown|other","","","","","","","","","","","","","","","","","","","","","","","","","1","","1","other","100",""
"41.73070221-75.90924976---2005","https://mapsengine.google.com/06136759344167181854-15960346301379896183-4/wms/?version=1.3.0","41.730702205","-75.9092497617","2005","Susquehanna","final_internal","","3","","3","other","100","","","1","","1","other","100","","","1","2","3","unknown","66","","","3","","3","other","100","","","","","","","","","","","","","","",""
"41.85789046-76.68945379---2008","https://mapsengine.google.com/06136759344167181854-00219351362547715467-4/wms/?version=1.3.0","41.8578904621","-76.6894537919","2008","Bradford","final_internal","","3","","3","other","100","","","1","","1","other","100","","","3","","3","other","100","","","3","","3","other","100","","","","","","","","","","","","","","",""
"41.52558125-76.34862697---2010","https://mapsengine.google.com/06136759344167181854-06191489742681286724-4/wms/?version=1.3.0","41.5255812473","-76.348626975","2010","Sullivan","sweeper_internal","","1","","1","other","100","","2","5","3","10","other","50","","","","","","","","","","","","","","","","","1","","1","other","100","","","","","","","",""
"41.89213959-75.66435861---2005","https://mapsengine.google.com/06136759344167181854-15960346301379896183-4/wms/?version=1.3.0","41.8921395926","-75.6643586085","2005","Susquehanna","final_internal","","3","","3","other","100","","","1","","1","other","100","","","3","","3","other","100","","","3","","3","other","100","","","","","","","","","","","","","","",""
"41.8531025-76.94396303---2005","https://mapsengine.google.com/06136759344167181854-15960346301379896183-4/wms/?version=1.3.0","41.8531025036","-76.9439630289","2005","Tioga","final_internal","","3","","3","other","100","","","1","","1","other","100","","","","","","","","","","3","","3","other","100","","","","","","","","","","","","","","",""
"41.78372109-75.96325689---2010","https://mapsengine.google.com/06136759344167181854-06191489742681286724-4/wms/?version=1.3.0","41.783721091","-75.963256886","2010","Susquehanna","sweeper_internal","","1","","1","other","100","","1","8","2","11","other","72","","","3","","3","other","100","","","","","","","","","","1","","1","other","100","","","","","","","",""
"41.701324-75.90433697---2010","https://mapsengine.google.com/06136759344167181854-06191489742681286724-4/wms/?version=1.3.0","41.701324","-75.9043369693","2010","Susquehanna","sweeper_internal","","1","","1","other","100","","","8","3","11","other","72","","","3","","3","other","100","","","","","","","","","","1","","1","other","100","","","","","","","",""
"41.52559735-79.70953869---2010","https://mapsengine.google.com/06136759344167181854-06191489742681286724-4/wms/?version=1.3.0","41.5255973482","-79.7095386869","2010","Venango","public","","10","","10","other","100","","","10","","10","other","100","","","","","","","","","","","","","","","","","","","","","","","","","","","","",""
"40.96163782-78.872285---2010","https://mapsengine.google.com/06136759344167181854-06191489742681286724-4/wms/?version=1.3.0","40.9616378211","-78.8722850002","2010","Jefferson","public","","10","","10","other","100","","","10","","10","other","100","","","","","","","","","","","","","","","","","","","","","","","","","","","","",""
"41.56833238-76.09457041---2005","https://mapsengine.google.com/06136759344167181854-15960346301379896183-4/wms/?version=1.3.0","41.5683323768","-76.0945704148","2005","Wyoming","final_internal","","3","","3","other","100","","","1","","1","other","100","","","3","","3","other","100","","","3","","3","other","100","","","","","","","","","","","","","","",""
"41.68969468-76.99519185---2005","https://mapsengine.google.com/06136759344167181854-15960346301379896183-4/wms/?version=1.3.0","41.689694684","-76.995191852","2005","Tioga","missing_internal","","1","","1","other","100","","","","","","fracking|unknown|other","","","","","","","","","","","","","","","","","","","","","","","","","1","","1","other","100",""
"39.91774487-79.98358204---2010","https://mapsengine.google.com/06136759344167181854-06191489742681286724-4/wms/?version=1.3.0","39.9177448678","-79.983582042","2010","Greene","sweeper_internal","","1","","1","other","100","","3","5","2","10","other","50","","","","","","","","","","","","","","","","","1","","1","other","100","","","","","","","",""
"41.71040227-75.91932524---2010","https://mapsengine.google.com/06136759344167181854-06191489742681286724-4/wms/?version=1.3.0","41.7104022657","-75.9193252375","2010","Susquehanna","sweeper_internal","","1","","1","other","100","","3","4","5","12","unknown","41","","","3","","3","other","100","","","","","","","","","","1","","1","other","100","","","","","","","",""
"41.82640332-76.64868173---2008","https://mapsengine.google.com/06136759344167181854-00219351362547715467-4/wms/?version=1.3.0","41.8264033226","-76.6486817336","2008","Bradford","final_internal","","3","","3","other","100","","","1","","1","other","100","","","3","","3","other","100","","","3","","3","other","100","","","","","","","","","","","","","","",""
"41.95586516-76.95450236---2005","https://mapsengine.google.com/06136759344167181854-15960346301379896183-4/wms/?version=1.3.0","41.9558651554","-76.9545023637","2005","Tioga","final_internal","","3","","3","other","100","","","1","","1","other","100","","","","","","","","","","3","","3","other","100","","","","","","","","","","","","","","",""
"39.90087318-80.2947626---2010","https://mapsengine.google.com/06136759344167181854-06191489742681286724-4/wms/?version=1.3.0","39.9008731813","-80.2947625985","2010","Greene","sweeper_internal","","1","","1","other","100","","3","5","2","10","other","50","","","","","","","","","","","","","","","","","1","","1","other","100","","","","","","","",""
"40.72435911-79.6134777---2010","https://mapsengine.google.com/06136759344167181854-06191489742681286724-4/wms/?version=1.3.0","40.724359111","-79.6134777036","2010","Armstrong","public","","10","","10","other","100","","","10","","10","other","100","","","","","","","","","","","","","","","","","","","","","","","","","","","","",""
"41.55061337-76.42165269---2005","https://mapsengine.google.com/06136759344167181854-15960346301379896183-4/wms/?version=1.3.0","41.5506133703","-76.4216526878","2005","Sullivan","final_internal","","3","","3","other","100","","","1","","1","other","100","","","3","","3","other","100","","","3","","3","other","100","","","","","","","","","","","","","","",""
"41.70722209-75.65652763---2005","https://mapsengine.google.com/06136759344167181854-15960346301379896183-4/wms/?version=1.3.0","41.7072220876","-75.6565276269","2005","Susquehanna","final_internal","","3","","3","other","100","","","1","","1","other","100","","","3","","3","other","100","","","3","","3","other","100","","","","","","","","","","","","","","",""
"40.25430772-80.32139167---2008","https://mapsengine.google.com/06136759344167181854-00219351362547715467-4/wms/?version=1.3.0","40.254307717","-80.3213916688","2008","Washington","first_internal","2","","1","3","fracking","66","","10","","","10","fracking","100","","2","","1","3","fracking","66","","","","","","","","","","","","","","","","","","","","","",""
"41.41753742-78.26941029---2008","https://mapsengine.google.com/06136759344167181854-00219351362547715467-4/wms/?version=1.3.0","41.4175374196","-78.2694102933","2008","Cameron","first_internal","1","2","","3","other","66","","1","2","3","6","unknown","50","","1","2","","3","other","66","","","","","","","","","","","","","","","","","","","","","",""
"41.65913477-75.6771267---2010","https://mapsengine.google.com/06136759344167181854-06191489742681286724-4/wms/?version=1.3.0","41.65913477","-75.6771267","2010","Susquehanna","first_internal","","3","","3","other","100","","","10","","10","other","100","","","3","","3","other","100","","","","","","","","","","","","","","","","","","","","","",""
"39.94999087-79.98466585---2005","https://mapsengine.google.com/06136759344167181854-15960346301379896183-4/wms/?version=1.3.0","39.9499908717","-79.9846658513","2005","Greene","final_internal","","3","","3","other","100","","","1","","1","other","100","","","","","","","","","","3","","3","other","100","","","","","","","","","","","","","","",""
"41.6670966-76.09411364---2010","https://mapsengine.google.com/06136759344167181854-06191489742681286724-4/wms/?version=1.3.0","41.6670965966","-76.0941136369","2010","Susquehanna","sweeper_internal","1","","","1","fracking","100","","5","","5","10","fracking|unknown","","50|50","1","","2","3","unknown","66","","","","","","","","","1","","","1","fracking","100","","","","","","","",""
"40.80061894-80.04592646---2008","https://mapsengine.google.com/06136759344167181854-00219351362547715467-4/wms/?version=1.3.0","40.8006189375","-80.0459264644","2008","Butler","first_internal","","3","","3","other","100","","","2","","2","other","100","","","3","","3","other","100","","","","","","","","","","","","","","","","","","","","","",""
"39.90624269-80.30146103---2010","https://mapsengine.google.com/06136759344167181854-06191489742681286724-4/wms/?version=1.3.0","39.9062426859","-80.301461028","2010","Greene","sweeper_internal","1","","","1","fracking","100","","2","6","2","10","other","60","","","","","","","","","","","","","","","","1","","","1","fracking","100","","","","","","","",""
"41.74196489-77.03195163---2008","https://mapsengine.google.com/06136759344167181854-00219351362547715467-4/wms/?version=1.3.0","41.7419648887","-77.0319516253","2008","Tioga","final_internal","","3","","3","other","100","","","1","","1","other","100","","","","","","","","","","3","","3","other","100","","","","","","","","","","","","","","",""
"41.86222399-76.84195803---2010","https://mapsengine.google.com/06136759344167181854-06191489742681286724-4/wms/?version=1.3.0","41.86222399","-76.84195803","2010","Bradford","first_internal","","3","","3","other","100","","1","9","","10","other","90","","","3","","3","other","100","","","","","","","","","","","","","","","","","","","","","",""
"41.93075829-77.04217861---2010","https://mapsengine.google.com/06136759344167181854-06191489742681286724-4/wms/?version=1.3.0","41.93075829","-77.0421786057","2010","Tioga","public","1","9","","10","other","90","","1","9","","10","other","90","","","","","","","","","","","","","","","","","","","","","","","","","","","","",""
"40.27728886-80.24038595---2008","https://mapsengine.google.com/06136759344167181854-00219351362547715467-4/wms/?version=1.3.0","40.2772888622","-80.2403859468","2008","Washington","sweeper_internal","1","","","1","fracking","100","","7","1","2","10","fracking","70","","2","1","","3","fracking","66","","","","","","","","","1","","","1","fracking","100","","","","","","","",""
"41.13321984-79.75435542---2005","https://mapsengine.google.com/06136759344167181854-15960346301379896183-4/wms/?version=1.3.0","41.1332198439","-79.7543554244","2005","Butler","final_internal","","3","","3","other","100","","","1","","1","other","100","","","","","","","","","","3","","3","other","100","","","","","","","","","","","","","","",""
"41.6724877-76.36399877---2010","https://mapsengine.google.com/06136759344167181854-06191489742681286724-4/wms/?version=1.3.0","41.6724877037","-76.3639987716","2010","Bradford","sweeper_internal","1","","","1","fracking","100","","7","1","2","10","fracking","70","","1","2","","3","other","66","","","","","","","","","1","","","1","fracking","100","","","","","","","",""
"41.72040474-76.16409449---2008","https://mapsengine.google.com/06136759344167181854-00219351362547715467-4/wms/?version=1.3.0","41.7204047438","-76.1640944907","2008","Bradford","final_internal","","4","","4","other","100","","","1","","1","other","100","","","3","","3","other","100","","","4","","4","other","100","","","","","","","","","","","","","","",""
"41.1685039-78.48489758---2010","https://mapsengine.google.com/06136759344167181854-06191489742681286724-4/wms/?version=1.3.0","41.1685038959","-78.4848975766","2010","Clearfield","public","","12","","12","other","100","","","12","","12","other","100","","","","","","","","","","","","","","","","","","","","","","","","","","","","",""
"40.29927525-79.64487979---2008","https://mapsengine.google.com/06136759344167181854-00219351362547715467-4/wms/?version=1.3.0","40.2992752486","-79.6448797911","2008","Westmoreland","final_internal","","3","","3","other","100","","","1","","1","other","100","","","","","","","","","","3","","3","other","100","","","","","","","","","","","","","","",""
"41.86105075-76.87671025---2008","https://mapsengine.google.com/06136759344167181854-00219351362547715467-4/wms/?version=1.3.0","41.861050753","-76.8767102464","2008","Bradford","final_internal","","3","","3","other","100","","","1","","1","other","100","","","3","","3","other","100","","","3","","3","other","100","","","","","","","","","","","","","","",""
"41.61480793-76.94092058---2005","https://mapsengine.google.com/06136759344167181854-15960346301379896183-4/wms/?version=1.3.0","41.6148079308","-76.9409205811","2005","Tioga","missing_internal","","1","","1","other","100","","","","","","fracking|unknown|other","","","","","","","","","","","","","","","","","","","","","","","","","1","","1","other","100",""
"39.83655457-79.9753269---2008","https://mapsengine.google.com/06136759344167181854-00219351362547715467-4/wms/?version=1.3.0","39.8365545695","-79.9753269022","2008","Greene","sweeper_internal","1","","","1","fracking","100","","6","2","2","10","fracking","60","","2","","1","3","fracking","66","","","","","","","","","1","","","1","fracking","100","","","","","","","",""
"41.79686906-76.22357332---2010","https://mapsengine.google.com/06136759344167181854-06191489742681286724-4/wms/?version=1.3.0","41.79686906","-76.22357332","2010","Bradford","first_internal","","3","","3","other","100","","","10","","10","other","100","","","3","","3","other","100","","","","","","","","","","","","","","","","","","","","","",""
"41.74666564-76.7864921---2010","https://mapsengine.google.com/06136759344167181854-06191489742681286724-4/wms/?version=1.3.0","41.74666564","-76.7864921","2010","Bradford","first_internal","3","","","3","fracking","100","","9","","1","10","fracking","90","","3","","","3","fracking","100","","","","","","","","","","","","","","","","","","","","","",""
"41.80432074-77.29969211---2010","https://mapsengine.google.com/06136759344167181854-06191489742681286724-4/wms/?version=1.3.0","41.8043207378","-77.2996921062","2010","Tioga","public","","10","","10","other","100","","","10","","10","other","100","","","","","","","","","","","","","","","","","","","","","","","","","","","","",""
"40.83673556-79.55428496---2010","https://mapsengine.google.com/06136759344167181854-06191489742681286724-4/wms/?version=1.3.0","40.8367355594","-79.5542849604","2010","Armstrong","public","9","","1","10","fracking","90","","9","","1","10","fracking","90","","","","","","","","","","","","","","","","","","","","","","","","","","","","",""
"40.82960971-80.0434697---2010","https://mapsengine.google.com/06136759344167181854-06191489742681286724-4/wms/?version=1.3.0","40.8296097077","-80.0434696975","2010","Butler","public","","18","2","20","other","90","","","18","2","20","other","90","","","","","","","","","","","","","","","","","","","","","","","","","","","","",""
"41.92632152-75.87280909---2005","https://mapsengine.google.com/06136759344167181854-15960346301379896183-4/wms/?version=1.3.0","41.926321521","-75.8728090939","2005","Susquehanna","final_internal","","3","","3","other","100","","","1","","1","other","100","","","3","","3","other","100","","","3","","3","other","100","","","","","","","","","","","","","","",""
"41.67650865-75.8574165---2010","https://mapsengine.google.com/06136759344167181854-06191489742681286724-4/wms/?version=1.3.0","41.67650865","-75.8574165","2010","Susquehanna","first_internal","","3","","3","other","100","","","11","","11","other","100","","","3","","3","other","100","","","","","","","","","","","","","","","","","","","","","",""
"41.74252297-76.10127178---2005","https://mapsengine.google.com/06136759344167181854-15960346301379896183-4/wms/?version=1.3.0","41.742522967","-76.101271776","2005","Susquehanna","final_internal","","3","","3","other","100","","","1","","1","other","100","","","3","","3","other","100","","","3","","3","other","100","","","","","","","","","","","","","","",""
"39.86656653-80.01645854---2010","https://mapsengine.google.com/06136759344167181854-06191489742681286724-4/wms/?version=1.3.0","39.8665665328","-80.0164585441","2010","Greene","public","","10","","10","other","100","","","10","","10","other","100","","","","","","","","","","","","","","","","","","","","","","","","","","","","",""
"41.00470177-79.7837507---2008","https://mapsengine.google.com/06136759344167181854-00219351362547715467-4/wms/?version=1.3.0","41.0047017723","-79.7837507029","2008","Butler","first_internal","","3","","3","other","100","","","2","","2","other","100","","","3","","3","other","100","","","","","","","","","","","","","","","","","","","","","",""
"41.792965-76.58333522---2010","https://mapsengine.google.com/06136759344167181854-06191489742681286724-4/wms/?version=1.3.0","41.792965","-76.58333522","2010","Bradford","first_internal","","3","","3","other","100","","","10","","10","other","100","","","3","","3","other","100","","","","","","","","","","","","","","","","","","","","","",""
"40.33205566-79.50023044---2005","https://mapsengine.google.com/06136759344167181854-15960346301379896183-4/wms/?version=1.3.0","40.3320556587","-79.5002304447","2005","Westmoreland","final_internal","","3","","3","other","100","","","1","","1","other","100","","","","","","","","","","3","","3","other","100","","","","","","","","","","","","","","",""
"41.71598885-75.89260584---2010","https://mapsengine.google.com/06136759344167181854-06191489742681286724-4/wms/?version=1.3.0","41.71598885","-75.89260584","2010","Susquehanna","first_internal","","4","","4","other","100","","","10","","10","other","100","","","4","","4","other","100","","","","","","","","","","","","","","","","","","","","","",""
"41.98747947-77.50208277---2010","https://mapsengine.google.com/06136759344167181854-06191489742681286724-4/wms/?version=1.3.0","41.9874794734","-77.5020827687","2010","Tioga","sweeper_internal","","1","","1","other","100","","9","1","2","12","fracking","75","","","","","","","","","","","","","","","","","1","","1","other","100","","","","","","","",""
"40.43570572-79.07276494---2010","https://mapsengine.google.com/06136759344167181854-06191489742681286724-4/wms/?version=1.3.0","40.4357057221","-79.0727649353","2010","Indiana","sweeper_internal","1","","","1","fracking","100","","21","4","5","30","fracking","70","","","","","","","","","","","","","","","","1","","","1","fracking","100","","","","","","","",""
"40.86094955-79.57988846---2010","https://mapsengine.google.com/06136759344167181854-06191489742681286724-4/wms/?version=1.3.0","40.8609495472","-79.5798884561","2010","Armstrong","public","8","","2","10","fracking","80","","8","","2","10","fracking","80","","","","","","","","","","","","","","","","","","","","","","","","","","","","",""
"40.49416481-79.57366916---2008","https://mapsengine.google.com/06136759344167181854-00219351362547715467-4/wms/?version=1.3.0","40.4941648109","-79.5736691601","2008","Westmoreland","final_internal","","3","","3","other","100","","","1","","1","other","100","","","","","","","","","","3","","3","other","100","","","","","","","","","","","","","","",""
"39.98004877-79.43784744---2010","https://mapsengine.google.com/06136759344167181854-06191489742681286724-4/wms/?version=1.3.0","39.9800487712","-79.4378474381","2010","Fayette","public","","10","","10","other","100","","","10","","10","other","100","","","","","","","","","","","","","","","","","","","","","","","","","","","","",""
"41.17002429-78.44956707---2010","https://mapsengine.google.com/06136759344167181854-06191489742681286724-4/wms/?version=1.3.0","41.1700242929","-78.449567074","2010","Clearfield","sweeper_internal","","1","","1","other","100","","14","2","4","20","fracking","70","","","","","","","","","","","","","","","","","1","","1","other","100","","","","","","","",""
"39.82629766-79.97381305---2005","https://mapsengine.google.com/06136759344167181854-15960346301379896183-4/wms/?version=1.3.0","39.8262976643","-79.9738130512","2005","Greene","final_internal","","3","","3","other","100","","","1","","1","other","100","","","","","","","","","","3","","3","other","100","","","","","","","","","","","","","","",""
"41.70108112-75.95973057---2005","https://mapsengine.google.com/06136759344167181854-15960346301379896183-4/wms/?version=1.3.0","41.7010811203","-75.95973057","2005","Susquehanna","final_internal","","3","","3","other","100","","","1","","1","other","100","","","3","","3","other","100","","","3","","3","other","100","","","","","","","","","","","","","","",""
"39.81216209-80.47164224---2005","https://mapsengine.google.com/06136759344167181854-15960346301379896183-4/wms/?version=1.3.0","39.8121620942","-80.4716422353","2005","Greene","final_internal","","3","","3","other","100","","","1","","1","other","100","","","","","","","","","","3","","3","other","100","","","","","","","","","","","","","","",""
"40.75652229-79.72175683---2005","https://mapsengine.google.com/06136759344167181854-15960346301379896183-4/wms/?version=1.3.0","40.7565222882","-79.7217568332","2005","Butler","final_internal","","3","","3","other","100","","","1","","1","other","100","","","","","","","","","","3","","3","other","100","","","","","","","","","","","","","","",""
"39.86925937-80.01002805---2010","https://mapsengine.google.com/06136759344167181854-06191489742681286724-4/wms/?version=1.3.0","39.8692593717","-80.0100280466","2010","Greene","public","10","","","10","fracking","100","","10","","","10","fracking","100","","","","","","","","","","","","","","","","","","","","","","","","","","","","",""
"40.89198078-79.51120312---2005","https://mapsengine.google.com/06136759344167181854-15960346301379896183-4/wms/?version=1.3.0","40.8919807846","-79.5112031179","2005","Armstrong","final_internal","1","2","","3","other","66","","","1","","1","other","100","","","","","","","","","1","2","","3","other","66","","","","","","","","","","","","","","",""
"41.73035776-75.9491354---2005","https://mapsengine.google.com/06136759344167181854-15960346301379896183-4/wms/?version=1.3.0","41.7303577613","-75.9491354036","2005","Susquehanna","final_internal","","3","","3","other","100","","","1","","1","other","100","","","3","","3","other","100","","","3","","3","other","100","","","","","","","","","","","","","","",""
"39.9868619-80.10942011---2010","https://mapsengine.google.com/06136759344167181854-06191489742681286724-4/wms/?version=1.3.0","39.986861903","-80.1094201137","2010","Greene","public","10","","","10","fracking","100","","10","","","10","fracking","100","","","","","","","","","","","","","","","","","","","","","","","","","","","","",""
"39.80193479-80.00502497---2008","https://mapsengine.google.com/06136759344167181854-00219351362547715467-4/wms/?version=1.3.0","39.8019347906","-80.0050249742","2008","Greene","sweeper_internal","1","","","1","fracking","100","","6","1","3","10","fracking","60","","3","","","3","fracking","100","","","","","","","","","1","","","1","fracking","100","","","","","","","",""
"41.7207245-76.06940372---2010","https://mapsengine.google.com/06136759344167181854-06191489742681286724-4/wms/?version=1.3.0","41.7207245","-76.06940372","2010","Susquehanna","first_internal","","3","","3","other","100","","","10","","10","other","100","","","3","","3","other","100","","","","","","","","","","","","","","","","","","","","","",""
"40.68050168-79.739994---2008","https://mapsengine.google.com/06136759344167181854-00219351362547715467-4/wms/?version=1.3.0","40.6805016792","-79.7399940007","2008","Butler","first_internal","","3","","3","other","100","","","2","","2","other","100","","","3","","3","other","100","","","","","","","","","","","","","","","","","","","","","",""
"41.68579548-75.89920224---2010","https://mapsengine.google.com/06136759344167181854-06191489742681286724-4/wms/?version=1.3.0","41.68579548","-75.89920224","2010","Susquehanna","first_internal","","3","","3","other","100","","","10","","10","other","100","","","3","","3","other","100","","","","","","","","","","","","","","","","","","","","","",""
"41.65061454-76.04261992---2010","https://mapsengine.google.com/06136759344167181854-06191489742681286724-4/wms/?version=1.3.0","41.65061454","-76.04261992","2010","Susquehanna","first_internal","2","","1","3","fracking","66","","10","","","10","fracking","100","","2","","1","3","fracking","66","","","","","","","","","","","","","","","","","","","","","",""
"41.79732214-76.02409742---2005","https://mapsengine.google.com/06136759344167181854-15960346301379896183-4/wms/?version=1.3.0","41.7973221371","-76.0240974242","2005","Susquehanna","final_internal","","3","","3","other","100","","","1","","1","other","100","","","3","","3","other","100","","","3","","3","other","100","","","","","","","","","","","","","","",""
"41.35315745-78.55082436---2010","https://mapsengine.google.com/06136759344167181854-06191489742681286724-4/wms/?version=1.3.0","41.3531574547","-78.5508243597","2010","Elk","public","2","9","","11","other","81","","2","9","","11","other","81","","","","","","","","","","","","","","","","","","","","","","","","","","","","",""
"41.9069425-76.85404793---2010","https://mapsengine.google.com/06136759344167181854-06191489742681286724-4/wms/?version=1.3.0","41.9069424984","-76.8540479341","2010","Bradford","sweeper_internal","","1","","1","other","100","","2","7","1","10","other","70","","","3","","3","other","100","","","","","","","","","","1","","1","other","100","","","","","","","",""
"39.83033403-80.00762411---2010","https://mapsengine.google.com/06136759344167181854-06191489742681286724-4/wms/?version=1.3.0","39.8303340259","-80.0076241103","2010","Greene","public","10","","","10","fracking","100","","10","","","10","fracking","100","","","","","","","","","","","","","","","","","","","","","","","","","","","","",""
"41.73857111-75.87846786---2005","https://mapsengine.google.com/06136759344167181854-15960346301379896183-4/wms/?version=1.3.0","41.7385711146","-75.8784678559","2005","Susquehanna","final_internal","","3","","3","other","100","","","1","","1","other","100","","","3","","3","other","100","","","3","","3","other","100","","","","","","","","","","","","","","",""
"40.15828718-79.76220062---2010","https://mapsengine.google.com/06136759344167181854-06191489742681286724-4/wms/?version=1.3.0","40.1582871845","-79.7622006202","2010","Westmoreland","public","","10","","10","other","100","","","10","","10","other","100","","","","","","","","","","","","","","","","","","","","","","","","","","","","",""
"40.2352218-80.40754828---2010","https://mapsengine.google.com/06136759344167181854-06191489742681286724-4/wms/?version=1.3.0","40.235221801","-80.4075482756","2010","Washington","public","","10","","10","other","100","","","10","","10","other","100","","","","","","","","","","","","","","","","","","","","","","","","","","","","",""
"41.74558835-76.77397109---2008","https://mapsengine.google.com/06136759344167181854-00219351362547715467-4/wms/?version=1.3.0","41.7455883507","-76.7739710894","2008","Bradford","final_internal","","3","","3","other","100","","","1","","1","other","100","","","3","","3","other","100","","","3","","3","other","100","","","","","","","","","","","","","","",""
"41.77465208-79.46753096---2010","https://mapsengine.google.com/06136759344167181854-06191489742681286724-4/wms/?version=1.3.0","41.7746520817","-79.4675309555","2010","Warren","public","","10","","10","other","100","","","10","","10","other","100","","","","","","","","","","","","","","","","","","","","","","","","","","","","",""
"39.90030176-80.33908098---2008","https://mapsengine.google.com/06136759344167181854-00219351362547715467-4/wms/?version=1.3.0","39.9003017562","-80.3390809811","2008","Greene","first_internal","","3","","3","other","100","","","10","","10","other","100","","","3","","3","other","100","","","","","","","","","","","","","","","","","","","","","",""
"40.49417992-79.57108982---2005","https://mapsengine.google.com/06136759344167181854-15960346301379896183-4/wms/?version=1.3.0","40.4941799155","-79.571089823","2005","Westmoreland","final_internal","","3","","3","other","100","","","1","","1","other","100","","","","","","","","","","3","","3","other","100","","","","","","","","","","","","","","",""
"41.68268149-76.78299889---2010","https://mapsengine.google.com/06136759344167181854-06191489742681286724-4/wms/?version=1.3.0","41.68268149","-76.78299889","2010","Bradford","first_internal","","3","","3","other","100","","","12","1","13","other","92","","","3","","3","other","100","","","","","","","","","","","","","","","","","","","","","",""
"40.00059179-79.7011004---2010","https://mapsengine.google.com/06136759344167181854-06191489742681286724-4/wms/?version=1.3.0","40.0005917857","-79.7011004039","2010","Fayette","public","10","","","10","fracking","100","","10","","","10","fracking","100","","","","","","","","","","","","","","","","","","","","","","","","","","","","",""
"40.06865832-79.94600827---2010","https://mapsengine.google.com/06136759344167181854-06191489742681286724-4/wms/?version=1.3.0","40.0686583196","-79.9460082675","2010","Washington","public","","10","","10","other","100","","","10","","10","other","100","","","","","","","","","","","","","","","","","","","","","","","","","","","","",""
"40.56872674-79.21837237---2010","https://mapsengine.google.com/06136759344167181854-06191489742681286724-4/wms/?version=1.3.0","40.5687267411","-79.2183723682","2010","Indiana","public","","11","","11","other","100","","","11","","11","other","100","","","","","","","","","","","","","","","","","","","","","","","","","","","","",""
"41.67428651-78.50654076---2010","https://mapsengine.google.com/06136759344167181854-06191489742681286724-4/wms/?version=1.3.0","41.6742865098","-78.5065407629","2010","McKean","sweeper_internal","","1","","1","other","100","","5","2","3","10","fracking","50","","","","","","","","","","","","","","","","","1","","1","other","100","","","","","","","",""
"41.79237052-76.99542711---2010","https://mapsengine.google.com/06136759344167181854-06191489742681286724-4/wms/?version=1.3.0","41.7923705243","-76.9954271137","2010","Tioga","public","","13","","13","other","100","","","13","","13","other","100","","","","","","","","","","","","","","","","","","","","","","","","","","","","",""
"41.72608023-75.9205859---2005","https://mapsengine.google.com/06136759344167181854-15960346301379896183-4/wms/?version=1.3.0","41.7260802252","-75.9205858998","2005","Susquehanna","final_internal","","3","","3","other","100","","","1","","1","other","100","","","3","","3","other","100","","","3","","3","other","100","","","","","","","","","","","","","","",""
"40.17805303-80.40834527---2010","https://mapsengine.google.com/06136759344167181854-06191489742681286724-4/wms/?version=1.3.0","40.1780530314","-80.408345268","2010","Washington","public","1","9","","10","other","90","","1","9","","10","other","90","","","","","","","","","","","","","","","","","","","","","","","","","","","","",""
"41.69639165-75.93481512---2008","https://mapsengine.google.com/06136759344167181854-00219351362547715467-4/wms/?version=1.3.0","41.6963916504","-75.934815117","2008","Susquehanna","final_internal","","3","","3","other","100","","","1","","1","other","100","","","3","","3","other","100","","","3","","3","other","100","","","","","","","","","","","","","","",""
"40.72715376-79.61769519---2010","https://mapsengine.google.com/06136759344167181854-06191489742681286724-4/wms/?version=1.3.0","40.7271537637","-79.6176951868","2010","Armstrong","public","","10","","10","other","100","","","10","","10","other","100","","","","","","","","","","","","","","","","","","","","","","","","","","","","",""
"41.67462647-77.604488---2010","https://mapsengine.google.com/06136759344167181854-06191489742681286724-4/wms/?version=1.3.0","41.6746264694","-77.6044879959","2010","Potter","public","10","","1","11","fracking","90","","10","","1","11","fracking","90","","","","","","","","","","","","","","","","","","","","","","","","","","","","",""
"40.75529688-79.72303975---2005","https://mapsengine.google.com/06136759344167181854-15960346301379896183-4/wms/?version=1.3.0","40.7552968772","-79.7230397544","2005","Butler","final_internal","","3","","3","other","100","","","1","","1","other","100","","","","","","","","","","3","","3","other","100","","","","","","","","","","","","","","",""
"40.8782813-79.53151743---2005","https://mapsengine.google.com/06136759344167181854-15960346301379896183-4/wms/?version=1.3.0","40.8782813037","-79.5315174268","2005","Armstrong","final_internal","","3","","3","other","100","","","1","","1","other","100","","","","","","","","","","3","","3","other","100","","","","","","","","","","","","","","",""
"41.70024841-75.88380184---2010","https://mapsengine.google.com/06136759344167181854-06191489742681286724-4/wms/?version=1.3.0","41.70024841","-75.88380184","2010","Susquehanna","first_internal","","3","","3","other","100","","","10","","10","other","100","","","3","","3","other","100","","","","","","","","","","","","","","","","","","","","","",""
"41.73288243-75.87370119---2005","https://mapsengine.google.com/06136759344167181854-15960346301379896183-4/wms/?version=1.3.0","41.7328824301","-75.8737011879","2005","Susquehanna","final_internal","","3","","3","other","100","","","1","","1","other","100","","","3","","3","other","100","","","3","","3","other","100","","","","","","","","","","","","","","",""
"39.943628-79.84215035---2008","https://mapsengine.google.com/06136759344167181854-00219351362547715467-4/wms/?version=1.3.0","39.9436280013","-79.8421503516","2008","Fayette","first_internal","","3","","3","other","100","","1","9","","10","other","90","","","3","","3","other","100","","","","","","","","","","","","","","","","","","","","","",""
"41.28704778-78.61639932---2008","https://mapsengine.google.com/06136759344167181854-00219351362547715467-4/wms/?version=1.3.0","41.2870477763","-78.6163993237","2008","Elk","first_internal","","3","","3","other","100","","","","1","1","unknown","100","","","3","","3","other","100","","","","","","","","","","","","","","","","","","","","","",""
"41.90050994-77.3713728---2008","https://mapsengine.google.com/06136759344167181854-00219351362547715467-4/wms/?version=1.3.0","41.9005099387","-77.3713728037","2008","Tioga","final_internal","","3","","3","other","100","","","1","","1","other","100","","","","","","","","","","3","","3","other","100","","","","","","","","","","","","","","",""
"41.20030536-79.21208093---2008","https://mapsengine.google.com/06136759344167181854-00219351362547715467-4/wms/?version=1.3.0","41.2003053618","-79.2120809339","2008","Clarion","first_internal","","3","","3","other","100","","","5","1","6","other","83","","","3","","3","other","100","","","","","","","","","","","","","","","","","","","","","",""
"41.72825611-77.41229616---2008","https://mapsengine.google.com/06136759344167181854-00219351362547715467-4/wms/?version=1.3.0","41.7282561139","-77.4122961566","2008","Tioga","final_internal","","3","","3","other","100","","","1","","1","other","100","","","","","","","","","","3","","3","other","100","","","","","","","","","","","","","","",""
"40.00055954-79.66188809---2010","https://mapsengine.google.com/06136759344167181854-06191489742681286724-4/wms/?version=1.3.0","40.0005595449","-79.6618880873","2010","Fayette","public","10","","","10","fracking","100","","10","","","10","fracking","100","","","","","","","","","","","","","","","","","","","","","","","","","","","","",""
"41.75023824-76.77490822---2008","https://mapsengine.google.com/06136759344167181854-00219351362547715467-4/wms/?version=1.3.0","41.7502382412","-76.7749082151","2008","Bradford","final_internal","","4","","4","other","100","","","1","","1","other","100","","","3","","3","other","100","","","4","","4","other","100","","","","","","","","","","","","","","",""
"41.71059888-75.92416406---2008","https://mapsengine.google.com/06136759344167181854-00219351362547715467-4/wms/?version=1.3.0","41.7105988773","-75.9241640585","2008","Susquehanna","final_internal","","3","","3","other","100","","","1","","1","other","100","","","3","","3","other","100","","","3","","3","other","100","","","","","","","","","","","","","","",""
"41.34217534-77.26393509---2010","https://mapsengine.google.com/06136759344167181854-06191489742681286724-4/wms/?version=1.3.0","41.3421753403","-77.2639350901","2010","Lycoming","sweeper_internal","","1","","1","other","100","","4","2","4","10","fracking|unknown","","40|40","","","","","","","","","","","","","","","","1","","1","other","100","","","","","","","",""
"41.73004382-75.88404779---2008","https://mapsengine.google.com/06136759344167181854-00219351362547715467-4/wms/?version=1.3.0","41.7300438184","-75.8840477939","2008","Susquehanna","final_internal","","3","","3","other","100","","","1","","1","other","100","","","3","","3","other","100","","","3","","3","other","100","","","","","","","","","","","","","","",""
"41.72812786-75.87919774---2008","https://mapsengine.google.com/06136759344167181854-00219351362547715467-4/wms/?version=1.3.0","41.7281278626","-75.8791977359","2008","Susquehanna","final_internal","2","1","","3","fracking","66","","1","","","1","fracking","100","","1","","2","3","unknown","66","","2","1","","3","fracking","66","","","","","","","","","","","","","","",""
"41.758498-76.81057855---2005","https://mapsengine.google.com/06136759344167181854-15960346301379896183-4/wms/?version=1.3.0","41.7584979951","-76.8105785456","2005","Bradford","final_internal","","3","","3","other","100","","","1","","1","other","100","","","3","","3","other","100","","","3","","3","other","100","","","","","","","","","","","","","","",""
"39.935491-79.84168949---2008","https://mapsengine.google.com/06136759344167181854-00219351362547715467-4/wms/?version=1.3.0","39.9354910006","-79.8416894925","2008","Fayette","sweeper_internal","1","","","1","fracking","100","","6","2","2","10","fracking","60","","2","","1","3","fracking","66","","","","","","","","","1","","","1","fracking","100","","","","","","","",""
"40.18364298-79.72449748---2008","https://mapsengine.google.com/06136759344167181854-00219351362547715467-4/wms/?version=1.3.0","40.1836429764","-79.7244974833","2008","Westmoreland","final_internal","","4","","4","other","100","","1","1","","2","fracking|other","","50|50","","","","","","","","","4","","4","other","100","","","","","","","","","","","","","","",""
"39.98655142-80.12075882---2010","https://mapsengine.google.com/06136759344167181854-06191489742681286724-4/wms/?version=1.3.0","39.9865514217","-80.1207588153","2010","Greene","public","","10","","10","other","100","","","10","","10","other","100","","","","","","","","","","","","","","","","","","","","","","","","","","","","",""
"41.56114282-76.09856797---2010","https://mapsengine.google.com/06136759344167181854-06191489742681286724-4/wms/?version=1.3.0","41.56114282","-76.09856797","2010","Wyoming","first_internal","","3","","3","other","100","","","10","","10","other","100","","","3","","3","other","100","","","","","","","","","","","","","","","","","","","","","",""
"41.70050393-76.44324704---2005","https://mapsengine.google.com/06136759344167181854-15960346301379896183-4/wms/?version=1.3.0","41.7005039316","-76.4432470423","2005","Bradford","final_internal","","3","","3","other","100","","","1","","1","other","100","","","3","","3","other","100","","","3","","3","other","100","","","","","","","","","","","","","","",""
"39.90786094-80.29698071---2008","https://mapsengine.google.com/06136759344167181854-00219351362547715467-4/wms/?version=1.3.0","39.9078609354","-80.2969807094","2008","Greene","sweeper_internal","1","","","1","fracking","100","","4","3","3","10","fracking","40","","2","1","","3","fracking","66","","","","","","","","","1","","","1","fracking","100","","","","","","","",""
"41.68356886-76.0682603---2008","https://mapsengine.google.com/06136759344167181854-00219351362547715467-4/wms/?version=1.3.0","41.6835688628","-76.068260299","2008","Susquehanna","final_internal","","4","","4","other","100","","","1","","1","other","100","","","3","","3","other","100","","","4","","4","other","100","","","","","","","","","","","","","","",""
"41.67853815-75.87865597---2010","https://mapsengine.google.com/06136759344167181854-06191489742681286724-4/wms/?version=1.3.0","41.6785381546","-75.8786559661","2010","Susquehanna","sweeper_internal","","1","","1","other","100","","2","6","3","11","other","54","","","","3","3","unknown","100","","","","","","","","","","1","","1","other","100","","","","","","","",""
"41.85120205-77.29553731---2008","https://mapsengine.google.com/06136759344167181854-00219351362547715467-4/wms/?version=1.3.0","41.8512020507","-77.2955373068","2008","Tioga","final_internal","","3","","3","other","100","","","1","","1","other","100","","","","","","","","","","3","","3","other","100","","","","","","","","","","","","","","",""
"39.9684416-79.83431602---2008","https://mapsengine.google.com/06136759344167181854-00219351362547715467-4/wms/?version=1.3.0","39.9684415976","-79.8343160159","2008","Fayette","first_internal","2","1","","3","fracking","66","","2","3","1","6","other","50","","2","1","","3","fracking","66","","","","","","","","","","","","","","","","","","","","","",""
"41.99282224-76.976708---2005","https://mapsengine.google.com/06136759344167181854-15960346301379896183-4/wms/?version=1.3.0","41.9928222422","-76.9767079979","2005","Tioga","missing_internal","","1","","1","other","100","","","","","","fracking|unknown|other","","","","","","","","","","","","","","","","","","","","","","","","","1","","1","other","100",""
"41.81746663-76.88019736---2010","https://mapsengine.google.com/06136759344167181854-06191489742681286724-4/wms/?version=1.3.0","41.81746663","-76.88019736","2010","Bradford","first_internal","","3","","3","other","100","","1","9","","10","other","90","","","3","","3","other","100","","","","","","","","","","","","","","","","","","","","","",""
"41.74239971-77.04290409---2008","https://mapsengine.google.com/06136759344167181854-00219351362547715467-4/wms/?version=1.3.0","41.7423997112","-77.0429040916","2008","Tioga","final_internal","","3","","3","other","100","","","1","","1","other","100","","","","","","","","","","3","","3","other","100","","","","","","","","","","","","","","",""
"41.00092296-79.78627492---2010","https://mapsengine.google.com/06136759344167181854-06191489742681286724-4/wms/?version=1.3.0","41.0009229603","-79.7862749246","2010","Butler","public","1","25","","26","other","96","","1","25","","26","other","96","","","","","","","","","","","","","","","","","","","","","","","","","","","","",""
"39.88050546-79.97056585---2008","https://mapsengine.google.com/06136759344167181854-00219351362547715467-4/wms/?version=1.3.0","39.8805054634","-79.970565847","2008","Greene","sweeper_internal","","1","","1","other","100","","3","3","4","10","unknown","40","","","2","1","3","other","66","","","","","","","","","","1","","1","other","100","","","","","","","",""
"41.70457064-76.68238222---2005","https://mapsengine.google.com/06136759344167181854-15960346301379896183-4/wms/?version=1.3.0","41.7045706437","-76.6823822157","2005","Bradford","final_internal","","3","","3","other","100","","","1","","1","other","100","","","3","","3","other","100","","","3","","3","other","100","","","","","","","","","","","","","","",""
"41.5471669-76.65082768---2008","https://mapsengine.google.com/06136759344167181854-00219351362547715467-4/wms/?version=1.3.0","41.547166899","-76.6508276808","2008","Sullivan","final_internal","","4","","4","other","100","","","1","","1","other","100","","","3","","3","other","100","","","4","","4","other","100","","","","","","","","","","","","","","",""
"39.84842718-79.86068831---2010","https://mapsengine.google.com/06136759344167181854-06191489742681286724-4/wms/?version=1.3.0","39.8484271828","-79.8606883063","2010","Fayette","public","","10","","10","other","100","","","10","","10","other","100","","","","","","","","","","","","","","","","","","","","","","","","","","","","",""
"41.66028685-75.96262546---2010","https://mapsengine.google.com/06136759344167181854-06191489742681286724-4/wms/?version=1.3.0","41.66028685","-75.96262546","2010","Susquehanna","first_internal","","3","","3","other","100","","","11","","11","other","100","","","3","","3","other","100","","","","","","","","","","","","","","","","","","","","","",""
"39.92472365-79.9975388---2008","https://mapsengine.google.com/06136759344167181854-00219351362547715467-4/wms/?version=1.3.0","39.9247236496","-79.9975388026","2008","Greene","sweeper_internal","","1","","1","other","100","","1","5","4","10","other","50","","","2","1","3","other","66","","","","","","","","","","1","","1","other","100","","","","","","","",""
"41.72265528-76.27018581---2010","https://mapsengine.google.com/06136759344167181854-06191489742681286724-4/wms/?version=1.3.0","41.72265528","-76.27018581","2010","Bradford","first_internal","","3","","3","other","100","","","15","","15","other","100","","","3","","3","other","100","","","","","","","","","","","","","","","","","","","","","",""
"41.87987413-76.82545999---2010","https://mapsengine.google.com/06136759344167181854-06191489742681286724-4/wms/?version=1.3.0","41.87987413","-76.82545999","2010","Bradford","first_internal","","3","","3","other","100","","2","8","","10","other","80","","","3","","3","other","100","","","","","","","","","","","","","","","","","","","","","",""
"40.56515517-79.22605381---2010","https://mapsengine.google.com/06136759344167181854-06191489742681286724-4/wms/?version=1.3.0","40.5651551745","-79.2260538135","2010","Indiana","public","","10","","10","other","100","","","10","","10","other","100","","","","","","","","","","","","","","","","","","","","","","","","","","","","",""
"41.58932069-76.85658988---2005","https://mapsengine.google.com/06136759344167181854-15960346301379896183-4/wms/?version=1.3.0","41.5893206927","-76.8565898785","2005","Lycoming","missing_internal","","1","","1","other","100","","","","","","fracking|unknown|other","","","","","","","","","","","","","","","","","","","","","","","","","1","","1","other","100",""
"39.83683622-79.53370754---2005","https://mapsengine.google.com/06136759344167181854-15960346301379896183-4/wms/?version=1.3.0","39.8368362154","-79.5337075402","2005","Fayette","final_internal","","3","","3","other","100","","","1","","1","other","100","","","","","","","","","","3","","3","other","100","","","","","","","","","","","","","","",""
"40.95622269-79.95238491---2010","https://mapsengine.google.com/06136759344167181854-06191489742681286724-4/wms/?version=1.3.0","40.9562226914","-79.9523849141","2010","Butler","public","","13","2","15","other","86","","","13","2","15","other","86","","","","","","","","","","","","","","","","","","","","","","","","","","","","",""
"41.72578603-76.26235414---2005","https://mapsengine.google.com/06136759344167181854-15960346301379896183-4/wms/?version=1.3.0","41.725786034","-76.2623541419","2005","Bradford","final_internal","","3","","3","other","100","","","1","","1","other","100","","","3","","3","other","100","","","3","","3","other","100","","","","","","","","","","","","","","",""
"39.86548205-80.05267877---2010","https://mapsengine.google.com/06136759344167181854-06191489742681286724-4/wms/?version=1.3.0","39.8654820544","-80.0526787665","2010","Greene","sweeper_internal","","1","","1","other","100","","","7","3","10","other","70","","","","","","","","","","","","","","","","","1","","1","other","100","","","","","","","",""
"41.92661356-77.04654306---2008","https://mapsengine.google.com/06136759344167181854-00219351362547715467-4/wms/?version=1.3.0","41.926613559","-77.0465430576","2008","Tioga","final_internal","","3","","3","other","100","","","1","","1","other","100","","","","","","","","","","3","","3","other","100","","","","","","","","","","","","","","",""
"41.72561029-76.81881268---2010","https://mapsengine.google.com/06136759344167181854-06191489742681286724-4/wms/?version=1.3.0","41.72561029","-76.81881268","2010","Bradford","first_internal","3","","","3","fracking","100","","9","1","","10","fracking","90","","3","","","3","fracking","100","","","","","","","","","","","","","","","","","","","","","",""
"40.78147267-79.63061176---2005","https://mapsengine.google.com/06136759344167181854-15960346301379896183-4/wms/?version=1.3.0","40.7814726727","-79.630611755","2005","Armstrong","final_internal","","3","","3","other","100","","","1","","1","other","100","","","","","","","","","","3","","3","other","100","","","","","","","","","","","","","","",""
"41.64676771-76.37359312---2008","https://mapsengine.google.com/06136759344167181854-00219351362547715467-4/wms/?version=1.3.0","41.6467677134","-76.373593119","2008","Bradford","final_internal","","3","","3","other","100","","","1","","1","other","100","","","3","","3","other","100","","","3","","3","other","100","","","","","","","","","","","","","","",""
"39.92714577-79.96679039---2010","https://mapsengine.google.com/06136759344167181854-06191489742681286724-4/wms/?version=1.3.0","39.9271457743","-79.966790389","2010","Greene","sweeper_internal","","1","","1","other","100","","5","4","1","10","fracking","50","","","","","","","","","","","","","","","","","1","","1","other","100","","","","","","","",""
"41.73017324-76.00733896---2005","https://mapsengine.google.com/06136759344167181854-15960346301379896183-4/wms/?version=1.3.0","41.7301732351","-76.0073389639","2005","Susquehanna","final_internal","","4","","4","other","100","","","1","","1","other","100","","","3","","3","other","100","","","4","","4","other","100","","","","","","","","","","","","","","",""
"41.67727652-76.35078464---2010","https://mapsengine.google.com/06136759344167181854-06191489742681286724-4/wms/?version=1.3.0","41.67727652","-76.35078464","2010","Bradford","first_internal","","3","","3","other","100","","","11","","11","other","100","","","3","","3","other","100","","","","","","","","","","","","","","","","","","","","","",""
"39.8135965-79.38297417---2008","https://mapsengine.google.com/06136759344167181854-00219351362547715467-4/wms/?version=1.3.0","39.8135965044","-79.3829741653","2008","Fayette","sweeper_internal","","1","","1","other","100","","2","6","2","10","other","60","","","3","","3","other","100","","","","","","","","","","1","","1","other","100","","","","","","","",""
"41.89231718-77.36830043---2008","https://mapsengine.google.com/06136759344167181854-00219351362547715467-4/wms/?version=1.3.0","41.8923171811","-77.3683004277","2008","Tioga","final_internal","","3","","3","other","100","","","1","","1","other","100","","","","","","","","","","3","","3","other","100","","","","","","","","","","","","","","",""
"41.90860026-76.85976849---2008","https://mapsengine.google.com/06136759344167181854-00219351362547715467-4/wms/?version=1.3.0","41.9086002643","-76.8597684876","2008","Bradford","final_internal","","3","","3","other","100","","","","1","1","unknown","100","","","3","","3","other","100","","","3","","3","other","100","","","","","","","","","","","","","","",""
"41.73242484-76.09459714---2010","https://mapsengine.google.com/06136759344167181854-06191489742681286724-4/wms/?version=1.3.0","41.7324248408","-76.0945971419","2010","Susquehanna","sweeper_internal","","1","","1","other","100","","","6","4","10","other","60","","","1","2","3","unknown","66","","","","","","","","","","1","","1","other","100","","","","","","","",""
"41.29132615-78.90756974---2008","https://mapsengine.google.com/06136759344167181854-00219351362547715467-4/wms/?version=1.3.0","41.2913261481","-78.9075697374","2008","Jefferson","first_internal","","3","","3","other","100","","","10","","10","other","100","","","3","","3","other","100","","","","","","","","","","","","","","","","","","","","","",""
"41.68071392-77.59796774---2008","https://mapsengine.google.com/06136759344167181854-00219351362547715467-4/wms/?version=1.3.0","41.6807139238","-77.5979677438","2008","Potter","final_internal","","3","","3","other","100","","","1","","1","other","100","","","","","","","","","","3","","3","other","100","","","","","","","","","","","","","","",""
"39.97516879-79.43103066---2010","https://mapsengine.google.com/06136759344167181854-06191489742681286724-4/wms/?version=1.3.0","39.9751687903","-79.4310306555","2010","Fayette","public","","10","","10","other","100","","","10","","10","other","100","","","","","","","","","","","","","","","","","","","","","","","","","","","","",""
"39.88328556-79.99007231---2010","https://mapsengine.google.com/06136759344167181854-06191489742681286724-4/wms/?version=1.3.0","39.8832855588","-79.9900723129","2010","Greene","public","9","1","","10","fracking","90","","9","1","","10","fracking","90","","","","","","","","","","","","","","","","","","","","","","","","","","","","",""
"41.09256368-78.30643528---2008","https://mapsengine.google.com/06136759344167181854-00219351362547715467-4/wms/?version=1.3.0","41.0925636784","-78.3064352758","2008","Clearfield","first_internal","2","","1","3","fracking","66","","","1","1","2","unknown|other","","50|50","2","","1","3","fracking","66","","","","","","","","","","","","","","","","","","","","","",""
"40.01186812-79.63309213---2008","https://mapsengine.google.com/06136759344167181854-00219351362547715467-4/wms/?version=1.3.0","40.0118681187","-79.6330921317","2008","Fayette","sweeper_internal","","1","","1","other","100","","2","6","2","10","other","60","","","3","","3","other","100","","","","","","","","","","1","","1","other","100","","","","","","","",""
"41.11777683-79.74869719---2005","https://mapsengine.google.com/06136759344167181854-15960346301379896183-4/wms/?version=1.3.0","41.1177768341","-79.7486971911","2005","Butler","final_internal","","3","","3","other","100","","","1","","1","other","100","","","","","","","","","","3","","3","other","100","","","","","","","","","","","","","","",""
"41.77392437-75.94596724---2010","https://mapsengine.google.com/06136759344167181854-06191489742681286724-4/wms/?version=1.3.0","41.77392437","-75.94596724","2010","Susquehanna","first_internal","","3","","3","other","100","","","9","1","10","other","90","","","3","","3","other","100","","","","","","","","","","","","","","","","","","","","","",""
"40.85919501-79.56030894---2008","https://mapsengine.google.com/06136759344167181854-00219351362547715467-4/wms/?version=1.3.0","40.8591950061","-79.5603089442","2008","Armstrong","first_internal","","3","","3","other","100","","","5","1","6","other","83","","","3","","3","other","100","","","","","","","","","","","","","","","","","","","","","",""
"39.95772302-79.83997547---2010","https://mapsengine.google.com/06136759344167181854-06191489742681286724-4/wms/?version=1.3.0","39.9577230191","-79.8399754738","2010","Fayette","public","8","","2","10","fracking","80","","8","","2","10","fracking","80","","","","","","","","","","","","","","","","","","","","","","","","","","","","",""
"40.33078952-79.48306812---2005","https://mapsengine.google.com/06136759344167181854-15960346301379896183-4/wms/?version=1.3.0","40.3307895226","-79.4830681226","2005","Westmoreland","final_internal","","3","","3","other","100","","","1","","1","other","100","","","","","","","","","","3","","3","other","100","","","","","","","","","","","","","","",""
"41.08097615-78.00332065---2005","https://mapsengine.google.com/06136759344167181854-15960346301379896183-4/wms/?version=1.3.0","41.0809761507","-78.0033206491","2005","Centre","missing_internal","","1","","1","other","100","","","","","","fracking|unknown|other","","","","","","","","","","","","","","","","","","","","","","","","","1","","1","other","100",""
"41.70555003-75.87454726---2008","https://mapsengine.google.com/06136759344167181854-00219351362547715467-4/wms/?version=1.3.0","41.7055500316","-75.8745472566","2008","Susquehanna","final_internal","","3","","3","other","100","","","1","","1","other","100","","","3","","3","other","100","","","3","","3","other","100","","","","","","","","","","","","","","",""
"41.95745015-76.93719719---2010","https://mapsengine.google.com/06136759344167181854-06191489742681286724-4/wms/?version=1.3.0","41.9574501473","-76.9371971922","2010","Tioga","sweeper_internal","1","","","1","fracking","100","","5","3","4","12","fracking","41","","","","","","","","","","","","","","","","1","","","1","fracking","100","","","","","","","",""
"41.64674034-76.37414392---2008","https://mapsengine.google.com/06136759344167181854-00219351362547715467-4/wms/?version=1.3.0","41.6467403382","-76.3741439212","2008","Bradford","final_internal","","3","","3","other","100","","","1","","1","other","100","","","3","","3","other","100","","","3","","3","other","100","","","","","","","","","","","","","","",""
"40.83951987-79.69095141---2008","https://mapsengine.google.com/06136759344167181854-00219351362547715467-4/wms/?version=1.3.0","40.8395198666","-79.6909514063","2008","Armstrong","first_internal","","3","","3","other","100","","1","2","3","6","unknown","50","","","3","","3","other","100","","","","","","","","","","","","","","","","","","","","","",""
"40.37018649-79.34017415---2010","https://mapsengine.google.com/06136759344167181854-06191489742681286724-4/wms/?version=1.3.0","40.3701864888","-79.3401741466","2010","Westmoreland","public","9","1","1","11","fracking","81","","9","1","1","11","fracking","81","","","","","","","","","","","","","","","","","","","","","","","","","","","","",""
"41.93172077-75.86272485---2005","https://mapsengine.google.com/06136759344167181854-15960346301379896183-4/wms/?version=1.3.0","41.9317207668","-75.8627248451","2005","Susquehanna","final_internal","","3","","3","other","100","","","1","","1","other","100","","","3","","3","other","100","","","3","","3","other","100","","","","","","","","","","","","","","",""
"41.77662461-75.93413105---2005","https://mapsengine.google.com/06136759344167181854-15960346301379896183-4/wms/?version=1.3.0","41.7766246084","-75.9341310543","2005","Susquehanna","final_internal","","3","","3","other","100","","","1","","1","other","100","","","3","","3","other","100","","","3","","3","other","100","","","","","","","","","","","","","","",""
"41.70081526-75.95786094---2005","https://mapsengine.google.com/06136759344167181854-15960346301379896183-4/wms/?version=1.3.0","41.7008152552","-75.9578609379","2005","Susquehanna","final_internal","","3","","3","other","100","","","1","","1","other","100","","","3","","3","other","100","","","3","","3","other","100","","","","","","","","","","","","","","",""
"39.90074518-79.95461495---2010","https://mapsengine.google.com/06136759344167181854-06191489742681286724-4/wms/?version=1.3.0","39.9007451815","-79.9546149454","2010","Greene","public","","10","","10","other","100","","","10","","10","other","100","","","","","","","","","","","","","","","","","","","","","","","","","","","","",""
"39.94564296-79.85853114---2010","https://mapsengine.google.com/06136759344167181854-06191489742681286724-4/wms/?version=1.3.0","39.9456429582","-79.8585311445","2010","Fayette","public","","10","","10","other","100","","","10","","10","other","100","","","","","","","","","","","","","","","","","","","","","","","","","","","","",""
"41.45646514-76.91306253---2010","https://mapsengine.google.com/06136759344167181854-06191489742681286724-4/wms/?version=1.3.0","41.4564651445","-76.9130625311","2010","Lycoming","sweeper_internal","","1","","1","other","100","","1","8","4","13","other","61","","","","","","","","","","","","","","","","","1","","1","other","100","","","","","","","",""
"41.73245542-76.00288781---2008","https://mapsengine.google.com/06136759344167181854-00219351362547715467-4/wms/?version=1.3.0","41.7324554215","-76.0028878074","2008","Susquehanna","final_internal","","3","","3","other","100","","","","1","1","unknown","100","","","3","","3","other","100","","","3","","3","other","100","","","","","","","","","","","","","","",""
"39.91287862-79.96312882---2008","https://mapsengine.google.com/06136759344167181854-00219351362547715467-4/wms/?version=1.3.0","39.9128786154","-79.9631288235","2008","Greene","sweeper_internal","","1","","1","other","100","","3","5","2","10","other","50","","","3","","3","other","100","","","","","","","","","","1","","1","other","100","","","","","","","",""
"41.61984251-76.83043059---2010","https://mapsengine.google.com/06136759344167181854-06191489742681286724-4/wms/?version=1.3.0","41.61984251","-76.83043059","2010","Bradford","first_internal","","3","","3","other","100","","","13","","13","other","100","","","3","","3","other","100","","","","","","","","","","","","","","","","","","","","","",""
"41.60158359-75.5675353---2005","https://mapsengine.google.com/06136759344167181854-15960346301379896183-4/wms/?version=1.3.0","41.6015835897","-75.5675353038","2005","Lackawanna","final_internal","","3","","3","other","100","","","1","","1","other","100","","","3","","3","other","100","","","3","","3","other","100","","","","","","","","","","","","","","",""
"41.84923506-78.15876069---2010","https://mapsengine.google.com/06136759344167181854-06191489742681286724-4/wms/?version=1.3.0","41.849235062","-78.1587606927","2010","Potter","public","10","","1","11","fracking","90","","10","","1","11","fracking","90","","","","","","","","","","","","","","","","","","","","","","","","","","","","",""
"41.75027626-76.13749836---2010","https://mapsengine.google.com/06136759344167181854-06191489742681286724-4/wms/?version=1.3.0","41.75027626","-76.13749836","2010","Bradford","first_internal","","3","","3","other","100","","","12","","12","other","100","","","3","","3","other","100","","","","","","","","","","","","","","","","","","","","","",""
"40.99998826-79.79316732---2008","https://mapsengine.google.com/06136759344167181854-00219351362547715467-4/wms/?version=1.3.0","40.9999882613","-79.7931673244","2008","Butler","first_internal","","3","","3","other","100","","","2","","2","other","100","","","3","","3","other","100","","","","","","","","","","","","","","","","","","","","","",""
"41.69767167-76.43894124---2005","https://mapsengine.google.com/06136759344167181854-15960346301379896183-4/wms/?version=1.3.0","41.6976716718","-76.4389412447","2005","Bradford","final_internal","","3","","3","other","100","","","1","","1","other","100","","","3","","3","other","100","","","3","","3","other","100","","","","","","","","","","","","","","",""
"41.71844808-76.82193105---2008","https://mapsengine.google.com/06136759344167181854-00219351362547715467-4/wms/?version=1.3.0","41.7184480838","-76.8219310537","2008","Bradford","final_internal","","3","","3","other","100","","","1","","1","other","100","","","3","","3","other","100","","","3","","3","other","100","","","","","","","","","","","","","","",""
"40.45071754-80.34461041---2010","https://mapsengine.google.com/06136759344167181854-06191489742681286724-4/wms/?version=1.3.0","40.450717535","-80.3446104115","2010","Washington","public","","10","","10","other","100","","","10","","10","other","100","","","","","","","","","","","","","","","","","","","","","","","","","","","","",""
"41.72851785-75.87132118---2008","https://mapsengine.google.com/06136759344167181854-00219351362547715467-4/wms/?version=1.3.0","41.7285178509","-75.8713211821","2008","Susquehanna","final_internal","1","2","","3","other","66","","1","","","1","fracking","100","","","3","","3","other","100","","1","2","","3","other","66","","","","","","","","","","","","","","",""
"41.69792032-77.29257189---2008","https://mapsengine.google.com/06136759344167181854-00219351362547715467-4/wms/?version=1.3.0","41.6979203179","-77.2925718916","2008","Tioga","final_internal","","3","","3","other","100","","","1","","1","other","100","","","","","","","","","","3","","3","other","100","","","","","","","","","","","","","","",""
"41.82321526-76.06641232---2005","https://mapsengine.google.com/06136759344167181854-15960346301379896183-4/wms/?version=1.3.0","41.8232152602","-76.066412321","2005","Susquehanna","final_internal","","3","","3","other","100","","","1","","1","other","100","","","3","","3","other","100","","","3","","3","other","100","","","","","","","","","","","","","","",""
"39.98771277-80.10866479---2010","https://mapsengine.google.com/06136759344167181854-06191489742681286724-4/wms/?version=1.3.0","39.9877127742","-80.1086647933","2010","Greene","public","9","1","","10","fracking","90","","9","1","","10","fracking","90","","","","","","","","","","","","","","","","","","","","","","","","","","","","",""
"41.81720267-77.04950584---2010","https://mapsengine.google.com/06136759344167181854-06191489742681286724-4/wms/?version=1.3.0","41.8172026688","-77.0495058363","2010","Tioga","public","","10","","10","other","100","","","10","","10","other","100","","","","","","","","","","","","","","","","","","","","","","","","","","","","",""
"41.79798989-77.24631334---2005","https://mapsengine.google.com/06136759344167181854-15960346301379896183-4/wms/?version=1.3.0","41.7979898929","-77.2463133392","2005","Tioga","final_internal","","3","","3","other","100","","","1","","1","other","100","","","","","","","","","","3","","3","other","100","","","","","","","","","","","","","","",""
"41.701586-75.88603405---2010","https://mapsengine.google.com/06136759344167181854-06191489742681286724-4/wms/?version=1.3.0","41.701586","-75.88603405","2010","Susquehanna","first_internal","","3","","3","other","100","","","9","1","10","other","90","","","3","","3","other","100","","","","","","","","","","","","","","","","","","","","","",""
"41.7226704-75.9085801---2010","https://mapsengine.google.com/06136759344167181854-06191489742681286724-4/wms/?version=1.3.0","41.7226704","-75.9085801","2010","Susquehanna","first_internal","","3","","3","other","100","","","11","","11","other","100","","","3","","3","other","100","","","","","","","","","","","","","","","","","","","","","",""
"41.6877477-76.24717617---2010","https://mapsengine.google.com/06136759344167181854-06191489742681286724-4/wms/?version=1.3.0","41.6877476989","-76.2471761678","2010","Bradford","sweeper_internal","","1","","1","other","100","","3","4","3","10","other","40","","","2","1","3","other","66","","","","","","","","","","1","","1","other","100","","","","","","","",""
"41.68043635-77.38187293---2005","https://mapsengine.google.com/06136759344167181854-15960346301379896183-4/wms/?version=1.3.0","41.6804363468","-77.3818729301","2005","Tioga","missing_internal","","1","","1","other","100","","","","","","fracking|unknown|other","","","","","","","","","","","","","","","","","","","","","","","","","1","","1","other","100",""
"41.78656891-76.2297168---2010","https://mapsengine.google.com/06136759344167181854-06191489742681286724-4/wms/?version=1.3.0","41.7865689069","-76.229716796","2010","Bradford","sweeper_internal","1","","","1","fracking","100","","10","3","3","16","fracking","62","","1","2","","3","other","66","","","","","","","","","1","","","1","fracking","100","","","","","","","",""
"41.75131126-76.73605999---2010","https://mapsengine.google.com/06136759344167181854-06191489742681286724-4/wms/?version=1.3.0","41.7513112558","-76.736059988","2010","Bradford","sweeper_internal","1","","","1","fracking","100","","5","2","3","10","fracking","50","","2","1","","3","fracking","66","","","","","","","","","1","","","1","fracking","100","","","","","","","",""
"39.74611422-79.850285---2010","https://mapsengine.google.com/06136759344167181854-06191489742681286724-4/wms/?version=1.3.0","39.7461142162","-79.8502850024","2010","Fayette","public","","10","","10","other","100","","","10","","10","other","100","","","","","","","","","","","","","","","","","","","","","","","","","","","","",""
"41.86799943-76.6041089---2005","https://mapsengine.google.com/06136759344167181854-15960346301379896183-4/wms/?version=1.3.0","41.8679994297","-76.6041088952","2005","Bradford","final_internal","","3","","3","other","100","","","1","","1","other","100","","","3","","3","other","100","","","3","","3","other","100","","","","","","","","","","","","","","",""
"39.92933483-80.00502133---2010","https://mapsengine.google.com/06136759344167181854-06191489742681286724-4/wms/?version=1.3.0","39.9293348321","-80.0050213318","2010","Greene","sweeper_internal","","1","","1","other","100","","4","5","1","10","other","50","","","","","","","","","","","","","","","","","1","","1","other","100","","","","","","","",""
"41.728709-75.89884583---2005","https://mapsengine.google.com/06136759344167181854-15960346301379896183-4/wms/?version=1.3.0","41.7287089958","-75.898845832","2005","Susquehanna","final_internal","","3","","3","other","100","","","1","","1","other","100","","","3","","3","other","100","","","3","","3","other","100","","","","","","","","","","","","","","",""
"41.9486555-76.9588179---2010","https://mapsengine.google.com/06136759344167181854-06191489742681286724-4/wms/?version=1.3.0","41.9486554973","-76.9588178977","2010","Tioga","public","","10","","10","other","100","","","10","","10","other","100","","","","","","","","","","","","","","","","","","","","","","","","","","","","",""
"41.72544595-76.2497001---2005","https://mapsengine.google.com/06136759344167181854-15960346301379896183-4/wms/?version=1.3.0","41.7254459497","-76.249700099","2005","Bradford","final_internal","","3","","3","other","100","","","1","","1","other","100","","","3","","3","other","100","","","3","","3","other","100","","","","","","","","","","","","","","",""
"41.65588155-76.04642994---2005","https://mapsengine.google.com/06136759344167181854-15960346301379896183-4/wms/?version=1.3.0","41.6558815526","-76.0464299449","2005","Susquehanna","final_internal","","3","","3","other","100","","","1","","1","other","100","","","3","","3","other","100","","","3","","3","other","100","","","","","","","","","","","","","","",""
"41.7081571-76.08545014---2008","https://mapsengine.google.com/06136759344167181854-00219351362547715467-4/wms/?version=1.3.0","41.7081571035","-76.085450139","2008","Susquehanna","final_internal","","3","","3","other","100","","","1","","1","other","100","","","3","","3","other","100","","","3","","3","other","100","","","","","","","","","","","","","","",""
"40.1929354-79.87862029---2010","https://mapsengine.google.com/06136759344167181854-06191489742681286724-4/wms/?version=1.3.0","40.1929353978","-79.8786202949","2010","Washington","sweeper_internal","","1","","1","other","100","","4","5","1","10","other","50","","","","","","","","","","","","","","","","","1","","1","other","100","","","","","","","",""
"40.28345768-80.34795708---2010","https://mapsengine.google.com/06136759344167181854-06191489742681286724-4/wms/?version=1.3.0","40.2834576829","-80.3479570831","2010","Washington","public","","10","","10","other","100","","","10","","10","other","100","","","","","","","","","","","","","","","","","","","","","","","","","","","","",""
"39.72502513-79.99926445---2008","https://mapsengine.google.com/06136759344167181854-00219351362547715467-4/wms/?version=1.3.0","39.7250251283","-79.9992644458","2008","Greene","first_internal","1","2","","3","other","66","","","8","2","10","other","80","","1","2","","3","other","66","","","","","","","","","","","","","","","","","","","","","",""
"39.88381269-80.00559333---2008","https://mapsengine.google.com/06136759344167181854-00219351362547715467-4/wms/?version=1.3.0","39.883812694","-80.005593331","2008","Greene","sweeper_internal","1","","","1","fracking","100","","7","","3","10","fracking","70","","3","","","3","fracking","100","","","","","","","","","1","","","1","fracking","100","","","","","","","",""
"41.74757167-76.10635235---2005","https://mapsengine.google.com/06136759344167181854-15960346301379896183-4/wms/?version=1.3.0","41.7475716711","-76.1063523536","2005","Susquehanna","final_internal","","3","","3","other","100","","","1","","1","other","100","","","3","","3","other","100","","","3","","3","other","100","","","","","","","","","","","","","","",""
"41.83836969-76.89357397---2010","https://mapsengine.google.com/06136759344167181854-06191489742681286724-4/wms/?version=1.3.0","41.83836969","-76.89357397","2010","Bradford","first_internal","1","2","","3","other","66","","11","1","1","13","fracking","84","","1","2","","3","other","66","","","","","","","","","","","","","","","","","","","","","",""
"39.94025843-78.89617252---2008","https://mapsengine.google.com/06136759344167181854-00219351362547715467-4/wms/?version=1.3.0","39.9402584261","-78.8961725224","2008","Somerset","final_internal","","3","","3","other","100","","","2","","2","other","100","","","","","","","","","","3","","3","other","100","","","","","","","","","","","","","","",""
"39.80775305-79.52073183---2008","https://mapsengine.google.com/06136759344167181854-00219351362547715467-4/wms/?version=1.3.0","39.8077530532","-79.5207318305","2008","Fayette","sweeper_internal","","1","","1","other","100","","","7","3","10","other","70","","","3","","3","other","100","","","","","","","","","","1","","1","other","100","","","","","","","",""
"41.95729749-76.93238224---2008","https://mapsengine.google.com/06136759344167181854-00219351362547715467-4/wms/?version=1.3.0","41.9572974881","-76.9323822421","2008","Tioga","final_internal","","3","","3","other","100","","","1","","1","other","100","","","","","","","","","","3","","3","other","100","","","","","","","","","","","","","","",""
"41.98771699-76.9939133---2010","https://mapsengine.google.com/06136759344167181854-06191489742681286724-4/wms/?version=1.3.0","41.9877169867","-76.9939132955","2010","Tioga","public","","12","","12","other","100","","","12","","12","other","100","","","","","","","","","","","","","","","","","","","","","","","","","","","","",""
"41.69852865-75.88611222---2010","https://mapsengine.google.com/06136759344167181854-06191489742681286724-4/wms/?version=1.3.0","41.69852865","-75.88611222","2010","Susquehanna","first_internal","","3","","3","other","100","","1","9","1","11","other","81","","","3","","3","other","100","","","","","","","","","","","","","","","","","","","","","",""
"41.71288047-76.30448288---2010","https://mapsengine.google.com/06136759344167181854-06191489742681286724-4/wms/?version=1.3.0","41.71288047","-76.30448288","2010","Bradford","first_internal","","3","","3","other","100","","","11","","11","other","100","","","3","","3","other","100","","","","","","","","","","","","","","","","","","","","","",""
"41.80464917-76.95610071---2005","https://mapsengine.google.com/06136759344167181854-15960346301379896183-4/wms/?version=1.3.0","41.8046491683","-76.9561007121","2005","Tioga","final_internal","","3","","3","other","100","","","1","","1","other","100","","","","","","","","","","3","","3","other","100","","","","","","","","","","","","","","",""
"40.82728663-79.66606852---2010","https://mapsengine.google.com/06136759344167181854-06191489742681286724-4/wms/?version=1.3.0","40.8272866283","-79.6660685169","2010","Armstrong","public","1","9","1","11","other","81","","1","9","1","11","other","81","","","","","","","","","","","","","","","","","","","","","","","","","","","","",""
"40.7492809-79.61667648---2005","https://mapsengine.google.com/06136759344167181854-15960346301379896183-4/wms/?version=1.3.0","40.7492809018","-79.6166764772","2005","Armstrong","final_internal","","3","","3","other","100","","1","","","1","fracking","100","","","","","","","","","","3","","3","other","100","","","","","","","","","","","","","","",""
"41.72900693-78.17545011---2010","https://mapsengine.google.com/06136759344167181854-06191489742681286724-4/wms/?version=1.3.0","41.7290069311","-78.1754501149","2010","Potter","public","10","","1","11","fracking","90","","10","","1","11","fracking","90","","","","","","","","","","","","","","","","","","","","","","","","","","","","",""
"41.71585032-75.89091049---2008","https://mapsengine.google.com/06136759344167181854-00219351362547715467-4/wms/?version=1.3.0","41.7158503224","-75.8909104914","2008","Susquehanna","final_internal","","3","","3","other","100","","","1","","1","other","100","","","3","","3","other","100","","","3","","3","other","100","","","","","","","","","","","","","","",""
"41.20168727-79.21245813---2010","https://mapsengine.google.com/06136759344167181854-06191489742681286724-4/wms/?version=1.3.0","41.2016872659","-79.2124581294","2010","Clarion","sweeper_internal","","1","","1","other","100","","4","4","2","10","fracking|other","","40|40","","","","","","","","","","","","","","","","1","","1","other","100","","","","","","","",""
"39.85212458-79.96931546---2008","https://mapsengine.google.com/06136759344167181854-00219351362547715467-4/wms/?version=1.3.0","39.8521245791","-79.9693154601","2008","Greene","sweeper_internal","1","","","1","fracking","100","","6","2","2","10","fracking","60","","3","","","3","fracking","100","","","","","","","","","1","","","1","fracking","100","","","","","","","",""
"41.75337036-76.24876939---2008","https://mapsengine.google.com/06136759344167181854-00219351362547715467-4/wms/?version=1.3.0","41.7533703593","-76.2487693922","2008","Bradford","final_internal","","3","","3","other","100","","","1","","1","other","100","","","3","","3","other","100","","","3","","3","other","100","","","","","","","","","","","","","","",""
"41.93469022-75.87290686---2010","https://mapsengine.google.com/06136759344167181854-06191489742681286724-4/wms/?version=1.3.0","41.93469022","-75.87290686","2010","Susquehanna","first_internal","","3","","3","other","100","","","11","","11","other","100","","","3","","3","other","100","","","","","","","","","","","","","","","","","","","","","",""
"41.71514314-75.88374245---2005","https://mapsengine.google.com/06136759344167181854-15960346301379896183-4/wms/?version=1.3.0","41.7151431362","-75.8837424468","2005","Susquehanna","final_internal","","3","","3","other","100","","","1","","1","other","100","","","3","","3","other","100","","","3","","3","other","100","","","","","","","","","","","","","","",""
"40.85994504-79.50330174---2008","https://mapsengine.google.com/06136759344167181854-00219351362547715467-4/wms/?version=1.3.0","40.8599450389","-79.5033017384","2008","Armstrong","first_internal","","3","","3","other","100","","1","5","","6","other","83","","","3","","3","other","100","","","","","","","","","","","","","","","","","","","","","",""
"40.85643629-79.55564751---2005","https://mapsengine.google.com/06136759344167181854-15960346301379896183-4/wms/?version=1.3.0","40.8564362923","-79.5556475065","2005","Armstrong","final_internal","","3","","3","other","100","","","1","","1","other","100","","","","","","","","","","3","","3","other","100","","","","","","","","","","","","","","",""
"40.70566514-79.40926756---2010","https://mapsengine.google.com/06136759344167181854-06191489742681286724-4/wms/?version=1.3.0","40.7056651392","-79.4092675615","2010","Armstrong","public","8","","2","10","fracking","80","","8","","2","10","fracking","80","","","","","","","","","","","","","","","","","","","","","","","","","","","","",""
"40.86621685-79.50103637---2005","https://mapsengine.google.com/06136759344167181854-15960346301379896183-4/wms/?version=1.3.0","40.8662168458","-79.5010363719","2005","Armstrong","final_internal","","3","","3","other","100","","","","1","1","unknown","100","","","","","","","","","","3","","3","other","100","","","","","","","","","","","","","","",""
"41.1101826-78.97062322---2008","https://mapsengine.google.com/06136759344167181854-00219351362547715467-4/wms/?version=1.3.0","41.1101825966","-78.9706232151","2008","Jefferson","first_internal","","3","","3","other","100","","","10","","10","other","100","","","3","","3","other","100","","","","","","","","","","","","","","","","","","","","","",""
"41.70523452-75.65555692---2008","https://mapsengine.google.com/06136759344167181854-00219351362547715467-4/wms/?version=1.3.0","41.7052345156","-75.6555569231","2008","Susquehanna","final_internal","","3","","3","other","100","","","1","","1","other","100","","","3","","3","other","100","","","3","","3","other","100","","","","","","","","","","","","","","",""
"41.95731469-76.93238326---2010","https://mapsengine.google.com/06136759344167181854-06191489742681286724-4/wms/?version=1.3.0","41.9573146922","-76.9323832646","2010","Tioga","public","","12","","12","other","100","","","12","","12","other","100","","","","","","","","","","","","","","","","","","","","","","","","","","","","",""
"41.70367313-75.88146049---2008","https://mapsengine.google.com/06136759344167181854-00219351362547715467-4/wms/?version=1.3.0","41.703673132","-75.8814604897","2008","Susquehanna","final_internal","1","3","","4","other","75","","","","1","1","unknown","100","","","3","","3","other","100","","1","3","","4","other","75","","","","","","","","","","","","","","",""
"41.71925132-76.36493419---2005","https://mapsengine.google.com/06136759344167181854-15960346301379896183-4/wms/?version=1.3.0","41.7192513244","-76.3649341874","2005","Bradford","final_internal","","3","","3","other","100","","","1","","1","other","100","","","3","","3","other","100","","","3","","3","other","100","","","","","","","","","","","","","","",""
"39.94513474-79.95111974---2008","https://mapsengine.google.com/06136759344167181854-00219351362547715467-4/wms/?version=1.3.0","39.9451347397","-79.9511197384","2008","Greene","sweeper_internal","","1","","1","other","100","","3","2","5","10","unknown","50","","1","2","","3","other","66","","","","","","","","","","1","","1","other","100","","","","","","","",""
"41.71962713-75.88956133---2008","https://mapsengine.google.com/06136759344167181854-00219351362547715467-4/wms/?version=1.3.0","41.7196271252","-75.8895613282","2008","Susquehanna","final_internal","","3","","3","other","100","","","","1","1","unknown","100","","","3","","3","other","100","","","3","","3","other","100","","","","","","","","","","","","","","",""
"41.66756661-75.66653708---2005","https://mapsengine.google.com/06136759344167181854-15960346301379896183-4/wms/?version=1.3.0","41.6675666072","-75.6665370771","2005","Susquehanna","final_internal","","3","","3","other","100","","","1","","1","other","100","","","3","","3","other","100","","","3","","3","other","100","","","","","","","","","","","","","","",""
"39.7425896-79.43643251---2008","https://mapsengine.google.com/06136759344167181854-00219351362547715467-4/wms/?version=1.3.0","39.7425895967","-79.4364325117","2008","Fayette","first_internal","","3","","3","other","100","","","6","","6","other","100","","","3","","3","other","100","","","","","","","","","","","","","","","","","","","","","",""
"41.7643122-76.99411457---2008","https://mapsengine.google.com/06136759344167181854-00219351362547715467-4/wms/?version=1.3.0","41.7643122023","-76.9941145731","2008","Tioga","final_internal","","3","","3","other","100","","1","","","1","fracking","100","","","","","","","","","","3","","3","other","100","","","","","","","","","","","","","","",""
"41.71228804-75.94218512---2010","https://mapsengine.google.com/06136759344167181854-06191489742681286724-4/wms/?version=1.3.0","41.71228804","-75.94218512","2010","Susquehanna","first_internal","","3","","3","other","100","","","11","","11","other","100","","","3","","3","other","100","","","","","","","","","","","","","","","","","","","","","",""
"41.6795398-75.8026375---2010","https://mapsengine.google.com/06136759344167181854-06191489742681286724-4/wms/?version=1.3.0","41.6795398","-75.8026375","2010","Susquehanna","first_internal","","3","","3","other","100","","","10","","10","other","100","","","3","","3","other","100","","","","","","","","","","","","","","","","","","","","","",""
"39.95409016-80.09214815---2010","https://mapsengine.google.com/06136759344167181854-06191489742681286724-4/wms/?version=1.3.0","39.9540901592","-80.0921481514","2010","Greene","public","10","","","10","fracking","100","","10","","","10","fracking","100","","","","","","","","","","","","","","","","","","","","","","","","","","","","",""
"40.01208977-79.87962592---2010","https://mapsengine.google.com/06136759344167181854-06191489742681286724-4/wms/?version=1.3.0","40.0120897669","-79.8796259162","2010","Fayette","public","10","","","10","fracking","100","","10","","","10","fracking","100","","","","","","","","","","","","","","","","","","","","","","","","","","","","",""
"39.86628643-79.99378645---2005","https://mapsengine.google.com/06136759344167181854-15960346301379896183-4/wms/?version=1.3.0","39.8662864281","-79.9937864459","2005","Greene","final_internal","","3","","3","other","100","","","1","","1","other","100","","","","","","","","","","3","","3","other","100","","","","","","","","","","","","","","",""
"40.86468673-79.77818501---2010","https://mapsengine.google.com/06136759344167181854-06191489742681286724-4/wms/?version=1.3.0","40.8646867348","-79.7781850138","2010","Butler","public","","13","1","14","other","92","","","13","1","14","other","92","","","","","","","","","","","","","","","","","","","","","","","","","","","","",""
"41.54398334-76.48035334---2010","https://mapsengine.google.com/06136759344167181854-06191489742681286724-4/wms/?version=1.3.0","41.54398334","-76.48035334","2010","Sullivan","first_internal","","3","","3","other","100","","","15","1","16","other","93","","","3","","3","other","100","","","","","","","","","","","","","","","","","","","","","",""
"41.76186239-76.01372674---2005","https://mapsengine.google.com/06136759344167181854-15960346301379896183-4/wms/?version=1.3.0","41.7618623937","-76.0137267406","2005","Susquehanna","final_internal","","3","","3","other","100","","","1","","1","other","100","","","3","","3","other","100","","","3","","3","other","100","","","","","","","","","","","","","","",""
"41.72944475-75.88347682---2008","https://mapsengine.google.com/06136759344167181854-00219351362547715467-4/wms/?version=1.3.0","41.7294447511","-75.883476821","2008","Susquehanna","final_internal","","3","","3","other","100","","","1","","1","other","100","","","3","","3","other","100","","","3","","3","other","100","","","","","","","","","","","","","","",""
"41.88328525-76.36344723---2010","https://mapsengine.google.com/06136759344167181854-06191489742681286724-4/wms/?version=1.3.0","41.88328525","-76.36344723","2010","Bradford","first_internal","","3","","3","other","100","","","11","","11","other","100","","","3","","3","other","100","","","","","","","","","","","","","","","","","","","","","",""
"41.56854534-76.10195933---2005","https://mapsengine.google.com/06136759344167181854-15960346301379896183-4/wms/?version=1.3.0","41.5685453404","-76.101959327","2005","Wyoming","final_internal","","3","","3","other","100","","","1","","1","other","100","","","3","","3","other","100","","","3","","3","other","100","","","","","","","","","","","","","","",""
"41.70517273-75.89059261---2010","https://mapsengine.google.com/06136759344167181854-06191489742681286724-4/wms/?version=1.3.0","41.70517273","-75.89059261","2010","Susquehanna","first_internal","","3","","3","other","100","","1","9","","10","other","90","","","3","","3","other","100","","","","","","","","","","","","","","","","","","","","","",""
"41.74965434-76.77503551---2010","https://mapsengine.google.com/06136759344167181854-06191489742681286724-4/wms/?version=1.3.0","41.74965434","-76.77503551","2010","Bradford","sweeper_internal","","1","","1","other","100","","6","2","2","10","fracking","60","","1","1","1","3","fracking|unknown|other","","33|33|33","","","","","","","","","1","","1","other","100","","","","","","","",""
"41.79750652-77.24540724---2010","https://mapsengine.google.com/06136759344167181854-06191489742681286724-4/wms/?version=1.3.0","41.7975065163","-77.245407237","2010","Tioga","sweeper_internal","1","","","1","fracking","100","","8","2","1","11","fracking","72","","","","","","","","","","","","","","","","1","","","1","fracking","100","","","","","","","",""
"41.09481903-77.95376284---2005","https://mapsengine.google.com/06136759344167181854-15960346301379896183-4/wms/?version=1.3.0","41.0948190325","-77.9537628447","2005","Centre","missing_internal","","1","","1","other","100","","","","","","fracking|unknown|other","","","","","","","","","","","","","","","","","","","","","","","","","1","","1","other","100",""
"39.90708437-79.98646312---2010","https://mapsengine.google.com/06136759344167181854-06191489742681286724-4/wms/?version=1.3.0","39.9070843702","-79.9864631211","2010","Greene","public","","10","","10","other","100","","","10","","10","other","100","","","","","","","","","","","","","","","","","","","","","","","","","","","","",""
"41.73495284-76.05806156---2010","https://mapsengine.google.com/06136759344167181854-06191489742681286724-4/wms/?version=1.3.0","41.73495284","-76.05806156","2010","Susquehanna","first_internal","","3","","3","other","100","","","10","","10","other","100","","","3","","3","other","100","","","","","","","","","","","","","","","","","","","","","",""
"41.92890674-75.86186512---2008","https://mapsengine.google.com/06136759344167181854-00219351362547715467-4/wms/?version=1.3.0","41.9289067353","-75.8618651241","2008","Susquehanna","final_internal","","3","","3","other","100","","","1","","1","other","100","","","3","","3","other","100","","","3","","3","other","100","","","","","","","","","","","","","","",""
"39.82570317-80.49751487---2010","https://mapsengine.google.com/06136759344167181854-06191489742681286724-4/wms/?version=1.3.0","39.8257031731","-80.4975148659","2010","Greene","sweeper_internal","","1","","1","other","100","","3","4","3","10","other","40","","","","","","","","","","","","","","","","","1","","1","other","100","","","","","","","",""
"41.77240907-77.15399042---2010","https://mapsengine.google.com/06136759344167181854-06191489742681286724-4/wms/?version=1.3.0","41.7724090675","-77.1539904218","2010","Tioga","sweeper_internal","","1","","1","other","100","","1","6","3","10","other","60","","","","","","","","","","","","","","","","","1","","1","other","100","","","","","","","",""
"41.70992622-75.86620156---2010","https://mapsengine.google.com/06136759344167181854-06191489742681286724-4/wms/?version=1.3.0","41.70992622","-75.86620156","2010","Susquehanna","first_internal","","3","","3","other","100","","","12","","12","other","100","","","3","","3","other","100","","","","","","","","","","","","","","","","","","","","","",""
"39.88435017-79.99969956---2010","https://mapsengine.google.com/06136759344167181854-06191489742681286724-4/wms/?version=1.3.0","39.8843501726","-79.999699557","2010","Greene","public","","9","1","10","other","90","","","9","1","10","other","90","","","","","","","","","","","","","","","","","","","","","","","","","","","","",""
"39.94176606-80.03064668---2008","https://mapsengine.google.com/06136759344167181854-00219351362547715467-4/wms/?version=1.3.0","39.9417660619","-80.030646685","2008","Greene","first_internal","3","","","3","fracking","100","","9","","1","10","fracking","90","","3","","","3","fracking","100","","","","","","","","","","","","","","","","","","","","","",""
"41.90018406-76.85871183---2005","https://mapsengine.google.com/06136759344167181854-15960346301379896183-4/wms/?version=1.3.0","41.9001840596","-76.8587118289","2005","Bradford","final_internal","","3","","3","other","100","","","1","","1","other","100","","","3","","3","other","100","","","3","","3","other","100","","","","","","","","","","","","","","",""
"41.27089831-76.65958109---2008","https://mapsengine.google.com/06136759344167181854-00219351362547715467-4/wms/?version=1.3.0","41.2708983067","-76.6595810872","2008","Lycoming","final_internal","3","","","3","fracking","100","","1","","","1","fracking","100","","","","","","","","","3","","","3","fracking","100","","","","","","","","","","","","","","",""
"41.78702081-76.11376629---2010","https://mapsengine.google.com/06136759344167181854-06191489742681286724-4/wms/?version=1.3.0","41.787020815","-76.1137662924","2010","Susquehanna","public","","12","","12","other","100","","","12","","12","other","100","","","","","","","","","","","","","","","","","","","","","","","","","","","","",""
"39.8619433-79.98453356---2008","https://mapsengine.google.com/06136759344167181854-00219351362547715467-4/wms/?version=1.3.0","39.8619432992","-79.9845335624","2008","Greene","first_internal","","3","","3","other","100","","","10","","10","other","100","","","3","","3","other","100","","","","","","","","","","","","","","","","","","","","","",""
"40.77844629-79.62660227---2010","https://mapsengine.google.com/06136759344167181854-06191489742681286724-4/wms/?version=1.3.0","40.7784462865","-79.6266022733","2010","Armstrong","public","","12","","12","other","100","","","12","","12","other","100","","","","","","","","","","","","","","","","","","","","","","","","","","","","",""
"41.75581891-75.867268---2008","https://mapsengine.google.com/06136759344167181854-00219351362547715467-4/wms/?version=1.3.0","41.7558189097","-75.867268003","2008","Susquehanna","final_internal","","3","","3","other","100","","","1","","1","other","100","","","3","","3","other","100","","","3","","3","other","100","","","","","","","","","","","","","","",""
"41.71448605-76.42295947---2010","https://mapsengine.google.com/06136759344167181854-06191489742681286724-4/wms/?version=1.3.0","41.7144860451","-76.4229594685","2010","Bradford","sweeper_internal","1","","","1","fracking","100","","7","1","2","10","fracking","70","","3","","","3","fracking","100","","","","","","","","","1","","","1","fracking","100","","","","","","","",""
"41.68414061-77.27515502---2010","https://mapsengine.google.com/06136759344167181854-06191489742681286724-4/wms/?version=1.3.0","41.6841406135","-77.2751550183","2010","Tioga","public","","8","2","10","other","80","","","8","2","10","other","80","","","","","","","","","","","","","","","","","","","","","","","","","","","","",""
"41.28184441-77.24997732---2008","https://mapsengine.google.com/06136759344167181854-00219351362547715467-4/wms/?version=1.3.0","41.2818444089","-77.2499773244","2008","Lycoming","final_internal","","3","","3","other","100","","","1","","1","other","100","","","","","","","","","","3","","3","other","100","","","","","","","","","","","","","","",""
"41.72659857-75.90862462---2008","https://mapsengine.google.com/06136759344167181854-00219351362547715467-4/wms/?version=1.3.0","41.7265985734","-75.9086246205","2008","Susquehanna","final_internal","","3","","3","other","100","","","1","","1","other","100","","","3","","3","other","100","","","3","","3","other","100","","","","","","","","","","","","","","",""
"41.5990162-75.57116633---2008","https://mapsengine.google.com/06136759344167181854-00219351362547715467-4/wms/?version=1.3.0","41.5990161977","-75.5711663297","2008","Lackawanna","final_internal","","3","","3","other","100","","","1","","1","other","100","","","3","","3","other","100","","","3","","3","other","100","","","","","","","","","","","","","","",""
"41.19671672-77.6826268---2010","https://mapsengine.google.com/06136759344167181854-06191489742681286724-4/wms/?version=1.3.0","41.1967167245","-77.6826268007","2010","Clinton","public","10","","","10","fracking","100","","10","","","10","fracking","100","","","","","","","","","","","","","","","","","","","","","","","","","","","","",""
"39.89978112-80.34578374---2010","https://mapsengine.google.com/06136759344167181854-06191489742681286724-4/wms/?version=1.3.0","39.8997811198","-80.3457837426","2010","Greene","sweeper_internal","","1","","1","other","100","","3","6","1","10","other","60","","","","","","","","","","","","","","","","","1","","1","other","100","","","","","","","",""
"41.58793076-76.84637952---2005","https://mapsengine.google.com/06136759344167181854-15960346301379896183-4/wms/?version=1.3.0","41.5879307577","-76.8463795178","2005","Lycoming","missing_internal","","1","","1","other","100","","","","","","fracking|unknown|other","","","","","","","","","","","","","","","","","","","","","","","","","1","","1","other","100",""
"41.27077033-76.60829207---2010","https://mapsengine.google.com/06136759344167181854-06191489742681286724-4/wms/?version=1.3.0","41.2707703347","-76.6082920675","2010","Lycoming","sweeper_internal","","1","","1","other","100","","3","1","6","10","unknown","60","","","","","","","","","","","","","","","","","1","","1","other","100","","","","","","","",""
"41.99166581-77.53907438---2008","https://mapsengine.google.com/06136759344167181854-00219351362547715467-4/wms/?version=1.3.0","41.9916658078","-77.5390743837","2008","Tioga","final_internal","","3","","3","other","100","","","1","","1","other","100","","","","","","","","","","3","","3","other","100","","","","","","","","","","","","","","",""
"41.33499877-77.16442387---2008","https://mapsengine.google.com/06136759344167181854-00219351362547715467-4/wms/?version=1.3.0","41.3349987676","-77.164423873","2008","Lycoming","final_internal","3","","","3","fracking","100","","1","","","1","fracking","100","","","","","","","","","3","","","3","fracking","100","","","","","","","","","","","","","","",""
"41.98938052-76.99416845---2008","https://mapsengine.google.com/06136759344167181854-00219351362547715467-4/wms/?version=1.3.0","41.9893805239","-76.9941684477","2008","Tioga","final_internal","","3","","3","other","100","","","1","","1","other","100","","","","","","","","","","3","","3","other","100","","","","","","","","","","","","","","",""
"41.00335536-79.79016132---2008","https://mapsengine.google.com/06136759344167181854-00219351362547715467-4/wms/?version=1.3.0","41.0033553597","-79.7901613192","2008","Butler","first_internal","","3","","3","other","100","","","2","","2","other","100","","","3","","3","other","100","","","","","","","","","","","","","","","","","","","","","",""
"40.35496991-80.27363554---2010","https://mapsengine.google.com/06136759344167181854-06191489742681286724-4/wms/?version=1.3.0","40.3549699147","-80.2736355427","2010","Washington","public","","10","","10","other","100","","","10","","10","other","100","","","","","","","","","","","","","","","","","","","","","","","","","","","","",""
"40.2082078-80.425048---2008","https://mapsengine.google.com/06136759344167181854-00219351362547715467-4/wms/?version=1.3.0","40.2082077964","-80.4250480042","2008","Washington","first_internal","","3","","3","other","100","","1","7","","8","other","87","","","3","","3","other","100","","","","","","","","","","","","","","","","","","","","","",""
"41.68245192-76.77578003---2010","https://mapsengine.google.com/06136759344167181854-06191489742681286724-4/wms/?version=1.3.0","41.68245192","-76.77578003","2010","Bradford","first_internal","","3","","3","other","100","","","12","1","13","other","92","","","3","","3","other","100","","","","","","","","","","","","","","","","","","","","","",""
"40.29202827-80.31187106---2010","https://mapsengine.google.com/06136759344167181854-06191489742681286724-4/wms/?version=1.3.0","40.2920282712","-80.3118710602","2010","Washington","sweeper_internal","","1","","1","other","100","","","4","6","10","unknown","60","","","","","","","","","","","","","","","","","1","","1","other","100","","","","","","","",""
"41.8435746-76.91772774---2008","https://mapsengine.google.com/06136759344167181854-00219351362547715467-4/wms/?version=1.3.0","41.8435745979","-76.9177277432","2008","Tioga","final_internal","","3","","3","other","100","","","1","","1","other","100","","","","","","","","","","3","","3","other","100","","","","","","","","","","","","","","",""
"41.53359186-76.98846761---2008","https://mapsengine.google.com/06136759344167181854-00219351362547715467-4/wms/?version=1.3.0","41.5335918552","-76.9884676112","2008","Lycoming","final_internal","","4","","4","other","100","","","1","","1","other","100","","","","","","","","","","4","","4","other","100","","","","","","","","","","","","","","",""
"41.67605401-76.26322501---2008","https://mapsengine.google.com/06136759344167181854-00219351362547715467-4/wms/?version=1.3.0","41.6760540109","-76.2632250068","2008","Bradford","final_internal","","3","","3","other","100","","","1","","1","other","100","","","3","","3","other","100","","","3","","3","other","100","","","","","","","","","","","","","","",""
"39.73326865-79.80529534---2010","https://mapsengine.google.com/06136759344167181854-06191489742681286724-4/wms/?version=1.3.0","39.733268649","-79.8052953366","2010","Fayette","public","","10","","10","other","100","","","10","","10","other","100","","","","","","","","","","","","","","","","","","","","","","","","","","","","",""
"39.94770071-79.97722612---2008","https://mapsengine.google.com/06136759344167181854-00219351362547715467-4/wms/?version=1.3.0","39.9477007079","-79.9772261171","2008","Greene","sweeper_internal","","1","","1","other","100","","5","4","1","10","fracking","50","","","3","","3","other","100","","","","","","","","","","1","","1","other","100","","","","","","","",""
"41.67563801-76.37784643---2008","https://mapsengine.google.com/06136759344167181854-00219351362547715467-4/wms/?version=1.3.0","41.6756380052","-76.3778464346","2008","Bradford","final_internal","","3","","3","other","100","","","1","","1","other","100","","","3","","3","other","100","","","3","","3","other","100","","","","","","","","","","","","","","",""
"40.11924688-80.22271511---2010","https://mapsengine.google.com/06136759344167181854-06191489742681286724-4/wms/?version=1.3.0","40.1192468757","-80.2227151072","2010","Washington","public","","10","","10","other","100","","","10","","10","other","100","","","","","","","","","","","","","","","","","","","","","","","","","","","","",""
"41.9338524-75.46853027---2008","https://mapsengine.google.com/06136759344167181854-00219351362547715467-4/wms/?version=1.3.0","41.9338524049","-75.4685302702","2008","Wayne","final_internal","","3","","3","other","100","","","1","","1","other","100","","","3","","3","other","100","","","3","","3","other","100","","","","","","","","","","","","","","",""
"41.91469525-76.88617234---2010","https://mapsengine.google.com/06136759344167181854-06191489742681286724-4/wms/?version=1.3.0","41.91469525","-76.88617234","2010","Bradford","first_internal","","3","","3","other","100","","","10","","10","other","100","","","3","","3","other","100","","","","","","","","","","","","","","","","","","","","","",""
"40.40753568-80.47056687---2010","https://mapsengine.google.com/06136759344167181854-06191489742681286724-4/wms/?version=1.3.0","40.4075356785","-80.4705668662","2010","Washington","public","","10","","10","other","100","","","10","","10","other","100","","","","","","","","","","","","","","","","","","","","","","","","","","","","",""
"41.59730527-75.56824795---2010","https://mapsengine.google.com/06136759344167181854-06191489742681286724-4/wms/?version=1.3.0","41.59730527","-75.56824795","2010","Lackawanna","first_internal","","3","","3","other","100","","","11","","11","other","100","","","3","","3","other","100","","","","","","","","","","","","","","","","","","","","","",""
"40.19315635-78.66695764---2010","https://mapsengine.google.com/06136759344167181854-06191489742681286724-4/wms/?version=1.3.0","40.193156345","-78.6669576422","2010","Bedford","public","","10","","10","other","100","","","10","","10","other","100","","","","","","","","","","","","","","","","","","","","","","","","","","","","",""
"39.79947431-79.52947769---2005","https://mapsengine.google.com/06136759344167181854-15960346301379896183-4/wms/?version=1.3.0","39.7994743107","-79.5294776915","2005","Fayette","final_internal","","3","","3","other","100","","","1","","1","other","100","","","","","","","","","","3","","3","other","100","","","","","","","","","","","","","","",""
"41.04624044-79.34879323---2008","https://mapsengine.google.com/06136759344167181854-00219351362547715467-4/wms/?version=1.3.0","41.0462404416","-79.3487932261","2008","Clarion","first_internal","1","2","","3","other","66","","","6","","6","other","100","","1","2","","3","other","66","","","","","","","","","","","","","","","","","","","","","",""
"41.6748999-77.34758719---2010","https://mapsengine.google.com/06136759344167181854-06191489742681286724-4/wms/?version=1.3.0","41.6748998993","-77.347587191","2010","Tioga","sweeper_internal","","1","","1","other","100","","1","8","2","11","other","72","","","","","","","","","","","","","","","","","1","","1","other","100","","","","","","","",""
"40.76091158-79.73693087---2010","https://mapsengine.google.com/06136759344167181854-06191489742681286724-4/wms/?version=1.3.0","40.7609115776","-79.736930868","2010","Butler","public","","18","","18","other","100","","","18","","18","other","100","","","","","","","","","","","","","","","","","","","","","","","","","","","","",""
"41.69858693-77.29257465---2008","https://mapsengine.google.com/06136759344167181854-00219351362547715467-4/wms/?version=1.3.0","41.698586927","-77.2925746514","2008","Tioga","final_internal","","4","","4","other","100","","","1","","1","other","100","","","","","","","","","","4","","4","other","100","","","","","","","","","","","","","","",""
"41.1331006-79.75175964---2005","https://mapsengine.google.com/06136759344167181854-15960346301379896183-4/wms/?version=1.3.0","41.1331005966","-79.7517596438","2005","Butler","final_internal","","3","","3","other","100","","","1","","1","other","100","","","","","","","","","","3","","3","other","100","","","","","","","","","","","","","","",""
"39.8716899-79.95697664---2010","https://mapsengine.google.com/06136759344167181854-06191489742681286724-4/wms/?version=1.3.0","39.871689904","-79.956976636","2010","Greene","public","","10","","10","other","100","","","10","","10","other","100","","","","","","","","","","","","","","","","","","","","","","","","","","","","",""
"41.73615952-75.9433786---2010","https://mapsengine.google.com/06136759344167181854-06191489742681286724-4/wms/?version=1.3.0","41.73615952","-75.9433786","2010","Susquehanna","first_internal","","3","","3","other","100","","","11","","11","other","100","","","3","","3","other","100","","","","","","","","","","","","","","","","","","","","","",""
"41.86542821-76.0205494---2010","https://mapsengine.google.com/06136759344167181854-06191489742681286724-4/wms/?version=1.3.0","41.8654282071","-76.0205494031","2010","Susquehanna","sweeper_internal","","1","","1","other","100","","1","6","4","11","other","54","","","3","","3","other","100","","","","","","","","","","1","","1","other","100","","","","","","","",""
"41.01029916-77.95909025---2010","https://mapsengine.google.com/06136759344167181854-06191489742681286724-4/wms/?version=1.3.0","41.0102991647","-77.9590902455","2010","Centre","public","","11","","11","other","100","","","11","","11","other","100","","","","","","","","","","","","","","","","","","","","","","","","","","","","",""
"41.75434809-75.8995627---2010","https://mapsengine.google.com/06136759344167181854-06191489742681286724-4/wms/?version=1.3.0","41.75434809","-75.8995627","2010","Susquehanna","first_internal","","3","","3","other","100","","","10","","10","other","100","","","3","","3","other","100","","","","","","","","","","","","","","","","","","","","","",""
"41.95056825-76.86525054---2010","https://mapsengine.google.com/06136759344167181854-06191489742681286724-4/wms/?version=1.3.0","41.95056825","-76.86525054","2010","Bradford","first_internal","","3","","3","other","100","","","10","","10","other","100","","","3","","3","other","100","","","","","","","","","","","","","","","","","","","","","",""
"41.73691902-75.89812539---2005","https://mapsengine.google.com/06136759344167181854-15960346301379896183-4/wms/?version=1.3.0","41.736919025","-75.8981253947","2005","Susquehanna","final_internal","","3","","3","other","100","","","1","","1","other","100","","","","","","","","","","3","","3","other","100","","","","","","","","","","","","","","",""
"40.08020536-80.22235807---2010","https://mapsengine.google.com/06136759344167181854-06191489742681286724-4/wms/?version=1.3.0","40.0802053635","-80.2223580678","2010","Washington","public","","9","1","10","other","90","","","9","1","10","other","90","","","","","","","","","","","","","","","","","","","","","","","","","","","","",""
"41.68401475-76.29850702---2005","https://mapsengine.google.com/06136759344167181854-15960346301379896183-4/wms/?version=1.3.0","41.68401475","-76.29850702","2005","Bradford","sweeper_internal","","1","","1","other","100","","1","","","1","fracking","100","","1","1","1","3","fracking|unknown|other","","33|33|33","","4","","4","other","100","","","1","","1","other","100","","","","","","","",""
"41.76036236-76.49344923---2008","https://mapsengine.google.com/06136759344167181854-00219351362547715467-4/wms/?version=1.3.0","41.7603623591","-76.493449231","2008","Bradford","final_internal","","3","","3","other","100","","","1","","1","other","100","","","3","","3","other","100","","","3","","3","other","100","","","","","","","","","","","","","","",""
"41.73990635-76.10072166---2010","https://mapsengine.google.com/06136759344167181854-06191489742681286724-4/wms/?version=1.3.0","41.73990635","-76.10072166","2010","Susquehanna","first_internal","","3","","3","other","100","","","11","","11","other","100","","","3","","3","other","100","","","","","","","","","","","","","","","","","","","","","",""
"40.75715176-79.73290901---2010","https://mapsengine.google.com/06136759344167181854-06191489742681286724-4/wms/?version=1.3.0","40.7571517614","-79.7329090064","2010","Butler","sweeper_internal","","1","","1","other","100","","","11","4","15","other","73","","","","","","","","","","","","","","","","","1","","1","other","100","","","","","","","",""
"41.98938299-77.02675325---2010","https://mapsengine.google.com/06136759344167181854-06191489742681286724-4/wms/?version=1.3.0","41.9893829871","-77.0267532461","2010","Tioga","public","","10","","10","other","100","","","10","","10","other","100","","","","","","","","","","","","","","","","","","","","","","","","","","","","",""
"40.27105043-80.36435829---2010","https://mapsengine.google.com/06136759344167181854-06191489742681286724-4/wms/?version=1.3.0","40.2710504261","-80.3643582864","2010","Washington","sweeper_internal","","1","","1","other","100","","5","2","3","10","fracking","50","","","","","","","","","","","","","","","","","1","","1","other","100","","","","","","","",""
"41.76666218-76.84238746---2010","https://mapsengine.google.com/06136759344167181854-06191489742681286724-4/wms/?version=1.3.0","41.76666218","-76.84238746","2010","Bradford","first_internal","","3","","3","other","100","","","10","","10","other","100","","","3","","3","other","100","","","","","","","","","","","","","","","","","","","","","",""
"41.52909352-76.35156759---2005","https://mapsengine.google.com/06136759344167181854-15960346301379896183-4/wms/?version=1.3.0","41.5290935157","-76.3515675869","2005","Sullivan","final_internal","","3","","3","other","100","","","1","","1","other","100","","","3","","3","other","100","","","3","","3","other","100","","","","","","","","","","","","","","",""
"41.68235746-76.0932517---2010","https://mapsengine.google.com/06136759344167181854-06191489742681286724-4/wms/?version=1.3.0","41.68235746","-76.0932517","2010","Susquehanna","first_internal","","3","","3","other","100","","","12","1","13","other","92","","","3","","3","other","100","","","","","","","","","","","","","","","","","","","","","",""
"41.47401229-77.25210716---2008","https://mapsengine.google.com/06136759344167181854-00219351362547715467-4/wms/?version=1.3.0","41.4740122937","-77.2521071625","2008","Lycoming","final_internal","","3","","3","other","100","","","1","","1","other","100","","","","","","","","","","3","","3","other","100","","","","","","","","","","","","","","",""
"41.42150162-78.23786006---2008","https://mapsengine.google.com/06136759344167181854-00219351362547715467-4/wms/?version=1.3.0","41.4215016212","-78.2378600606","2008","Cameron","first_internal","","3","","3","other","100","","","6","","6","other","100","","","3","","3","other","100","","","","","","","","","","","","","","","","","","","","","",""
"40.62901107-79.36341175---2010","https://mapsengine.google.com/06136759344167181854-06191489742681286724-4/wms/?version=1.3.0","40.6290110732","-79.3634117533","2010","Armstrong","public","","10","","10","other","100","","","10","","10","other","100","","","","","","","","","","","","","","","","","","","","","","","","","","","","",""
"41.77335831-76.80426256---2010","https://mapsengine.google.com/06136759344167181854-06191489742681286724-4/wms/?version=1.3.0","41.77335831","-76.80426256","2010","Bradford","first_internal","3","","","3","fracking","100","","11","1","","12","fracking","91","","3","","","3","fracking","100","","","","","","","","","","","","","","","","","","","","","",""
"41.69733214-75.96402655---2005","https://mapsengine.google.com/06136759344167181854-15960346301379896183-4/wms/?version=1.3.0","41.6973321417","-75.9640265527","2005","Susquehanna","final_internal","","3","","3","other","100","","","1","","1","other","100","","","3","","3","other","100","","","3","","3","other","100","","","","","","","","","","","","","","",""
"41.69740389-75.88403464---2010","https://mapsengine.google.com/06136759344167181854-06191489742681286724-4/wms/?version=1.3.0","41.69740389","-75.88403464","2010","Susquehanna","first_internal","","3","","3","other","100","","","10","1","11","other","90","","","3","","3","other","100","","","","","","","","","","","","","","","","","","","","","",""
"40.13210659-78.75408485---2010","https://mapsengine.google.com/06136759344167181854-06191489742681286724-4/wms/?version=1.3.0","40.1321065916","-78.7540848497","2010","Somerset","sweeper_internal","","1","","1","other","100","","6","3","1","10","fracking","60","","","","","","","","","","","","","","","","","1","","1","other","100","","","","","","","",""
"39.88438532-80.04855096---2010","https://mapsengine.google.com/06136759344167181854-06191489742681286724-4/wms/?version=1.3.0","39.8843853165","-80.0485509565","2010","Greene","sweeper_internal","1","","","1","fracking","100","","6","2","2","10","fracking","60","","","","","","","","","","","","","","","","1","","","1","fracking","100","","","","","","","",""
"40.40622895-80.47061881---2010","https://mapsengine.google.com/06136759344167181854-06191489742681286724-4/wms/?version=1.3.0","40.4062289482","-80.4706188069","2010","Washington","public","","10","","10","other","100","","","10","","10","other","100","","","","","","","","","","","","","","","","","","","","","","","","","","","","",""
"41.96816337-77.0026384---2010","https://mapsengine.google.com/06136759344167181854-06191489742681286724-4/wms/?version=1.3.0","41.9681633686","-77.0026383967","2010","Tioga","public","","12","","12","other","100","","","12","","12","other","100","","","","","","","","","","","","","","","","","","","","","","","","","","","","",""
"39.93776801-80.02914048---2005","https://mapsengine.google.com/06136759344167181854-15960346301379896183-4/wms/?version=1.3.0","39.9377680132","-80.0291404798","2005","Greene","final_internal","","3","","3","other","100","","","1","","1","other","100","","","","","","","","","","3","","3","other","100","","","","","","","","","","","","","","",""
"41.76154554-76.10607868---2010","https://mapsengine.google.com/06136759344167181854-06191489742681286724-4/wms/?version=1.3.0","41.76154554","-76.10607868","2010","Susquehanna","first_internal","","3","","3","other","100","","","10","","10","other","100","","","3","","3","other","100","","","","","","","","","","","","","","","","","","","","","",""
"41.72963297-75.8783486---2005","https://mapsengine.google.com/06136759344167181854-15960346301379896183-4/wms/?version=1.3.0","41.7296329734","-75.8783486003","2005","Susquehanna","final_internal","","3","","3","other","100","","","1","","1","other","100","","","3","","3","other","100","","","3","","3","other","100","","","","","","","","","","","","","","",""
"41.71568106-76.85195789---2005","https://mapsengine.google.com/06136759344167181854-15960346301379896183-4/wms/?version=1.3.0","41.7156810605","-76.8519578868","2005","Bradford","final_internal","","3","","3","other","100","","","1","","1","other","100","","","3","","3","other","100","","","3","","3","other","100","","","","","","","","","","","","","","",""
"39.8591499-79.54125922---2005","https://mapsengine.google.com/06136759344167181854-15960346301379896183-4/wms/?version=1.3.0","39.8591499003","-79.541259216","2005","Fayette","final_internal","","3","","3","other","100","","","1","","1","other","100","","","","","","","","","","3","","3","other","100","","","","","","","","","","","","","","",""
"40.20074709-79.72975389---2008","https://mapsengine.google.com/06136759344167181854-00219351362547715467-4/wms/?version=1.3.0","40.2007470945","-79.7297538893","2008","Westmoreland","first_internal","3","","","3","fracking","100","","1","","","1","fracking","100","","3","","","3","fracking","100","","","","","","","","","","","","","","","","","","","","","",""
"39.83830828-79.86446416---2005","https://mapsengine.google.com/06136759344167181854-15960346301379896183-4/wms/?version=1.3.0","39.8383082827","-79.8644641554","2005","Fayette","final_internal","","3","","3","other","100","","","1","","1","other","100","","","","","","","","","","3","","3","other","100","","","","","","","","","","","","","","",""
"41.49615425-78.59830773---2008","https://mapsengine.google.com/06136759344167181854-00219351362547715467-4/wms/?version=1.3.0","41.4961542506","-78.5983077299","2008","Elk","final_internal","","3","","3","other","100","","1","","","1","fracking","100","","","","","","","","","","3","","3","other","100","","","","","","","","","","","","","","",""
"41.89217916-75.66439732---2008","https://mapsengine.google.com/06136759344167181854-00219351362547715467-4/wms/?version=1.3.0","41.8921791557","-75.6643973238","2008","Susquehanna","final_internal","","3","","3","other","100","","","1","","1","other","100","","","3","","3","other","100","","","3","","3","other","100","","","","","","","","","","","","","","",""
"39.82926262-80.04178237---2010","https://mapsengine.google.com/06136759344167181854-06191489742681286724-4/wms/?version=1.3.0","39.8292626247","-80.0417823737","2010","Greene","public","","10","","10","other","100","","","10","","10","other","100","","","","","","","","","","","","","","","","","","","","","","","","","","","","",""
"40.19792576-79.72252752---2008","https://mapsengine.google.com/06136759344167181854-00219351362547715467-4/wms/?version=1.3.0","40.1979257618","-79.7225275159","2008","Westmoreland","first_internal","","3","","3","other","100","","","1","","1","other","100","","","3","","3","other","100","","","","","","","","","","","","","","","","","","","","","",""
"41.73234565-75.86158665---2008","https://mapsengine.google.com/06136759344167181854-00219351362547715467-4/wms/?version=1.3.0","41.7323456544","-75.8615866462","2008","Susquehanna","final_internal","","3","","3","other","100","","","1","","1","other","100","","","3","","3","other","100","","","3","","3","other","100","","","","","","","","","","","","","","",""
"41.96809461-77.00258907---2005","https://mapsengine.google.com/06136759344167181854-15960346301379896183-4/wms/?version=1.3.0","41.968094606","-77.0025890701","2005","Tioga","final_internal","","3","","3","other","100","","","1","","1","other","100","","","","","","","","","","3","","3","other","100","","","","","","","","","","","","","","",""
"40.24506718-80.28072645---2005","https://mapsengine.google.com/06136759344167181854-15960346301379896183-4/wms/?version=1.3.0","40.2450671766","-80.2807264483","2005","Washington","final_internal","","3","","3","other","100","","","","1","1","unknown","100","","","","","","","","","","3","","3","other","100","","","","","","","","","","","","","","",""
"40.77965105-79.54272851---2010","https://mapsengine.google.com/06136759344167181854-06191489742681286724-4/wms/?version=1.3.0","40.7796510546","-79.5427285145","2010","Armstrong","sweeper_internal","1","","","1","fracking","100","","7","1","2","10","fracking","70","","","","","","","","","","","","","","","","1","","","1","fracking","100","","","","","","","",""
"41.66891678-76.08993757---2005","https://mapsengine.google.com/06136759344167181854-15960346301379896183-4/wms/?version=1.3.0","41.6689167834","-76.0899375659","2005","Susquehanna","final_internal","","3","","3","other","100","","","1","","1","other","100","","","3","","3","other","100","","","3","","3","other","100","","","","","","","","","","","","","","",""
"41.07553598-78.01181811---2010","https://mapsengine.google.com/06136759344167181854-06191489742681286724-4/wms/?version=1.3.0","41.075535975","-78.0118181135","2010","Centre","public","","10","","10","other","100","","","10","","10","other","100","","","","","","","","","","","","","","","","","","","","","","","","","","","","",""
"41.69396693-76.99393679---2010","https://mapsengine.google.com/06136759344167181854-06191489742681286724-4/wms/?version=1.3.0","41.6939669331","-76.9939367907","2010","Tioga","sweeper_internal","","1","","1","other","100","","3","1","6","10","unknown","60","","","","","","","","","","","","","","","","","1","","1","other","100","","","","","","","",""
"39.91733516-79.96757333---2010","https://mapsengine.google.com/06136759344167181854-06191489742681286724-4/wms/?version=1.3.0","39.9173351583","-79.9675733318","2010","Greene","sweeper_internal","","1","","1","other","100","","3","5","2","10","other","50","","","","","","","","","","","","","","","","","1","","1","other","100","","","","","","","",""
"41.28984088-78.91045326---2008","https://mapsengine.google.com/06136759344167181854-00219351362547715467-4/wms/?version=1.3.0","41.2898408833","-78.9104532578","2008","Jefferson","first_internal","","3","","3","other","100","","","10","","10","other","100","","","3","","3","other","100","","","","","","","","","","","","","","","","","","","","","",""
"41.54588157-77.08741502---2008","https://mapsengine.google.com/06136759344167181854-00219351362547715467-4/wms/?version=1.3.0","41.5458815685","-77.0874150186","2008","Lycoming","final_internal","","3","","3","other","100","","","1","","1","other","100","","","","","","","","","","3","","3","other","100","","","","","","","","","","","","","","",""
"41.65460376-76.03557957---2010","https://mapsengine.google.com/06136759344167181854-06191489742681286724-4/wms/?version=1.3.0","41.65460376","-76.03557957","2010","Susquehanna","first_internal","","3","","3","other","100","","","10","","10","other","100","","","3","","3","other","100","","","","","","","","","","","","","","","","","","","","","",""
"41.68950442-77.66275968---2010","https://mapsengine.google.com/06136759344167181854-06191489742681286724-4/wms/?version=1.3.0","41.6895044249","-77.6627596802","2010","Potter","public","9","","1","10","fracking","90","","9","","1","10","fracking","90","","","","","","","","","","","","","","","","","","","","","","","","","","","","",""
"39.90467693-79.99518527---2008","https://mapsengine.google.com/06136759344167181854-00219351362547715467-4/wms/?version=1.3.0","39.9046769311","-79.9951852718","2008","Greene","first_internal","","3","","3","other","100","","1","9","","10","other","90","","","3","","3","other","100","","","","","","","","","","","","","","","","","","","","","",""
"39.92272222-79.98050099---2010","https://mapsengine.google.com/06136759344167181854-06191489742681286724-4/wms/?version=1.3.0","39.9227222239","-79.9805009862","2010","Greene","public","","10","","10","other","100","","","10","","10","other","100","","","","","","","","","","","","","","","","","","","","","","","","","","","","",""
"40.24451388-80.27588338---2008","https://mapsengine.google.com/06136759344167181854-00219351362547715467-4/wms/?version=1.3.0","40.2445138849","-80.2758833828","2008","Washington","first_internal","","3","","3","other","100","","","10","","10","other","100","","","3","","3","other","100","","","","","","","","","","","","","","","","","","","","","",""
"41.27138989-76.57241802---2010","https://mapsengine.google.com/06136759344167181854-06191489742681286724-4/wms/?version=1.3.0","41.2713898894","-76.5724180239","2010","Lycoming","public","","10","","10","other","100","","","10","","10","other","100","","","","","","","","","","","","","","","","","","","","","","","","","","","","",""
"40.28364336-80.22781222---2008","https://mapsengine.google.com/06136759344167181854-00219351362547715467-4/wms/?version=1.3.0","40.2836433648","-80.2278122214","2008","Washington","first_internal","2","","1","3","fracking","66","","9","","1","10","fracking","90","","2","","1","3","fracking","66","","","","","","","","","","","","","","","","","","","","","",""
"41.72460967-75.88133764---2008","https://mapsengine.google.com/06136759344167181854-00219351362547715467-4/wms/?version=1.3.0","41.7246096666","-75.8813376381","2008","Susquehanna","final_internal","","4","","4","other","100","","","1","","1","other","100","","","3","","3","other","100","","","4","","4","other","100","","","","","","","","","","","","","","",""
"40.91838122-79.96318699---2008","https://mapsengine.google.com/06136759344167181854-00219351362547715467-4/wms/?version=1.3.0","40.9183812224","-79.9631869907","2008","Butler","first_internal","","3","","3","other","100","","","2","","2","other","100","","","3","","3","other","100","","","","","","","","","","","","","","","","","","","","","",""
"39.8409441-80.08672661---2010","https://mapsengine.google.com/06136759344167181854-06191489742681286724-4/wms/?version=1.3.0","39.8409440975","-80.0867266107","2010","Greene","sweeper_internal","1","","","1","fracking","100","","6","3","1","10","fracking","60","","","","","","","","","","","","","","","","1","","","1","fracking","100","","","","","","","",""
"41.7186305-76.05631914---2010","https://mapsengine.google.com/06136759344167181854-06191489742681286724-4/wms/?version=1.3.0","41.7186305","-76.05631914","2010","Susquehanna","first_internal","","3","","3","other","100","","","10","","10","other","100","","","3","","3","other","100","","","","","","","","","","","","","","","","","","","","","",""
"39.72006465-79.98231123---2005","https://mapsengine.google.com/06136759344167181854-15960346301379896183-4/wms/?version=1.3.0","39.7200646544","-79.9823112268","2005","Greene","final_internal","","3","","3","other","100","","","1","","1","other","100","","","","","","","","","","3","","3","other","100","","","","","","","","","","","","","","",""
"41.73189401-75.87790271---2008","https://mapsengine.google.com/06136759344167181854-00219351362547715467-4/wms/?version=1.3.0","41.7318940121","-75.8779027052","2008","Susquehanna","final_internal","","3","","3","other","100","","","1","","1","other","100","","","3","","3","other","100","","","3","","3","other","100","","","","","","","","","","","","","","",""
"39.9513744-80.09956098---2010","https://mapsengine.google.com/06136759344167181854-06191489742681286724-4/wms/?version=1.3.0","39.9513743973","-80.0995609819","2010","Greene","sweeper_internal","1","","","1","fracking","100","","6","1","3","10","fracking","60","","","","","","","","","","","","","","","","1","","","1","fracking","100","","","","","","","",""
"41.61779159-76.44565978---2005","https://mapsengine.google.com/06136759344167181854-15960346301379896183-4/wms/?version=1.3.0","41.6177915909","-76.4456597754","2005","Bradford","final_internal","","4","","4","other","100","","","1","","1","other","100","","","3","","3","other","100","","","4","","4","other","100","","","","","","","","","","","","","","",""
"39.94697255-80.02450525---2008","https://mapsengine.google.com/06136759344167181854-00219351362547715467-4/wms/?version=1.3.0","39.9469725505","-80.024505252","2008","Greene","sweeper_internal","","1","","1","other","100","","","6","4","10","other","60","","","3","","3","other","100","","","","","","","","","","1","","1","other","100","","","","","","","",""
"40.87463599-79.50976292---2008","https://mapsengine.google.com/06136759344167181854-00219351362547715467-4/wms/?version=1.3.0","40.8746359943","-79.5097629222","2008","Armstrong","sweeper_internal","1","","","1","fracking","100","","3","1","3","7","fracking|unknown","","42|42","1","1","1","3","fracking|unknown|other","","33|33|33","","","","","","","","1","","","1","fracking","100","","","","","","","",""
"41.62882612-76.43014855---2010","https://mapsengine.google.com/06136759344167181854-06191489742681286724-4/wms/?version=1.3.0","41.62882612","-76.43014855","2010","Bradford","first_internal","","3","","3","other","100","","","11","","11","other","100","","","3","","3","other","100","","","","","","","","","","","","","","","","","","","","","",""
"41.55618449-77.07555511---2005","https://mapsengine.google.com/06136759344167181854-15960346301379896183-4/wms/?version=1.3.0","41.5561844907","-77.0755551089","2005","Tioga","missing_internal","","1","","1","other","100","","","","","","fracking|unknown|other","","","","","","","","","","","","","","","","","","","","","","","","","1","","1","other","100",""
"41.75117092-75.86820356---2008","https://mapsengine.google.com/06136759344167181854-00219351362547715467-4/wms/?version=1.3.0","41.7511709221","-75.8682035626","2008","Susquehanna","sweeper_internal","","1","","1","other","100","","","1","","1","other","100","","","2","1","3","other","66","","1","1","1","3","fracking|unknown|other","","33|33|33","","1","","1","other","100","","","","","","","",""
"39.8250249-80.27460461---2005","https://mapsengine.google.com/06136759344167181854-15960346301379896183-4/wms/?version=1.3.0","39.8250248993","-80.2746046052","2005","Greene","final_internal","","3","","3","other","100","","","1","","1","other","100","","","","","","","","","","3","","3","other","100","","","","","","","","","","","","","","",""
"41.27471692-77.28030614---2010","https://mapsengine.google.com/06136759344167181854-06191489742681286724-4/wms/?version=1.3.0","41.2747169215","-77.2803061359","2010","Lycoming","sweeper_internal","","1","","1","other","100","","1","8","3","12","other","66","","","","","","","","","","","","","","","","","1","","1","other","100","","","","","","","",""
"41.75022019-76.13752323---2005","https://mapsengine.google.com/06136759344167181854-15960346301379896183-4/wms/?version=1.3.0","41.7502201861","-76.1375232256","2005","Bradford","final_internal","","4","","4","other","100","","","1","","1","other","100","","","3","","3","other","100","","","4","","4","other","100","","","","","","","","","","","","","","",""
"41.75839379-76.84929867---2008","https://mapsengine.google.com/06136759344167181854-00219351362547715467-4/wms/?version=1.3.0","41.7583937896","-76.8492986749","2008","Bradford","final_internal","","3","","3","other","100","","","1","","1","other","100","","","3","","3","other","100","","","3","","3","other","100","","","","","","","","","","","","","","",""
"41.87870867-75.8920908---2008","https://mapsengine.google.com/06136759344167181854-00219351362547715467-4/wms/?version=1.3.0","41.8787086702","-75.892090796","2008","Susquehanna","final_internal","","3","","3","other","100","","","1","","1","other","100","","","3","","3","other","100","","","3","","3","other","100","","","","","","","","","","","","","","",""
"41.65046881-76.02930437---2010","https://mapsengine.google.com/06136759344167181854-06191489742681286724-4/wms/?version=1.3.0","41.65046881","-76.02930437","2010","Susquehanna","first_internal","","3","","3","other","100","","","11","","11","other","100","","","3","","3","other","100","","","","","","","","","","","","","","","","","","","","","",""
"41.64473346-76.38722759---2005","https://mapsengine.google.com/06136759344167181854-15960346301379896183-4/wms/?version=1.3.0","41.6447334602","-76.3872275913","2005","Bradford","final_internal","","3","","3","other","100","","","1","","1","other","100","","","3","","3","other","100","","","3","","3","other","100","","","","","","","","","","","","","","",""
"39.95180789-80.27672968---2010","https://mapsengine.google.com/06136759344167181854-06191489742681286724-4/wms/?version=1.3.0","39.9518078852","-80.2767296754","2010","Greene","public","10","","","10","fracking","100","","10","","","10","fracking","100","","","","","","","","","","","","","","","","","","","","","","","","","","","","",""
"41.73194003-75.87781585---2010","https://mapsengine.google.com/06136759344167181854-06191489742681286724-4/wms/?version=1.3.0","41.73194003","-75.87781585","2010","Susquehanna","first_internal","","3","","3","other","100","","","12","","12","other","100","","","3","","3","other","100","","","","","","","","","","","","","","","","","","","","","",""
"39.9431803-79.23351359---2008","https://mapsengine.google.com/06136759344167181854-00219351362547715467-4/wms/?version=1.3.0","39.9431803022","-79.2335135937","2008","Somerset","final_internal","","4","","4","other","100","","1","1","","2","fracking|other","","50|50","","","","","","","","","4","","4","other","100","","","","","","","","","","","","","","",""
"39.88266575-80.04805936---2010","https://mapsengine.google.com/06136759344167181854-06191489742681286724-4/wms/?version=1.3.0","39.8826657459","-80.0480593615","2010","Greene","sweeper_internal","1","","","1","fracking","100","","6","3","1","10","fracking","60","","","","","","","","","","","","","","","","1","","","1","fracking","100","","","","","","","",""
"41.73218529-76.82334881---2005","https://mapsengine.google.com/06136759344167181854-15960346301379896183-4/wms/?version=1.3.0","41.7321852919","-76.8233488089","2005","Bradford","final_internal","","3","","3","other","100","","","1","","1","other","100","","","3","","3","other","100","","","3","","3","other","100","","","","","","","","","","","","","","",""
"41.71560564-77.35035565---2010","https://mapsengine.google.com/06136759344167181854-06191489742681286724-4/wms/?version=1.3.0","41.715605645","-77.3503556485","2010","Tioga","public","","11","","11","other","100","","","11","","11","other","100","","","","","","","","","","","","","","","","","","","","","","","","","","","","",""
"41.77808944-75.91970947---2005","https://mapsengine.google.com/06136759344167181854-15960346301379896183-4/wms/?version=1.3.0","41.7780894433","-75.9197094726","2005","Susquehanna","final_internal","","3","","3","other","100","","","1","","1","other","100","","","3","","3","other","100","","","3","","3","other","100","","","","","","","","","","","","","","",""
"39.90253246-80.00124389---2005","https://mapsengine.google.com/06136759344167181854-15960346301379896183-4/wms/?version=1.3.0","39.9025324618","-80.0012438923","2005","Greene","final_internal","","3","","3","other","100","","","1","","1","other","100","","","","","","","","","","3","","3","other","100","","","","","","","","","","","","","","",""
"39.83877508-79.5358949---2005","https://mapsengine.google.com/06136759344167181854-15960346301379896183-4/wms/?version=1.3.0","39.8387750787","-79.5358949042","2005","Fayette","final_internal","","3","","3","other","100","","","1","","1","other","100","","","","","","","","","","3","","3","other","100","","","","","","","","","","","","","","",""
"39.80955155-80.47224099---2005","https://mapsengine.google.com/06136759344167181854-15960346301379896183-4/wms/?version=1.3.0","39.8095515526","-80.4722409865","2005","Greene","final_internal","","3","","3","other","100","","","1","","1","other","100","","","","","","","","","","3","","3","other","100","","","","","","","","","","","","","","",""
"41.5801901-77.03214711---2010","https://mapsengine.google.com/06136759344167181854-06191489742681286724-4/wms/?version=1.3.0","41.5801900975","-77.0321471138","2010","Tioga","public","","10","1","11","other","90","","","10","1","11","other","90","","","","","","","","","","","","","","","","","","","","","","","","","","","","",""
"41.71192824-75.90050067---2010","https://mapsengine.google.com/06136759344167181854-06191489742681286724-4/wms/?version=1.3.0","41.7119282395","-75.9005006681","2010","Susquehanna","sweeper_internal","","1","","1","other","100","","1","8","4","13","other","61","","","1","2","3","unknown","66","","","","","","","","","","1","","1","other","100","","","","","","","",""
"41.589346-76.85663478---2010","https://mapsengine.google.com/06136759344167181854-06191489742681286724-4/wms/?version=1.3.0","41.5893460016","-76.8566347801","2010","Lycoming","public","","10","","10","other","100","","","10","","10","other","100","","","","","","","","","","","","","","","","","","","","","","","","","","","","",""
"40.81188084-80.03256656---2005","https://mapsengine.google.com/06136759344167181854-15960346301379896183-4/wms/?version=1.3.0","40.8118808412","-80.0325665579","2005","Butler","final_internal","","3","","3","other","100","","","1","","1","other","100","","","","","","","","","","3","","3","other","100","","","","","","","","","","","","","","",""
"41.72172115-76.06954901---2008","https://mapsengine.google.com/06136759344167181854-00219351362547715467-4/wms/?version=1.3.0","41.721721149","-76.0695490099","2008","Susquehanna","final_internal","","3","","3","other","100","","","1","","1","other","100","","","3","","3","other","100","","","3","","3","other","100","","","","","","","","","","","","","","",""
"41.73435199-75.86911316---2010","https://mapsengine.google.com/06136759344167181854-06191489742681286724-4/wms/?version=1.3.0","41.73435199","-75.86911316","2010","Susquehanna","first_internal","","1","2","3","unknown","66","","1","8","1","10","other","80","","","1","2","3","unknown","66","","","","","","","","","","","","","","","","","","","","","",""
"41.87163075-76.28300868---2010","https://mapsengine.google.com/06136759344167181854-06191489742681286724-4/wms/?version=1.3.0","41.87163075","-76.28300868","2010","Bradford","first_internal","","3","","3","other","100","","","10","","10","other","100","","","3","","3","other","100","","","","","","","","","","","","","","","","","","","","","",""
"41.70525665-75.65994275---2008","https://mapsengine.google.com/06136759344167181854-00219351362547715467-4/wms/?version=1.3.0","41.7052566549","-75.6599427466","2008","Susquehanna","final_internal","","4","","4","other","100","","","1","","1","other","100","","","3","","3","other","100","","","4","","4","other","100","","","","","","","","","","","","","","",""
"39.94472273-78.88988115---2005","https://mapsengine.google.com/06136759344167181854-15960346301379896183-4/wms/?version=1.3.0","39.9447227289","-78.8898811534","2005","Somerset","final_internal","","3","","3","other","100","","","","1","1","unknown","100","","","","","","","","","","3","","3","other","100","","","","","","","","","","","","","","",""
"41.73302904-77.39447474---2008","https://mapsengine.google.com/06136759344167181854-00219351362547715467-4/wms/?version=1.3.0","41.733029044","-77.3944747377","2008","Tioga","final_internal","","3","","3","other","100","","","1","","1","other","100","","","","","","","","","","3","","3","other","100","","","","","","","","","","","","","","",""
"41.6690678-76.09296366---2010","https://mapsengine.google.com/06136759344167181854-06191489742681286724-4/wms/?version=1.3.0","41.6690678019","-76.0929636637","2010","Susquehanna","sweeper_internal","","1","","1","other","100","","2","9","1","12","other","75","","","2","1","3","other","66","","","","","","","","","","1","","1","other","100","","","","","","","",""
"41.71658504-75.87363741---2010","https://mapsengine.google.com/06136759344167181854-06191489742681286724-4/wms/?version=1.3.0","41.71658504","-75.87363741","2010","Susquehanna","first_internal","","3","","3","other","100","","","11","","11","other","100","","","3","","3","other","100","","","","","","","","","","","","","","","","","","","","","",""
"39.84876222-79.87844985---2010","https://mapsengine.google.com/06136759344167181854-06191489742681286724-4/wms/?version=1.3.0","39.8487622217","-79.8784498487","2010","Fayette","sweeper_internal","1","","","1","fracking","100","","6","1","3","10","fracking","60","","","","","","","","","","","","","","","","1","","","1","fracking","100","","","","","","","",""
"41.93607741-77.02372038---2010","https://mapsengine.google.com/06136759344167181854-06191489742681286724-4/wms/?version=1.3.0","41.9360774096","-77.0237203846","2010","Tioga","public","","11","","11","other","100","","","11","","11","other","100","","","","","","","","","","","","","","","","","","","","","","","","","","","","",""
"41.41762218-78.26937589---2010","https://mapsengine.google.com/06136759344167181854-06191489742681286724-4/wms/?version=1.3.0","41.4176221802","-78.2693758914","2010","Cameron","sweeper_internal","","1","","1","other","100","","6","1","3","10","fracking","60","","","","","","","","","","","","","","","","","1","","1","other","100","","","","","","","",""
"41.19750359-79.21506681---2005","https://mapsengine.google.com/06136759344167181854-15960346301379896183-4/wms/?version=1.3.0","41.1975035868","-79.2150668102","2005","Clarion","final_internal","","3","","3","other","100","","","1","","1","other","100","","","","","","","","","","3","","3","other","100","","","","","","","","","","","","","","",""
"40.51435165-79.54985554---2010","https://mapsengine.google.com/06136759344167181854-06191489742681286724-4/wms/?version=1.3.0","40.5143516498","-79.5498555392","2010","Westmoreland","public","","10","","10","other","100","","","10","","10","other","100","","","","","","","","","","","","","","","","","","","","","","","","","","","","",""
"41.74442815-76.64468573---2008","https://mapsengine.google.com/06136759344167181854-00219351362547715467-4/wms/?version=1.3.0","41.7444281531","-76.6446857349","2008","Bradford","final_internal","","3","","3","other","100","","","1","","1","other","100","","","3","","3","other","100","","","3","","3","other","100","","","","","","","","","","","","","","",""
"40.10779387-80.06320363---2005","https://mapsengine.google.com/06136759344167181854-15960346301379896183-4/wms/?version=1.3.0","40.1077938693","-80.0632036287","2005","Washington","final_internal","","3","","3","other","100","","","1","","1","other","100","","","","","","","","","","3","","3","other","100","","","","","","","","","","","","","","",""
"41.61409946-76.01150764---2005","https://mapsengine.google.com/06136759344167181854-15960346301379896183-4/wms/?version=1.3.0","41.6140994641","-76.0115076382","2005","Wyoming","final_internal","","3","","3","other","100","","","1","","1","other","100","","","3","","3","other","100","","","3","","3","other","100","","","","","","","","","","","","","","",""
"41.55926314-76.46453611---2005","https://mapsengine.google.com/06136759344167181854-15960346301379896183-4/wms/?version=1.3.0","41.5592631387","-76.4645361103","2005","Sullivan","final_internal","","3","","3","other","100","","","1","","1","other","100","","","3","","3","other","100","","","3","","3","other","100","","","","","","","","","","","","","","",""
"40.83864081-79.66375287---2010","https://mapsengine.google.com/06136759344167181854-06191489742681286724-4/wms/?version=1.3.0","40.8386408052","-79.6637528704","2010","Armstrong","public","8","1","1","10","fracking","80","","8","1","1","10","fracking","80","","","","","","","","","","","","","","","","","","","","","","","","","","","","",""
"41.86292624-76.58470318---2010","https://mapsengine.google.com/06136759344167181854-06191489742681286724-4/wms/?version=1.3.0","41.86292624","-76.58470318","2010","Bradford","first_internal","","3","","3","other","100","","","10","","10","other","100","","","3","","3","other","100","","","","","","","","","","","","","","","","","","","","","",""
"41.92890819-75.86183202---2005","https://mapsengine.google.com/06136759344167181854-15960346301379896183-4/wms/?version=1.3.0","41.9289081857","-75.8618320207","2005","Susquehanna","final_internal","","3","","3","other","100","","","1","","1","other","100","","","3","","3","other","100","","","3","","3","other","100","","","","","","","","","","","","","","",""
"41.69323758-75.83354376---2008","https://mapsengine.google.com/06136759344167181854-00219351362547715467-4/wms/?version=1.3.0","41.6932375816","-75.8335437576","2008","Susquehanna","final_internal","","3","","3","other","100","","","1","","1","other","100","","","3","","3","other","100","","","3","","3","other","100","","","","","","","","","","","","","","",""
"40.2150668-79.70284156---2008","https://mapsengine.google.com/06136759344167181854-00219351362547715467-4/wms/?version=1.3.0","40.2150667968","-79.70284156","2008","Westmoreland","first_internal","","3","1","4","other","75","","1","","","1","fracking","100","","","3","1","4","other","75","","","","","","","","","","","","","","","","","","","","","",""
"41.8055305-77.29683668---2005","https://mapsengine.google.com/06136759344167181854-15960346301379896183-4/wms/?version=1.3.0","41.8055305045","-77.2968366833","2005","Tioga","missing_internal","","1","","1","other","100","","","","","","fracking|unknown|other","","","","","","","","","","","","","","","","","","","","","","","","","1","","1","other","100",""
"40.797438-78.61532601---2005","https://mapsengine.google.com/06136759344167181854-15960346301379896183-4/wms/?version=1.3.0","40.7974380031","-78.61532601","2005","Clearfield","final_internal","","3","","3","other","100","","","1","","1","other","100","","","","","","","","","","3","","3","other","100","","","","","","","","","","","","","","",""
"39.72225-79.95990281---2005","https://mapsengine.google.com/06136759344167181854-15960346301379896183-4/wms/?version=1.3.0","39.7222500005","-79.9599028115","2005","Greene","final_internal","","3","","3","other","100","","","1","","1","other","100","","","","","","","","","","3","","3","other","100","","","","","","","","","","","","","","",""
"40.40683957-80.4704428---2010","https://mapsengine.google.com/06136759344167181854-06191489742681286724-4/wms/?version=1.3.0","40.4068395665","-80.4704428002","2010","Washington","public","","10","","10","other","100","","","10","","10","other","100","","","","","","","","","","","","","","","","","","","","","","","","","","","","",""
"39.74519598-79.88055351---2010","https://mapsengine.google.com/06136759344167181854-06191489742681286724-4/wms/?version=1.3.0","39.7451959836","-79.8805535059","2010","Fayette","public","","9","1","10","other","90","","","9","1","10","other","90","","","","","","","","","","","","","","","","","","","","","","","","","","","","",""
"39.91805594-79.94757731---2008","https://mapsengine.google.com/06136759344167181854-00219351362547715467-4/wms/?version=1.3.0","39.9180559442","-79.9475773053","2008","Greene","first_internal","3","","","3","fracking","100","","10","","","10","fracking","100","","3","","","3","fracking","100","","","","","","","","","","","","","","","","","","","","","",""
"41.7061939-75.87645436---2005","https://mapsengine.google.com/06136759344167181854-15960346301379896183-4/wms/?version=1.3.0","41.7061938983","-75.8764543609","2005","Susquehanna","final_internal","","3","","3","other","100","","","1","","1","other","100","","","3","","3","other","100","","","3","","3","other","100","","","","","","","","","","","","","","",""
"40.52821718-79.20184731---2005","https://mapsengine.google.com/06136759344167181854-15960346301379896183-4/wms/?version=1.3.0","40.5282171788","-79.2018473069","2005","Indiana","final_internal","","3","","3","other","100","","","1","","1","other","100","","","","","","","","","","3","","3","other","100","","","","","","","","","","","","","","",""
"41.69319538-75.83354485---2010","https://mapsengine.google.com/06136759344167181854-06191489742681286724-4/wms/?version=1.3.0","41.69319538","-75.83354485","2010","Susquehanna","first_internal","","3","","3","other","100","","","9","1","10","other","90","","","3","","3","other","100","","","","","","","","","","","","","","","","","","","","","",""
"41.56353301-77.07331899---2010","https://mapsengine.google.com/06136759344167181854-06191489742681286724-4/wms/?version=1.3.0","41.5635330119","-77.0733189897","2010","Tioga","public","","11","","11","other","100","","","11","","11","other","100","","","","","","","","","","","","","","","","","","","","","","","","","","","","",""
"41.80232388-76.97195964---2010","https://mapsengine.google.com/06136759344167181854-06191489742681286724-4/wms/?version=1.3.0","41.8023238771","-76.9719596386","2010","Tioga","public","","11","1","12","other","91","","","11","1","12","other","91","","","","","","","","","","","","","","","","","","","","","","","","","","","","",""
"41.20129449-79.21452729---2010","https://mapsengine.google.com/06136759344167181854-06191489742681286724-4/wms/?version=1.3.0","41.2012944893","-79.2145272912","2010","Clarion","public","2","9","","11","other","81","","2","9","","11","other","81","","","","","","","","","","","","","","","","","","","","","","","","","","","","",""
"39.82245277-80.30142446---2010","https://mapsengine.google.com/06136759344167181854-06191489742681286724-4/wms/?version=1.3.0","39.8224527737","-80.3014244589","2010","Greene","public","","10","","10","other","100","","","10","","10","other","100","","","","","","","","","","","","","","","","","","","","","","","","","","","","",""
"39.89777504-80.07473497---2010","https://mapsengine.google.com/06136759344167181854-06191489742681286724-4/wms/?version=1.3.0","39.8977750396","-80.0747349685","2010","Greene","sweeper_internal","","1","","1","other","100","","3","6","1","10","other","60","","","","","","","","","","","","","","","","","1","","1","other","100","","","","","","","",""
"39.86825286-79.96108508---2010","https://mapsengine.google.com/06136759344167181854-06191489742681286724-4/wms/?version=1.3.0","39.8682528589","-79.9610850786","2010","Greene","public","","10","","10","other","100","","","10","","10","other","100","","","","","","","","","","","","","","","","","","","","","","","","","","","","",""
"41.79172242-78.17204316---2008","https://mapsengine.google.com/06136759344167181854-00219351362547715467-4/wms/?version=1.3.0","41.7917224181","-78.172043155","2008","Potter","final_internal","","3","","3","other","100","","","","1","1","unknown","100","","","","","","","","","","3","","3","other","100","","","","","","","","","","","","","","",""
"39.94568899-80.02396698---2008","https://mapsengine.google.com/06136759344167181854-00219351362547715467-4/wms/?version=1.3.0","39.9456889898","-80.0239669846","2008","Greene","sweeper_internal","","1","","1","other","100","","","7","3","10","other","70","","","3","","3","other","100","","","","","","","","","","1","","1","other","100","","","","","","","",""
"41.70894385-76.00778039---2010","https://mapsengine.google.com/06136759344167181854-06191489742681286724-4/wms/?version=1.3.0","41.70894385","-76.00778039","2010","Susquehanna","first_internal","","3","","3","other","100","","","10","","10","other","100","","","3","","3","other","100","","","","","","","","","","","","","","","","","","","","","",""
"40.28611733-80.30650514---2010","https://mapsengine.google.com/06136759344167181854-06191489742681286724-4/wms/?version=1.3.0","40.2861173283","-80.3065051362","2010","Washington","public","1","9","","10","other","90","","1","9","","10","other","90","","","","","","","","","","","","","","","","","","","","","","","","","","","","",""
"39.90903479-79.96973941---2008","https://mapsengine.google.com/06136759344167181854-00219351362547715467-4/wms/?version=1.3.0","39.9090347859","-79.9697394132","2008","Greene","first_internal","3","","","3","fracking","100","","10","","","10","fracking","100","","3","","","3","fracking","100","","","","","","","","","","","","","","","","","","","","","",""
"41.81720797-77.04948152---2005","https://mapsengine.google.com/06136759344167181854-15960346301379896183-4/wms/?version=1.3.0","41.8172079702","-77.0494815202","2005","Tioga","missing_internal","","1","","1","other","100","","","","","","fracking|unknown|other","","","","","","","","","","","","","","","","","","","","","","","","","1","","1","other","100",""
"41.715052-76.41601824---2005","https://mapsengine.google.com/06136759344167181854-15960346301379896183-4/wms/?version=1.3.0","41.7150520043","-76.4160182369","2005","Bradford","final_internal","","3","","3","other","100","","","1","","1","other","100","","","3","","3","other","100","","","3","","3","other","100","","","","","","","","","","","","","","",""
"41.91530276-76.92663251---2005","https://mapsengine.google.com/06136759344167181854-15960346301379896183-4/wms/?version=1.3.0","41.9153027603","-76.926632509","2005","Tioga","missing_internal","","1","","1","other","100","","","","","","fracking|unknown|other","","","","","","","","","","","","","","","","","","","","","","","","","1","","1","other","100",""
"41.77605595-76.11502591---2005","https://mapsengine.google.com/06136759344167181854-15960346301379896183-4/wms/?version=1.3.0","41.7760559505","-76.1150259051","2005","Susquehanna","final_internal","","3","","3","other","100","","","1","","1","other","100","","","3","","3","other","100","","","3","","3","other","100","","","","","","","","","","","","","","",""
"41.70820463-76.08543825---2005","https://mapsengine.google.com/06136759344167181854-15960346301379896183-4/wms/?version=1.3.0","41.7082046328","-76.0854382491","2005","Susquehanna","final_internal","","3","","3","other","100","","","1","","1","other","100","","","3","","3","other","100","","","3","","3","other","100","","","","","","","","","","","","","","",""
"39.94158285-80.0344962---2008","https://mapsengine.google.com/06136759344167181854-00219351362547715467-4/wms/?version=1.3.0","39.9415828472","-80.0344961977","2008","Greene","first_internal","","3","","3","other","100","","1","8","1","10","other","80","","","3","","3","other","100","","","","","","","","","","","","","","","","","","","","","",""
"41.07201146-77.97444126---2008","https://mapsengine.google.com/06136759344167181854-00219351362547715467-4/wms/?version=1.3.0","41.0720114608","-77.9744412617","2008","Centre","final_internal","","3","","3","other","100","","","1","","1","other","100","","","","","","","","","","3","","3","other","100","","","","","","","","","","","","","","",""
"40.88159001-79.72617702---2005","https://mapsengine.google.com/06136759344167181854-15960346301379896183-4/wms/?version=1.3.0","40.8815900089","-79.7261770235","2005","Butler","final_internal","","3","","3","other","100","","","1","","1","other","100","","","","","","","","","","3","","3","other","100","","","","","","","","","","","","","","",""
"41.93576181-75.86902698---2010","https://mapsengine.google.com/06136759344167181854-06191489742681286724-4/wms/?version=1.3.0","41.93576181","-75.86902698","2010","Susquehanna","first_internal","","3","","3","other","100","","","10","","10","other","100","","","3","","3","other","100","","","","","","","","","","","","","","","","","","","","","",""
"39.90988321-80.0151129---2010","https://mapsengine.google.com/06136759344167181854-06191489742681286724-4/wms/?version=1.3.0","39.90988321","-80.0151128981","2010","Greene","public","2","8","","10","other","80","","2","8","","10","other","80","","","","","","","","","","","","","","","","","","","","","","","","","","","","",""
"40.26752597-80.37901461---2010","https://mapsengine.google.com/06136759344167181854-06191489742681286724-4/wms/?version=1.3.0","40.2675259716","-80.3790146078","2010","Washington","public","","10","","10","other","100","","","10","","10","other","100","","","","","","","","","","","","","","","","","","","","","","","","","","","","",""
"39.89976052-79.99275813---2008","https://mapsengine.google.com/06136759344167181854-00219351362547715467-4/wms/?version=1.3.0","39.899760519","-79.9927581313","2008","Greene","sweeper_internal","","1","","1","other","100","","2","5","3","10","other","50","","1","2","","3","other","66","","","","","","","","","","1","","1","other","100","","","","","","","",""
"41.80425432-75.8274238---2010","https://mapsengine.google.com/06136759344167181854-06191489742681286724-4/wms/?version=1.3.0","41.80425432","-75.8274238","2010","Susquehanna","first_internal","","3","","3","other","100","","","10","","10","other","100","","","3","","3","other","100","","","","","","","","","","","","","","","","","","","","","",""
"41.72875833-75.89882297---2008","https://mapsengine.google.com/06136759344167181854-00219351362547715467-4/wms/?version=1.3.0","41.7287583283","-75.8988229722","2008","Susquehanna","final_internal","","4","","4","other","100","","","1","","1","other","100","","","3","","3","other","100","","","4","","4","other","100","","","","","","","","","","","","","","",""
"41.75247369-76.62873851---2005","https://mapsengine.google.com/06136759344167181854-15960346301379896183-4/wms/?version=1.3.0","41.7524736904","-76.628738513","2005","Bradford","final_internal","","3","","3","other","100","","","1","","1","other","100","","","3","","3","other","100","","","3","","3","other","100","","","","","","","","","","","","","","",""
"41.77128232-76.68097904---2008","https://mapsengine.google.com/06136759344167181854-00219351362547715467-4/wms/?version=1.3.0","41.771282318","-76.680979041","2008","Bradford","final_internal","","3","","3","other","100","","","1","","1","other","100","","","3","","3","other","100","","","3","","3","other","100","","","","","","","","","","","","","","",""
"41.90695166-76.85410033---2008","https://mapsengine.google.com/06136759344167181854-00219351362547715467-4/wms/?version=1.3.0","41.9069516607","-76.8541003278","2008","Bradford","final_internal","","3","","3","other","100","","","1","","1","other","100","","","2","1","3","other","66","","","3","","3","other","100","","","","","","","","","","","","","","",""
"41.70091932-75.9578589---2008","https://mapsengine.google.com/06136759344167181854-00219351362547715467-4/wms/?version=1.3.0","41.7009193208","-75.9578588961","2008","Susquehanna","final_internal","","3","","3","other","100","","","1","","1","other","100","","","3","","3","other","100","","","3","","3","other","100","","","","","","","","","","","","","","",""
"41.42763635-76.91417583---2005","https://mapsengine.google.com/06136759344167181854-15960346301379896183-4/wms/?version=1.3.0","41.4276363455","-76.9141758268","2005","Lycoming","missing_internal","","1","","1","other","100","","","","","","fracking|unknown|other","","","","","","","","","","","","","","","","","","","","","","","","","1","","1","other","100",""
"40.15592335-79.74480588---2010","https://mapsengine.google.com/06136759344167181854-06191489742681286724-4/wms/?version=1.3.0","40.1559233523","-79.7448058758","2010","Westmoreland","public","","11","","11","other","100","","","11","","11","other","100","","","","","","","","","","","","","","","","","","","","","","","","","","","","",""
"40.79066091-79.49420045---2010","https://mapsengine.google.com/06136759344167181854-06191489742681286724-4/wms/?version=1.3.0","40.7906609118","-79.4942004456","2010","Armstrong","public","","13","","13","other","100","","","13","","13","other","100","","","","","","","","","","","","","","","","","","","","","","","","","","","","",""
"40.6758722-79.74635698---2010","https://mapsengine.google.com/06136759344167181854-06191489742681286724-4/wms/?version=1.3.0","40.6758721975","-79.7463569766","2010","Butler","sweeper_internal","","1","","1","other","100","","4","7","1","12","other","58","","","","","","","","","","","","","","","","","1","","1","other","100","","","","","","","",""
"40.37226438-79.33054184---2010","https://mapsengine.google.com/06136759344167181854-06191489742681286724-4/wms/?version=1.3.0","40.3722643785","-79.330541839","2010","Westmoreland","public","12","","","12","fracking","100","","12","","","12","fracking","100","","","","","","","","","","","","","","","","","","","","","","","","","","","","",""
"41.75707646-75.94233764---2008","https://mapsengine.google.com/06136759344167181854-00219351362547715467-4/wms/?version=1.3.0","41.7570764644","-75.9423376434","2008","Susquehanna","final_internal","","3","","3","other","100","","","1","","1","other","100","","","3","","3","other","100","","","3","","3","other","100","","","","","","","","","","","","","","",""
"40.27147168-80.35575843---2008","https://mapsengine.google.com/06136759344167181854-00219351362547715467-4/wms/?version=1.3.0","40.2714716828","-80.3557584343","2008","Washington","first_internal","","3","","3","other","100","","1","3","4","8","unknown","50","","","3","","3","other","100","","","","","","","","","","","","","","","","","","","","","",""
"40.24638846-80.38149762---2008","https://mapsengine.google.com/06136759344167181854-00219351362547715467-4/wms/?version=1.3.0","40.2463884608","-80.3814976239","2008","Washington","first_internal","1","2","","3","other","66","","7","","1","8","fracking","87","","1","2","","3","other","66","","","","","","","","","","","","","","","","","","","","","",""
"39.80551731-79.52044077---2010","https://mapsengine.google.com/06136759344167181854-06191489742681286724-4/wms/?version=1.3.0","39.805517307","-79.5204407729","2010","Fayette","sweeper_internal","","1","","1","other","100","","3","4","3","10","other","40","","","","","","","","","","","","","","","","","1","","1","other","100","","","","","","","",""
"41.56783997-76.10202939---2005","https://mapsengine.google.com/06136759344167181854-15960346301379896183-4/wms/?version=1.3.0","41.5678399729","-76.1020293861","2005","Wyoming","final_internal","","3","","3","other","100","","","1","","1","other","100","","","3","","3","other","100","","","3","","3","other","100","","","","","","","","","","","","","","",""
"41.8738292-76.68294686---2008","https://mapsengine.google.com/06136759344167181854-00219351362547715467-4/wms/?version=1.3.0","41.8738292013","-76.6829468589","2008","Bradford","final_internal","","3","","3","other","100","","","1","","1","other","100","","","3","","3","other","100","","","3","","3","other","100","","","","","","","","","","","","","","",""
"40.22844262-79.76352978---2008","https://mapsengine.google.com/06136759344167181854-00219351362547715467-4/wms/?version=1.3.0","40.2284426154","-79.7635297801","2008","Westmoreland","final_internal","","4","","4","other","100","","","1","","1","other","100","","","","","","","","","","4","","4","other","100","","","","","","","","","","","","","","",""
"40.89218963-79.51672839---2010","https://mapsengine.google.com/06136759344167181854-06191489742681286724-4/wms/?version=1.3.0","40.8921896325","-79.5167283929","2010","Armstrong","public","","10","","10","other","100","","","10","","10","other","100","","","","","","","","","","","","","","","","","","","","","","","","","","","","",""
"41.27132409-76.66153183---2010","https://mapsengine.google.com/06136759344167181854-06191489742681286724-4/wms/?version=1.3.0","41.271324093","-76.661531826","2010","Lycoming","sweeper_internal","","1","","1","other","100","","6","2","3","11","fracking","54","","","","","","","","","","","","","","","","","1","","1","other","100","","","","","","","",""
"41.73117242-75.92158709---2008","https://mapsengine.google.com/06136759344167181854-00219351362547715467-4/wms/?version=1.3.0","41.7311724153","-75.9215870863","2008","Susquehanna","final_internal","3","","","3","fracking","100","","1","","","1","fracking","100","","1","2","","3","other","66","","3","","","3","fracking","100","","","","","","","","","","","","","","",""
"40.78020509-80.03598386---2005","https://mapsengine.google.com/06136759344167181854-15960346301379896183-4/wms/?version=1.3.0","40.780205088","-80.0359838618","2005","Butler","final_internal","","3","","3","other","100","","","","1","1","unknown","100","","","","","","","","","","3","","3","other","100","","","","","","","","","","","","","","",""
"41.70021939-76.77985733---2005","https://mapsengine.google.com/06136759344167181854-15960346301379896183-4/wms/?version=1.3.0","41.7002193869","-76.779857329","2005","Bradford","final_internal","","3","","3","other","100","","","1","","1","other","100","","","3","","3","other","100","","","3","","3","other","100","","","","","","","","","","","","","","",""
"39.7648825-79.88395317---2010","https://mapsengine.google.com/06136759344167181854-06191489742681286724-4/wms/?version=1.3.0","39.7648824988","-79.8839531654","2010","Fayette","sweeper_internal","","1","","1","other","100","","1","7","3","11","other","63","","","","","","","","","","","","","","","","","1","","1","other","100","","","","","","","",""
"39.92050941-79.8480646---2005","https://mapsengine.google.com/06136759344167181854-15960346301379896183-4/wms/?version=1.3.0","39.9205094054","-79.8480646028","2005","Fayette","final_internal","","3","","3","other","100","","","1","","1","other","100","","","","","","","","","","3","","3","other","100","","","","","","","","","","","","","","",""
"39.86477319-80.02061369---2005","https://mapsengine.google.com/06136759344167181854-15960346301379896183-4/wms/?version=1.3.0","39.8647731894","-80.0206136878","2005","Greene","final_internal","1","2","","3","other","66","","","","1","1","unknown","100","","","","","","","","","1","2","","3","other","66","","","","","","","","","","","","","","",""
"41.71812972-76.14394547---2010","https://mapsengine.google.com/06136759344167181854-06191489742681286724-4/wms/?version=1.3.0","41.71812972","-76.14394547","2010","Bradford","first_internal","","3","","3","other","100","","","10","","10","other","100","","","3","","3","other","100","","","","","","","","","","","","","","","","","","","","","",""
"41.69770128-76.8438221---2005","https://mapsengine.google.com/06136759344167181854-15960346301379896183-4/wms/?version=1.3.0","41.6977012817","-76.8438221049","2005","Bradford","final_internal","","3","","3","other","100","","","1","","1","other","100","","","3","","3","other","100","","","3","","3","other","100","","","","","","","","","","","","","","",""
"41.04161505-79.34496234---2010","https://mapsengine.google.com/06136759344167181854-06191489742681286724-4/wms/?version=1.3.0","41.0416150533","-79.344962337","2010","Clarion","public","","9","1","10","other","90","","","9","1","10","other","90","","","","","","","","","","","","","","","","","","","","","","","","","","","","",""
"41.7319798-76.81306481---2005","https://mapsengine.google.com/06136759344167181854-15960346301379896183-4/wms/?version=1.3.0","41.7319798022","-76.8130648064","2005","Bradford","final_internal","","3","","3","other","100","","","1","","1","other","100","","","3","","3","other","100","","","3","","3","other","100","","","","","","","","","","","","","","",""
"39.87778057-79.99013566---2008","https://mapsengine.google.com/06136759344167181854-00219351362547715467-4/wms/?version=1.3.0","39.877780573","-79.9901356567","2008","Greene","first_internal","","3","","3","other","100","","","10","","10","other","100","","","3","","3","other","100","","","","","","","","","","","","","","","","","","","","","",""
"41.58743015-76.98151871---2008","https://mapsengine.google.com/06136759344167181854-00219351362547715467-4/wms/?version=1.3.0","41.5874301493","-76.981518707","2008","Tioga","final_internal","","3","","3","other","100","","","1","","1","other","100","","","","","","","","","","3","","3","other","100","","","","","","","","","","","","","","",""
"40.29398067-80.24554624---2005","https://mapsengine.google.com/06136759344167181854-15960346301379896183-4/wms/?version=1.3.0","40.2939806731","-80.2455462364","2005","Washington","final_internal","","3","","3","other","100","","","1","","1","other","100","","","","","","","","","","3","","3","other","100","","","","","","","","","","","","","","",""
"41.72171895-76.06954226---2010","https://mapsengine.google.com/06136759344167181854-06191489742681286724-4/wms/?version=1.3.0","41.72171895","-76.06954226","2010","Susquehanna","first_internal","","3","","3","other","100","","","10","","10","other","100","","","3","","3","other","100","","","","","","","","","","","","","","","","","","","","","",""
"40.29597276-79.63623848---2008","https://mapsengine.google.com/06136759344167181854-00219351362547715467-4/wms/?version=1.3.0","40.2959727628","-79.6362384768","2008","Westmoreland","first_internal","","3","","3","other","100","","1","","","1","fracking","100","","","3","","3","other","100","","","","","","","","","","","","","","","","","","","","","",""
"39.93386308-79.96728323---2008","https://mapsengine.google.com/06136759344167181854-00219351362547715467-4/wms/?version=1.3.0","39.9338630836","-79.9672832288","2008","Greene","first_internal","3","","","3","fracking","100","","9","","1","10","fracking","90","","3","","","3","fracking","100","","","","","","","","","","","","","","","","","","","","","",""
"39.82522985-80.50291045---2010","https://mapsengine.google.com/06136759344167181854-06191489742681286724-4/wms/?version=1.3.0","39.8252298465","-80.5029104464","2010","Greene","public","1","9","","10","other","90","","1","9","","10","other","90","","","","","","","","","","","","","","","","","","","","","","","","","","","","",""
"41.55096919-76.47117139---2010","https://mapsengine.google.com/06136759344167181854-06191489742681286724-4/wms/?version=1.3.0","41.55096919","-76.47117139","2010","Sullivan","first_internal","","3","","3","other","100","","","11","","11","other","100","","","3","","3","other","100","","","","","","","","","","","","","","","","","","","","","",""
"40.08749825-79.83911786---2005","https://mapsengine.google.com/06136759344167181854-15960346301379896183-4/wms/?version=1.3.0","40.0874982541","-79.8391178619","2005","Fayette","final_internal","","3","","3","other","100","","","1","","1","other","100","","","","","","","","","","3","","3","other","100","","","","","","","","","","","","","","",""
"41.70727718-76.81214484---2010","https://mapsengine.google.com/06136759344167181854-06191489742681286724-4/wms/?version=1.3.0","41.70727718","-76.81214484","2010","Bradford","first_internal","","3","","3","other","100","","","10","","10","other","100","","","3","","3","other","100","","","","","","","","","","","","","","","","","","","","","",""
"41.69902607-75.91049607---2010","https://mapsengine.google.com/06136759344167181854-06191489742681286724-4/wms/?version=1.3.0","41.69902607","-75.91049607","2010","Susquehanna","first_internal","","3","","3","other","100","","1","9","","10","other","90","","","3","","3","other","100","","","","","","","","","","","","","","","","","","","","","",""
"41.41611936-78.27377622---2010","https://mapsengine.google.com/06136759344167181854-06191489742681286724-4/wms/?version=1.3.0","41.4161193581","-78.2737762169","2010","Cameron","sweeper_internal","","1","","1","other","100","","3","5","2","10","other","50","","","","","","","","","","","","","","","","","1","","1","other","100","","","","","","","",""
"40.3762741-79.33238985---2005","https://mapsengine.google.com/06136759344167181854-15960346301379896183-4/wms/?version=1.3.0","40.3762740972","-79.3323898492","2005","Westmoreland","final_internal","","3","","3","other","100","","","1","","1","other","100","","","","","","","","","","3","","3","other","100","","","","","","","","","","","","","","",""
"41.67854923-76.04490511---2005","https://mapsengine.google.com/06136759344167181854-15960346301379896183-4/wms/?version=1.3.0","41.6785492299","-76.0449051147","2005","Susquehanna","final_internal","","4","","4","other","100","","","1","","1","other","100","","","3","","3","other","100","","","4","","4","other","100","","","","","","","","","","","","","","",""
"41.73810166-77.16800967---2010","https://mapsengine.google.com/06136759344167181854-06191489742681286724-4/wms/?version=1.3.0","41.73810166","-77.1680096729","2010","Tioga","public","","10","","10","other","100","","","10","","10","other","100","","","","","","","","","","","","","","","","","","","","","","","","","","","","",""
"41.60171271-76.89486596---2008","https://mapsengine.google.com/06136759344167181854-00219351362547715467-4/wms/?version=1.3.0","41.6017127149","-76.8948659597","2008","Tioga","final_internal","3","","","3","fracking","100","","1","","","1","fracking","100","","","","","","","","","3","","","3","fracking","100","","","","","","","","","","","","","","",""
"41.00129195-79.44439043---2010","https://mapsengine.google.com/06136759344167181854-06191489742681286724-4/wms/?version=1.3.0","41.0012919458","-79.4443904304","2010","Clarion","public","","9","1","10","other","90","","","9","1","10","other","90","","","","","","","","","","","","","","","","","","","","","","","","","","","","",""
"40.87506517-79.52232148---2005","https://mapsengine.google.com/06136759344167181854-15960346301379896183-4/wms/?version=1.3.0","40.875065169","-79.5223214762","2005","Armstrong","final_internal","","3","","3","other","100","","","1","","1","other","100","","","","","","","","","","3","","3","other","100","","","","","","","","","","","","","","",""
"40.99269177-78.85766267---2005","https://mapsengine.google.com/06136759344167181854-15960346301379896183-4/wms/?version=1.3.0","40.9926917661","-78.857662668","2005","Jefferson","final_internal","","3","","3","other","100","","","1","","1","other","100","","","","","","","","","","3","","3","other","100","","","","","","","","","","","","","","",""
"41.68442845-76.06531912---2008","https://mapsengine.google.com/06136759344167181854-00219351362547715467-4/wms/?version=1.3.0","41.6844284507","-76.0653191162","2008","Susquehanna","final_internal","","3","","3","other","100","","","1","","1","other","100","","","3","","3","other","100","","","3","","3","other","100","","","","","","","","","","","","","","",""
"41.71288052-76.30444246---2008","https://mapsengine.google.com/06136759344167181854-00219351362547715467-4/wms/?version=1.3.0","41.71288052","-76.3044424608","2008","Bradford","final_internal","","4","","4","other","100","","","1","","1","other","100","","","3","","3","other","100","","","4","","4","other","100","","","","","","","","","","","","","","",""
"41.85347842-76.94480177---2008","https://mapsengine.google.com/06136759344167181854-00219351362547715467-4/wms/?version=1.3.0","41.8534784179","-76.9448017736","2008","Tioga","final_internal","","3","","3","other","100","","","1","","1","other","100","","","","","","","","","","3","","3","other","100","","","","","","","","","","","","","","",""
"40.50471957-79.5551684---2008","https://mapsengine.google.com/06136759344167181854-00219351362547715467-4/wms/?version=1.3.0","40.5047195749","-79.5551684016","2008","Westmoreland","first_internal","","3","","3","other","100","","","1","","1","other","100","","","3","","3","other","100","","","","","","","","","","","","","","","","","","","","","",""
"39.82596318-80.49801321---2010","https://mapsengine.google.com/06136759344167181854-06191489742681286724-4/wms/?version=1.3.0","39.8259631758","-80.498013208","2010","Greene","sweeper_internal","","1","","1","other","100","","3","4","3","10","other","40","","","","","","","","","","","","","","","","","1","","1","other","100","","","","","","","",""
"40.49941404-79.54954973---2008","https://mapsengine.google.com/06136759344167181854-00219351362547715467-4/wms/?version=1.3.0","40.4994140372","-79.5495497319","2008","Westmoreland","final_internal","","4","","4","other","100","","","1","","1","other","100","","","","","","","","","","4","","4","other","100","","","","","","","","","","","","","","",""
"40.2794242-80.33033141---2010","https://mapsengine.google.com/06136759344167181854-06191489742681286724-4/wms/?version=1.3.0","40.2794241962","-80.3303314128","2010","Washington","public","","10","","10","other","100","","","10","","10","other","100","","","","","","","","","","","","","","","","","","","","","","","","","","","","",""
"41.796804-77.15315441---2010","https://mapsengine.google.com/06136759344167181854-06191489742681286724-4/wms/?version=1.3.0","41.7968040046","-77.1531544068","2010","Tioga","public","","11","","11","other","100","","","11","","11","other","100","","","","","","","","","","","","","","","","","","","","","","","","","","","","",""
"41.70598966-76.99275031---2010","https://mapsengine.google.com/06136759344167181854-06191489742681286724-4/wms/?version=1.3.0","41.7059896598","-76.9927503146","2010","Tioga","sweeper_internal","","1","","1","other","100","","4","3","3","10","fracking","40","","","","","","","","","","","","","","","","","1","","1","other","100","","","","","","","",""
"39.91109314-79.86442842---2010","https://mapsengine.google.com/06136759344167181854-06191489742681286724-4/wms/?version=1.3.0","39.9110931447","-79.8644284205","2010","Fayette","public","","10","","10","other","100","","","10","","10","other","100","","","","","","","","","","","","","","","","","","","","","","","","","","","","",""
"41.75780822-75.94106843---2008","https://mapsengine.google.com/06136759344167181854-00219351362547715467-4/wms/?version=1.3.0","41.7578082199","-75.9410684283","2008","Susquehanna","final_internal","","3","","3","other","100","","","1","","1","other","100","","","3","","3","other","100","","","3","","3","other","100","","","","","","","","","","","","","","",""
"41.60838385-76.37384948---2010","https://mapsengine.google.com/06136759344167181854-06191489742681286724-4/wms/?version=1.3.0","41.60838385","-76.37384948","2010","Bradford","first_internal","2","1","","3","fracking","66","","8","2","","10","fracking","80","","2","1","","3","fracking","66","","","","","","","","","","","","","","","","","","","","","",""
"40.13121502-80.18778497---2010","https://mapsengine.google.com/06136759344167181854-06191489742681286724-4/wms/?version=1.3.0","40.1312150208","-80.1877849689","2010","Washington","public","8","1","1","10","fracking","80","","8","1","1","10","fracking","80","","","","","","","","","","","","","","","","","","","","","","","","","","","","",""
"39.72890315-80.03143877---2008","https://mapsengine.google.com/06136759344167181854-00219351362547715467-4/wms/?version=1.3.0","39.7289031521","-80.0314387666","2008","Greene","first_internal","","3","","3","other","100","","1","9","","10","other","90","","","3","","3","other","100","","","","","","","","","","","","","","","","","","","","","",""
"40.26046719-80.34916462---2008","https://mapsengine.google.com/06136759344167181854-00219351362547715467-4/wms/?version=1.3.0","40.2604671909","-80.3491646217","2008","Washington","first_internal","","3","","3","other","100","","","8","","8","other","100","","","3","","3","other","100","","","","","","","","","","","","","","","","","","","","","",""
"41.70039205-76.74094729---2010","https://mapsengine.google.com/06136759344167181854-06191489742681286724-4/wms/?version=1.3.0","41.70039205","-76.74094729","2010","Bradford","first_internal","","3","","3","other","100","","1","9","","10","other","90","","","3","","3","other","100","","","","","","","","","","","","","","","","","","","","","",""
"41.71419194-76.04500895---2008","https://mapsengine.google.com/06136759344167181854-00219351362547715467-4/wms/?version=1.3.0","41.7141919384","-76.0450089485","2008","Susquehanna","final_internal","","3","","3","other","100","","","1","","1","other","100","","","3","","3","other","100","","","3","","3","other","100","","","","","","","","","","","","","","",""
"40.62687792-79.36299203---2008","https://mapsengine.google.com/06136759344167181854-00219351362547715467-4/wms/?version=1.3.0","40.6268779154","-79.3629920255","2008","Armstrong","first_internal","","3","","3","other","100","","","7","","7","other","100","","","3","","3","other","100","","","","","","","","","","","","","","","","","","","","","",""
"41.61773096-76.44569009---2008","https://mapsengine.google.com/06136759344167181854-00219351362547715467-4/wms/?version=1.3.0","41.6177309583","-76.4456900917","2008","Bradford","final_internal","","3","","3","other","100","","","1","","1","other","100","","","3","","3","other","100","","","3","","3","other","100","","","","","","","","","","","","","","",""
"41.70378492-75.9238694---2005","https://mapsengine.google.com/06136759344167181854-15960346301379896183-4/wms/?version=1.3.0","41.7037849241","-75.9238694032","2005","Susquehanna","final_internal","","3","","3","other","100","","","1","","1","other","100","","","3","","3","other","100","","","3","","3","other","100","","","","","","","","","","","","","","",""
"41.7003958-76.44312927---2010","https://mapsengine.google.com/06136759344167181854-06191489742681286724-4/wms/?version=1.3.0","41.7003958","-76.44312927","2010","Bradford","first_internal","","3","","3","other","100","","1","12","1","14","other","85","","","3","","3","other","100","","","","","","","","","","","","","","","","","","","","","",""
"41.45924016-76.39508153---2008","https://mapsengine.google.com/06136759344167181854-00219351362547715467-4/wms/?version=1.3.0","41.4592401553","-76.3950815326","2008","Sullivan","final_internal","","3","","3","other","100","","","1","","1","other","100","","","3","","3","other","100","","","3","","3","other","100","","","","","","","","","","","","","","",""
"41.30419564-79.34883069---2008","https://mapsengine.google.com/06136759344167181854-00219351362547715467-4/wms/?version=1.3.0","41.3041956382","-79.348830692","2008","Clarion","sweeper_internal","1","","","1","fracking","100","","7","1","2","10","fracking","70","","2","","1","3","fracking","66","","","","","","","","","1","","","1","fracking","100","","","","","","","",""
"40.00635463-80.29205743---2005","https://mapsengine.google.com/06136759344167181854-15960346301379896183-4/wms/?version=1.3.0","40.0063546325","-80.2920574288","2005","Greene","final_internal","","3","","3","other","100","","","1","","1","other","100","","","","","","","","","","3","","3","other","100","","","","","","","","","","","","","","",""
"41.67647307-76.26291582---2008","https://mapsengine.google.com/06136759344167181854-00219351362547715467-4/wms/?version=1.3.0","41.6764730712","-76.2629158225","2008","Bradford","final_internal","","3","","3","other","100","","","1","","1","other","100","","","3","","3","other","100","","","3","","3","other","100","","","","","","","","","","","","","","",""
"41.19843964-77.67996014---2008","https://mapsengine.google.com/06136759344167181854-00219351362547715467-4/wms/?version=1.3.0","41.1984396419","-77.6799601424","2008","Clinton","sweeper_internal","","1","","1","other","100","","1","","","1","fracking","100","","","","","","","","","1","1","1","3","fracking|unknown|other","","33|33|33","","1","","1","other","100","","","","","","","",""
"41.78391047-77.01485657---2010","https://mapsengine.google.com/06136759344167181854-06191489742681286724-4/wms/?version=1.3.0","41.7839104695","-77.0148565667","2010","Tioga","public","","11","","11","other","100","","","11","","11","other","100","","","","","","","","","","","","","","","","","","","","","","","","","","","","",""
"41.34801375-77.27086583---2010","https://mapsengine.google.com/06136759344167181854-06191489742681286724-4/wms/?version=1.3.0","41.3480137462","-77.2708658302","2010","Lycoming","public","","11","","11","other","100","","","11","","11","other","100","","","","","","","","","","","","","","","","","","","","","","","","","","","","",""
"41.87123947-77.91747178---2010","https://mapsengine.google.com/06136759344167181854-06191489742681286724-4/wms/?version=1.3.0","41.8712394679","-77.9174717846","2010","Potter","public","10","","1","11","fracking","90","","10","","1","11","fracking","90","","","","","","","","","","","","","","","","","","","","","","","","","","","","",""
"40.8738924-79.52509838---2005","https://mapsengine.google.com/06136759344167181854-15960346301379896183-4/wms/?version=1.3.0","40.8738924038","-79.5250983793","2005","Armstrong","final_internal","","3","","3","other","100","","","1","","1","other","100","","","","","","","","","","3","","3","other","100","","","","","","","","","","","","","","",""
"40.45535829-80.34270875---2008","https://mapsengine.google.com/06136759344167181854-00219351362547715467-4/wms/?version=1.3.0","40.4553582938","-80.342708754","2008","Washington","first_internal","","3","","3","other","100","","","7","1","8","other","87","","","3","","3","other","100","","","","","","","","","","","","","","","","","","","","","",""
"41.59746675-77.09696868---2008","https://mapsengine.google.com/06136759344167181854-00219351362547715467-4/wms/?version=1.3.0","41.5974667465","-77.096968684","2008","Tioga","final_internal","","3","","3","other","100","","","1","","1","other","100","","","","","","","","","","3","","3","other","100","","","","","","","","","","","","","","",""
"41.79290239-76.58325445---2005","https://mapsengine.google.com/06136759344167181854-15960346301379896183-4/wms/?version=1.3.0","41.7929023947","-76.5832544522","2005","Bradford","final_internal","","3","","3","other","100","","","1","","1","other","100","","","3","","3","other","100","","","3","","3","other","100","","","","","","","","","","","","","","",""
"39.87218484-80.00510873---2010","https://mapsengine.google.com/06136759344167181854-06191489742681286724-4/wms/?version=1.3.0","39.8721848373","-80.0051087271","2010","Greene","public","10","","","10","fracking","100","","10","","","10","fracking","100","","","","","","","","","","","","","","","","","","","","","","","","","","","","",""
"41.84789962-77.08101471---2008","https://mapsengine.google.com/06136759344167181854-00219351362547715467-4/wms/?version=1.3.0","41.8478996217","-77.0810147063","2008","Tioga","final_internal","","3","","3","other","100","","","1","","1","other","100","","","","","","","","","","3","","3","other","100","","","","","","","","","","","","","","",""
"39.858258-79.97808437---2008","https://mapsengine.google.com/06136759344167181854-00219351362547715467-4/wms/?version=1.3.0","39.8582579996","-79.9780843698","2008","Greene","first_internal","","3","","3","other","100","","","9","1","10","other","90","","","3","","3","other","100","","","","","","","","","","","","","","","","","","","","","",""
"39.91637573-79.86835734---2008","https://mapsengine.google.com/06136759344167181854-00219351362547715467-4/wms/?version=1.3.0","39.9163757291","-79.8683573429","2008","Fayette","first_internal","3","","","3","fracking","100","","10","","","10","fracking","100","","3","","","3","fracking","100","","","","","","","","","","","","","","","","","","","","","",""
"40.28340471-80.31550912---2008","https://mapsengine.google.com/06136759344167181854-00219351362547715467-4/wms/?version=1.3.0","40.283404708","-80.315509118","2008","Washington","first_internal","","3","","3","other","100","","","10","","10","other","100","","","3","","3","other","100","","","","","","","","","","","","","","","","","","","","","",""
"41.69262207-75.94498602---2008","https://mapsengine.google.com/06136759344167181854-00219351362547715467-4/wms/?version=1.3.0","41.6926220749","-75.9449860225","2008","Susquehanna","final_internal","","3","","3","other","100","","","1","","1","other","100","","","3","","3","other","100","","","3","","3","other","100","","","","","","","","","","","","","","",""
"40.83189143-79.66253061---2005","https://mapsengine.google.com/06136759344167181854-15960346301379896183-4/wms/?version=1.3.0","40.8318914349","-79.6625306148","2005","Armstrong","final_internal","","3","","3","other","100","","","","1","1","unknown","100","","","","","","","","","","3","","3","other","100","","","","","","","","","","","","","","",""
"41.55833127-77.06610129---2005","https://mapsengine.google.com/06136759344167181854-15960346301379896183-4/wms/?version=1.3.0","41.5583312674","-77.0661012943","2005","Tioga","final_internal","","3","","3","other","100","","","1","","1","other","100","","","","","","","","","","3","","3","other","100","","","","","","","","","","","","","","",""
"41.80756463-76.94862455---2010","https://mapsengine.google.com/06136759344167181854-06191489742681286724-4/wms/?version=1.3.0","41.8075646273","-76.948624546","2010","Tioga","public","","11","","11","other","100","","","11","","11","other","100","","","","","","","","","","","","","","","","","","","","","","","","","","","","",""
"39.79884308-80.01099958---2010","https://mapsengine.google.com/06136759344167181854-06191489742681286724-4/wms/?version=1.3.0","39.7988430828","-80.0109995815","2010","Greene","public","","9","1","10","other","90","","","9","1","10","other","90","","","","","","","","","","","","","","","","","","","","","","","","","","","","",""
"40.15554327-79.74938062---2010","https://mapsengine.google.com/06136759344167181854-06191489742681286724-4/wms/?version=1.3.0","40.1555432723","-79.7493806169","2010","Westmoreland","sweeper_internal","1","","","1","fracking","100","","6","2","2","10","fracking","60","","","","","","","","","","","","","","","","1","","","1","fracking","100","","","","","","","",""
"40.754501-79.72573502---2010","https://mapsengine.google.com/06136759344167181854-06191489742681286724-4/wms/?version=1.3.0","40.754500997","-79.7257350238","2010","Butler","public","19","1","2","22","fracking","86","","19","1","2","22","fracking","86","","","","","","","","","","","","","","","","","","","","","","","","","","","","",""
"41.78817607-75.96518973---2008","https://mapsengine.google.com/06136759344167181854-00219351362547715467-4/wms/?version=1.3.0","41.7881760689","-75.9651897344","2008","Susquehanna","final_internal","","4","","4","other","100","","","1","","1","other","100","","","3","","3","other","100","","","4","","4","other","100","","","","","","","","","","","","","","",""
"41.77468686-76.22526212---2010","https://mapsengine.google.com/06136759344167181854-06191489742681286724-4/wms/?version=1.3.0","41.77468686","-76.22526212","2010","Bradford","first_internal","","3","","3","other","100","","","9","1","10","other","90","","","3","","3","other","100","","","","","","","","","","","","","","","","","","","","","",""
"40.62504015-79.36048446---2008","https://mapsengine.google.com/06136759344167181854-00219351362547715467-4/wms/?version=1.3.0","40.6250401481","-79.3604844623","2008","Armstrong","first_internal","","3","","3","other","100","","","6","","6","other","100","","","3","","3","other","100","","","","","","","","","","","","","","","","","","","","","",""
"41.7955978-77.01781808---2008","https://mapsengine.google.com/06136759344167181854-00219351362547715467-4/wms/?version=1.3.0","41.7955978026","-77.0178180809","2008","Tioga","final_internal","","3","","3","other","100","","","1","","1","other","100","","","","","","","","","","3","","3","other","100","","","","","","","","","","","","","","",""
"41.89141599-75.40475129---2010","https://mapsengine.google.com/06136759344167181854-06191489742681286724-4/wms/?version=1.3.0","41.89141599","-75.40475129","2010","Wayne","first_internal","","3","","3","other","100","","","13","","13","other","100","","","3","","3","other","100","","","","","","","","","","","","","","","","","","","","","",""
"41.11020094-78.97119176---2010","https://mapsengine.google.com/06136759344167181854-06191489742681286724-4/wms/?version=1.3.0","41.1102009367","-78.9711917578","2010","Jefferson","public","","10","","10","other","100","","","10","","10","other","100","","","","","","","","","","","","","","","","","","","","","","","","","","","","",""
"41.70043382-76.44331619---2008","https://mapsengine.google.com/06136759344167181854-00219351362547715467-4/wms/?version=1.3.0","41.7004338228","-76.4433161913","2008","Bradford","final_internal","","3","","3","other","100","","","1","","1","other","100","","","3","","3","other","100","","","3","","3","other","100","","","","","","","","","","","","","","",""
"39.87349482-79.99621232---2005","https://mapsengine.google.com/06136759344167181854-15960346301379896183-4/wms/?version=1.3.0","39.8734948171","-79.9962123206","2005","Greene","final_internal","","3","","3","other","100","","","1","","1","other","100","","","","","","","","","","3","","3","other","100","","","","","","","","","","","","","","",""
"41.8215998-76.89744125---2005","https://mapsengine.google.com/06136759344167181854-15960346301379896183-4/wms/?version=1.3.0","41.821599798","-76.8974412463","2005","Bradford","final_internal","","3","","3","other","100","","","1","","1","other","100","","","3","","3","other","100","","","3","","3","other","100","","","","","","","","","","","","","","",""
"41.63944668-76.38626991---2010","https://mapsengine.google.com/06136759344167181854-06191489742681286724-4/wms/?version=1.3.0","41.63944668","-76.38626991","2010","Bradford","first_internal","","3","","3","other","100","","","12","","12","other","100","","","3","","3","other","100","","","","","","","","","","","","","","","","","","","","","",""
"41.62030016-76.81954538---2005","https://mapsengine.google.com/06136759344167181854-15960346301379896183-4/wms/?version=1.3.0","41.620300155","-76.8195453833","2005","Bradford","final_internal","","3","","3","other","100","","","1","","1","other","100","","","3","","3","other","100","","","3","","3","other","100","","","","","","","","","","","","","","",""
"39.76807225-80.00480281---2010","https://mapsengine.google.com/06136759344167181854-06191489742681286724-4/wms/?version=1.3.0","39.7680722456","-80.004802808","2010","Greene","public","10","","","10","fracking","100","","10","","","10","fracking","100","","","","","","","","","","","","","","","","","","","","","","","","","","","","",""
"40.75363862-79.78335832---2010","https://mapsengine.google.com/06136759344167181854-06191489742681286724-4/wms/?version=1.3.0","40.7536386222","-79.7833583223","2010","Butler","sweeper_internal","1","","","1","fracking","100","","8","6","3","17","fracking","47","","","","","","","","","","","","","","","","1","","","1","fracking","100","","","","","","","",""
"40.2917795-79.64839232---2008","https://mapsengine.google.com/06136759344167181854-00219351362547715467-4/wms/?version=1.3.0","40.2917794961","-79.6483923178","2008","Westmoreland","final_internal","","3","","3","other","100","","1","","","1","fracking","100","","","","","","","","","","3","","3","other","100","","","","","","","","","","","","","","",""
"41.74740978-75.87263282---2008","https://mapsengine.google.com/06136759344167181854-00219351362547715467-4/wms/?version=1.3.0","41.7474097779","-75.8726328164","2008","Susquehanna","final_internal","","3","","3","other","100","","","1","","1","other","100","","","3","","3","other","100","","","3","","3","other","100","","","","","","","","","","","","","","",""
"41.68506971-78.62448395---2008","https://mapsengine.google.com/06136759344167181854-00219351362547715467-4/wms/?version=1.3.0","41.6850697058","-78.6244839502","2008","McKean","first_internal","","3","","3","other","100","","","10","","10","other","100","","","3","","3","other","100","","","","","","","","","","","","","","","","","","","","","",""
"39.96826649-79.98415653---2010","https://mapsengine.google.com/06136759344167181854-06191489742681286724-4/wms/?version=1.3.0","39.9682664858","-79.9841565339","2010","Fayette","public","1","9","","10","other","90","","1","9","","10","other","90","","","","","","","","","","","","","","","","","","","","","","","","","","","","",""
"41.9746823-77.56714617---2008","https://mapsengine.google.com/06136759344167181854-00219351362547715467-4/wms/?version=1.3.0","41.9746822952","-77.5671461676","2008","Tioga","final_internal","","3","","3","other","100","","","","1","1","unknown","100","","","","","","","","","","3","","3","other","100","","","","","","","","","","","","","","",""
"41.72852592-78.1688665---2010","https://mapsengine.google.com/06136759344167181854-06191489742681286724-4/wms/?version=1.3.0","41.7285259205","-78.1688664988","2010","Potter","public","11","","1","12","fracking","91","","11","","1","12","fracking","91","","","","","","","","","","","","","","","","","","","","","","","","","","","","",""
"40.20051599-80.35075566---2008","https://mapsengine.google.com/06136759344167181854-00219351362547715467-4/wms/?version=1.3.0","40.2005159861","-80.3507556583","2008","Washington","first_internal","","3","","3","other","100","","1","7","","8","other","87","","","3","","3","other","100","","","","","","","","","","","","","","","","","","","","","",""
"41.87892602-77.66392527---2010","https://mapsengine.google.com/06136759344167181854-06191489742681286724-4/wms/?version=1.3.0","41.8789260211","-77.6639252677","2010","Potter","public","","10","1","11","other","90","","","10","1","11","other","90","","","","","","","","","","","","","","","","","","","","","","","","","","","","",""
"41.74215292-75.91017752---2010","https://mapsengine.google.com/06136759344167181854-06191489742681286724-4/wms/?version=1.3.0","41.742152917","-75.9101775237","2010","Susquehanna","sweeper_internal","","1","","1","other","100","","1","6","3","10","other","60","","","3","","3","other","100","","","","","","","","","","1","","1","other","100","","","","","","","",""
"41.66033755-75.9549365---2008","https://mapsengine.google.com/06136759344167181854-00219351362547715467-4/wms/?version=1.3.0","41.6603375529","-75.954936499","2008","Susquehanna","final_internal","","3","","3","other","100","","","1","","1","other","100","","","3","","3","other","100","","","3","","3","other","100","","","","","","","","","","","","","","",""
"40.13768106-79.76344425---2010","https://mapsengine.google.com/06136759344167181854-06191489742681286724-4/wms/?version=1.3.0","40.1376810635","-79.7634442539","2010","Westmoreland","sweeper_internal","1","","","1","fracking","100","","8","4","","12","fracking","66","","","","","","","","","","","","","","","","1","","","1","fracking","100","","","","","","","",""
"40.75756947-79.78037309---2005","https://mapsengine.google.com/06136759344167181854-15960346301379896183-4/wms/?version=1.3.0","40.7575694674","-79.7803730868","2005","Butler","final_internal","","3","","3","other","100","","","1","","1","other","100","","","","","","","","","","3","","3","other","100","","","","","","","","","","","","","","",""
"41.7398451-76.05378651---2010","https://mapsengine.google.com/06136759344167181854-06191489742681286724-4/wms/?version=1.3.0","41.7398451048","-76.0537865067","2010","Susquehanna","sweeper_internal","","1","","1","other","100","","3","6","1","10","other","60","","","1","2","3","unknown","66","","","","","","","","","","1","","1","other","100","","","","","","","",""
"40.20446447-79.70626984---2010","https://mapsengine.google.com/06136759344167181854-06191489742681286724-4/wms/?version=1.3.0","40.2044644711","-79.7062698436","2010","Westmoreland","public","","10","","10","other","100","","","10","","10","other","100","","","","","","","","","","","","","","","","","","","","","","","","","","","","",""
"39.92881826-79.97139985---2008","https://mapsengine.google.com/06136759344167181854-00219351362547715467-4/wms/?version=1.3.0","39.9288182606","-79.9713998478","2008","Greene","first_internal","2","","1","3","fracking","66","","8","","2","10","fracking","80","","2","","1","3","fracking","66","","","","","","","","","","","","","","","","","","","","","",""
"41.10459322-78.97786277---2010","https://mapsengine.google.com/06136759344167181854-06191489742681286724-4/wms/?version=1.3.0","41.1045932183","-78.977862773","2010","Jefferson","public","","10","","10","other","100","","","10","","10","other","100","","","","","","","","","","","","","","","","","","","","","","","","","","","","",""
"41.62556256-76.4504873---2005","https://mapsengine.google.com/06136759344167181854-15960346301379896183-4/wms/?version=1.3.0","41.6255625578","-76.4504872973","2005","Bradford","final_internal","","3","","3","other","100","","","1","","1","other","100","","","3","","3","other","100","","","3","","3","other","100","","","","","","","","","","","","","","",""
"41.95507103-76.95769546---2008","https://mapsengine.google.com/06136759344167181854-00219351362547715467-4/wms/?version=1.3.0","41.9550710308","-76.9576954553","2008","Tioga","final_internal","","3","","3","other","100","","","","1","1","unknown","100","","","","","","","","","","3","","3","other","100","","","","","","","","","","","","","","",""
"41.74353127-76.39205788---2005","https://mapsengine.google.com/06136759344167181854-15960346301379896183-4/wms/?version=1.3.0","41.7435312728","-76.3920578778","2005","Bradford","final_internal","","3","","3","other","100","","","1","","1","other","100","","","3","","3","other","100","","","3","","3","other","100","","","","","","","","","","","","","","",""
"41.94799598-76.65471744---2010","https://mapsengine.google.com/06136759344167181854-06191489742681286724-4/wms/?version=1.3.0","41.9479959751","-76.6547174449","2010","Bradford","sweeper_internal","","1","","1","other","100","","3","6","1","10","other","60","","","2","1","3","other","66","","","","","","","","","","1","","1","other","100","","","","","","","",""
"41.97139571-75.88016342---2008","https://mapsengine.google.com/06136759344167181854-00219351362547715467-4/wms/?version=1.3.0","41.9713957077","-75.8801634177","2008","Susquehanna","final_internal","","4","","4","other","100","","","1","","1","other","100","","","3","","3","other","100","","","4","","4","other","100","","","","","","","","","","","","","","",""
"40.81422422-80.20219193---2005","https://mapsengine.google.com/06136759344167181854-15960346301379896183-4/wms/?version=1.3.0","40.8142242247","-80.2021919294","2005","Beaver","final_internal","","3","","3","other","100","","","1","","1","other","100","","","2","1","3","other","66","","","3","","3","other","100","","","","","","","","","","","","","","",""
"41.69451169-76.7819669---2010","https://mapsengine.google.com/06136759344167181854-06191489742681286724-4/wms/?version=1.3.0","41.69451169","-76.7819669","2010","Bradford","first_internal","","3","","3","other","100","","","8","2","10","other","80","","","3","","3","other","100","","","","","","","","","","","","","","","","","","","","","",""
"41.69400604-76.78167189---2008","https://mapsengine.google.com/06136759344167181854-00219351362547715467-4/wms/?version=1.3.0","41.6940060406","-76.7816718907","2008","Bradford","final_internal","","3","","3","other","100","","","1","","1","other","100","","","3","","3","other","100","","","3","","3","other","100","","","","","","","","","","","","","","",""
"41.69013017-76.99477039---2010","https://mapsengine.google.com/06136759344167181854-06191489742681286724-4/wms/?version=1.3.0","41.6901301721","-76.9947703868","2010","Tioga","public","","11","","11","other","100","","","11","","11","other","100","","","","","","","","","","","","","","","","","","","","","","","","","","","","",""
"40.02175254-80.03822283---2005","https://mapsengine.google.com/06136759344167181854-15960346301379896183-4/wms/?version=1.3.0","40.0217525351","-80.0382228274","2005","Washington","final_internal","","3","","3","other","100","","","1","","1","other","100","","","","","","","","","","3","","3","other","100","","","","","","","","","","","","","","",""
"41.76841752-75.93341745---2008","https://mapsengine.google.com/06136759344167181854-00219351362547715467-4/wms/?version=1.3.0","41.7684175223","-75.9334174508","2008","Susquehanna","final_internal","","3","","3","other","100","","","1","","1","other","100","","","3","","3","other","100","","","3","","3","other","100","","","","","","","","","","","","","","",""
"40.80261804-79.66143939---2008","https://mapsengine.google.com/06136759344167181854-00219351362547715467-4/wms/?version=1.3.0","40.8026180362","-79.6614393862","2008","Armstrong","sweeper_internal","1","","","1","fracking","100","","4","1","1","6","fracking","66","","1","1","1","3","fracking|unknown|other","","33|33|33","","","","","","","","1","","","1","fracking","100","","","","","","","",""
"41.70803366-75.87091379---2008","https://mapsengine.google.com/06136759344167181854-00219351362547715467-4/wms/?version=1.3.0","41.7080336637","-75.8709137949","2008","Susquehanna","final_internal","3","1","","4","fracking","75","","1","","","1","fracking","100","","3","","","3","fracking","100","","3","1","","4","fracking","75","","","","","","","","","","","","","","",""
"40.87072987-79.56321874---2010","https://mapsengine.google.com/06136759344167181854-06191489742681286724-4/wms/?version=1.3.0","40.8707298661","-79.563218738","2010","Armstrong","public","8","1","1","10","fracking","80","","8","1","1","10","fracking","80","","","","","","","","","","","","","","","","","","","","","","","","","","","","",""
"41.70082723-76.75063229---2010","https://mapsengine.google.com/06136759344167181854-06191489742681286724-4/wms/?version=1.3.0","41.70082723","-76.75063229","2010","Bradford","first_internal","","3","","3","other","100","","1","9","","10","other","90","","","3","","3","other","100","","","","","","","","","","","","","","","","","","","","","",""
"41.80468862-76.95481288---2010","https://mapsengine.google.com/06136759344167181854-06191489742681286724-4/wms/?version=1.3.0","41.8046886184","-76.9548128831","2010","Tioga","public","11","","","11","fracking","100","","11","","","11","fracking","100","","","","","","","","","","","","","","","","","","","","","","","","","","","","",""
"40.11416464-79.79622722---2010","https://mapsengine.google.com/06136759344167181854-06191489742681286724-4/wms/?version=1.3.0","40.114164638","-79.7962272215","2010","Fayette","public","","9","1","10","other","90","","","9","1","10","other","90","","","","","","","","","","","","","","","","","","","","","","","","","","","","",""
"40.24353929-80.27948491---2008","https://mapsengine.google.com/06136759344167181854-00219351362547715467-4/wms/?version=1.3.0","40.2435392903","-80.2794849145","2008","Washington","first_internal","3","","","3","fracking","100","","8","","","8","fracking","100","","3","","","3","fracking","100","","","","","","","","","","","","","","","","","","","","","",""
"39.96928395-79.83859469---2010","https://mapsengine.google.com/06136759344167181854-06191489742681286724-4/wms/?version=1.3.0","39.969283952","-79.8385946878","2010","Fayette","public","8","1","1","10","fracking","80","","8","1","1","10","fracking","80","","","","","","","","","","","","","","","","","","","","","","","","","","","","",""
"40.00107663-79.66770114---2008","https://mapsengine.google.com/06136759344167181854-00219351362547715467-4/wms/?version=1.3.0","40.0010766292","-79.66770114","2008","Fayette","first_internal","","3","","3","other","100","","","5","1","6","other","83","","","3","","3","other","100","","","","","","","","","","","","","","","","","","","","","",""
"41.73077684-77.16665327---2010","https://mapsengine.google.com/06136759344167181854-06191489742681286724-4/wms/?version=1.3.0","41.7307768371","-77.1666532671","2010","Tioga","public","","9","1","10","other","90","","","9","1","10","other","90","","","","","","","","","","","","","","","","","","","","","","","","","","","","",""
"40.09423187-79.81246124---2008","https://mapsengine.google.com/06136759344167181854-00219351362547715467-4/wms/?version=1.3.0","40.094231866","-79.8124612402","2008","Fayette","first_internal","1","2","","3","other","66","","","9","1","10","other","90","","1","2","","3","other","66","","","","","","","","","","","","","","","","","","","","","",""
"41.64672271-78.47265098---2010","https://mapsengine.google.com/06136759344167181854-06191489742681286724-4/wms/?version=1.3.0","41.6467227122","-78.4726509811","2010","McKean","sweeper_internal","","1","","1","other","100","","2","6","2","10","other","60","","","","","","","","","","","","","","","","","1","","1","other","100","","","","","","","",""
"41.93484216-76.94598156---2005","https://mapsengine.google.com/06136759344167181854-15960346301379896183-4/wms/?version=1.3.0","41.934842159","-76.9459815597","2005","Tioga","missing_internal","","1","","1","other","100","","","","","","fracking|unknown|other","","","","","","","","","","","","","","","","","","","","","","","","","1","","1","other","100",""
"41.57755936-77.05866792---2005","https://mapsengine.google.com/06136759344167181854-15960346301379896183-4/wms/?version=1.3.0","41.5775593592","-77.058667919","2005","Tioga","missing_internal","","1","","1","other","100","","","","","","fracking|unknown|other","","","","","","","","","","","","","","","","","","","","","","","","","1","","1","other","100",""
"40.20671752-79.70825254---2008","https://mapsengine.google.com/06136759344167181854-00219351362547715467-4/wms/?version=1.3.0","40.2067175224","-79.7082525414","2008","Westmoreland","final_internal","","3","","3","other","100","","","1","","1","other","100","","","","","","","","","","3","","3","other","100","","","","","","","","","","","","","","",""
"41.73928861-77.22220881---2010","https://mapsengine.google.com/06136759344167181854-06191489742681286724-4/wms/?version=1.3.0","41.739288614","-77.2222088067","2010","Tioga","public","","11","","11","other","100","","","11","","11","other","100","","","","","","","","","","","","","","","","","","","","","","","","","","","","",""
"40.50995539-79.54491058---2010","https://mapsengine.google.com/06136759344167181854-06191489742681286724-4/wms/?version=1.3.0","40.5099553918","-79.5449105804","2010","Westmoreland","sweeper_internal","","1","","1","other","100","","2","5","3","10","other","50","","","","","","","","","","","","","","","","","1","","1","other","100","","","","","","","",""
"39.91820975-79.95158546---2008","https://mapsengine.google.com/06136759344167181854-00219351362547715467-4/wms/?version=1.3.0","39.9182097497","-79.951585457","2008","Greene","first_internal","3","","","3","fracking","100","","10","","","10","fracking","100","","3","","","3","fracking","100","","","","","","","","","","","","","","","","","","","","","",""
"40.27481663-80.39133681---2010","https://mapsengine.google.com/06136759344167181854-06191489742681286724-4/wms/?version=1.3.0","40.2748166314","-80.3913368094","2010","Washington","sweeper_internal","","1","","1","other","100","","","6","4","10","other","60","","","","","","","","","","","","","","","","","1","","1","other","100","","","","","","","",""
"41.90089887-75.96439513---2010","https://mapsengine.google.com/06136759344167181854-06191489742681286724-4/wms/?version=1.3.0","41.90089887","-75.96439513","2010","Susquehanna","first_internal","","3","","3","other","100","","","11","","11","other","100","","","3","","3","other","100","","","","","","","","","","","","","","","","","","","","","",""
"41.8539258-76.69865028---2008","https://mapsengine.google.com/06136759344167181854-00219351362547715467-4/wms/?version=1.3.0","41.8539257994","-76.6986502752","2008","Bradford","final_internal","","3","","3","other","100","","","1","","1","other","100","","","3","","3","other","100","","","3","","3","other","100","","","","","","","","","","","","","","",""
"41.65277675-76.03481623---2005","https://mapsengine.google.com/06136759344167181854-15960346301379896183-4/wms/?version=1.3.0","41.6527767486","-76.0348162277","2005","Susquehanna","final_internal","","3","","3","other","100","","","1","","1","other","100","","","3","","3","other","100","","","3","","3","other","100","","","","","","","","","","","","","","",""
"41.12771465-79.08481341---2010","https://mapsengine.google.com/06136759344167181854-06191489742681286724-4/wms/?version=1.3.0","41.1277146485","-79.08481341","2010","Jefferson","public","","10","","10","other","100","","","10","","10","other","100","","","","","","","","","","","","","","","","","","","","","","","","","","","","",""
"40.27807873-80.15138508---2010","https://mapsengine.google.com/06136759344167181854-06191489742681286724-4/wms/?version=1.3.0","40.278078731","-80.1513850797","2010","Washington","public","","10","","10","other","100","","","10","","10","other","100","","","","","","","","","","","","","","","","","","","","","","","","","","","","",""
"39.80767415-79.96511194---2008","https://mapsengine.google.com/06136759344167181854-00219351362547715467-4/wms/?version=1.3.0","39.8076741461","-79.9651119436","2008","Greene","first_internal","","3","","3","other","100","","1","9","","10","other","90","","","3","","3","other","100","","","","","","","","","","","","","","","","","","","","","",""
"40.89219778-79.5147815---2005","https://mapsengine.google.com/06136759344167181854-15960346301379896183-4/wms/?version=1.3.0","40.8921977763","-79.514781499","2005","Armstrong","final_internal","","3","","3","other","100","","","1","","1","other","100","","","","","","","","","","3","","3","other","100","","","","","","","","","","","","","","",""
"41.78631004-77.21188582---2005","https://mapsengine.google.com/06136759344167181854-15960346301379896183-4/wms/?version=1.3.0","41.786310037","-77.2118858175","2005","Tioga","missing_internal","","1","","1","other","100","","","","","","fracking|unknown|other","","","","","","","","","","","","","","","","","","","","","","","","","1","","1","other","100",""
"40.75795799-79.78232115---2008","https://mapsengine.google.com/06136759344167181854-00219351362547715467-4/wms/?version=1.3.0","40.7579579917","-79.7823211526","2008","Butler","first_internal","","3","","3","other","100","","","2","","2","other","100","","","3","","3","other","100","","","","","","","","","","","","","","","","","","","","","",""
"41.89147985-75.40582608---2010","https://mapsengine.google.com/06136759344167181854-06191489742681286724-4/wms/?version=1.3.0","41.89147985","-75.40582608","2010","Wayne","first_internal","","3","","3","other","100","","","10","","10","other","100","","","3","","3","other","100","","","","","","","","","","","","","","","","","","","","","",""
"40.74709265-79.6180276---2008","https://mapsengine.google.com/06136759344167181854-00219351362547715467-4/wms/?version=1.3.0","40.7470926534","-79.6180276031","2008","Armstrong","first_internal","","3","","3","other","100","","","7","","7","other","100","","","3","","3","other","100","","","","","","","","","","","","","","","","","","","","","",""
"41.41243032-78.27554983---2008","https://mapsengine.google.com/06136759344167181854-00219351362547715467-4/wms/?version=1.3.0","41.4124303169","-78.2755498284","2008","Cameron","first_internal","1","2","","3","other","66","","2","2","2","6","fracking|unknown|other","","33|33|33","1","2","","3","other","66","","","","","","","","","","","","","","","","","","","","","",""
"40.01580531-80.07354818---2010","https://mapsengine.google.com/06136759344167181854-06191489742681286724-4/wms/?version=1.3.0","40.0158053058","-80.0735481751","2010","Washington","public","10","","","10","fracking","100","","10","","","10","fracking","100","","","","","","","","","","","","","","","","","","","","","","","","","","","","",""
"39.81894853-80.28741085---2010","https://mapsengine.google.com/06136759344167181854-06191489742681286724-4/wms/?version=1.3.0","39.8189485318","-80.2874108452","2010","Greene","sweeper_internal","","1","","1","other","100","","1","5","4","10","other","50","","","","","","","","","","","","","","","","","1","","1","other","100","","","","","","","",""
"40.63090401-79.36238789---2008","https://mapsengine.google.com/06136759344167181854-00219351362547715467-4/wms/?version=1.3.0","40.6309040144","-79.3623878919","2008","Armstrong","first_internal","1","2","","3","other","66","","1","4","1","6","other","66","","1","2","","3","other","66","","","","","","","","","","","","","","","","","","","","","",""
"40.82297496-79.67428555---2010","https://mapsengine.google.com/06136759344167181854-06191489742681286724-4/wms/?version=1.3.0","40.8229749618","-79.6742855543","2010","Armstrong","public","","10","","10","other","100","","","10","","10","other","100","","","","","","","","","","","","","","","","","","","","","","","","","","","","",""
"39.89847901-80.07341802---2008","https://mapsengine.google.com/06136759344167181854-00219351362547715467-4/wms/?version=1.3.0","39.8984790085","-80.0734180236","2008","Greene","first_internal","","3","","3","other","100","","","9","1","10","other","90","","","3","","3","other","100","","","","","","","","","","","","","","","","","","","","","",""
"40.7683869-80.04387384---2010","https://mapsengine.google.com/06136759344167181854-06191489742681286724-4/wms/?version=1.3.0","40.7683868993","-80.0438738397","2010","Butler","sweeper_internal","","1","","1","other","100","","7","5","4","16","fracking","43","","","","","","","","","","","","","","","","","1","","1","other","100","","","","","","","",""
"41.72993569-75.94757816---2008","https://mapsengine.google.com/06136759344167181854-00219351362547715467-4/wms/?version=1.3.0","41.7299356921","-75.9475781593","2008","Susquehanna","final_internal","","3","","3","other","100","","","1","","1","other","100","","","3","","3","other","100","","","3","","3","other","100","","","","","","","","","","","","","","",""
"40.11652485-79.82345599---2010","https://mapsengine.google.com/06136759344167181854-06191489742681286724-4/wms/?version=1.3.0","40.1165248536","-79.8234559943","2010","Fayette","public","","9","1","10","other","90","","","9","1","10","other","90","","","","","","","","","","","","","","","","","","","","","","","","","","","","",""
"39.9170774-79.93708099---2008","https://mapsengine.google.com/06136759344167181854-00219351362547715467-4/wms/?version=1.3.0","39.9170774043","-79.9370809855","2008","Greene","first_internal","3","","","3","fracking","100","","10","","","10","fracking","100","","3","","","3","fracking","100","","","","","","","","","","","","","","","","","","","","","",""
"41.69799719-75.90988165---2008","https://mapsengine.google.com/06136759344167181854-00219351362547715467-4/wms/?version=1.3.0","41.6979971923","-75.9098816489","2008","Susquehanna","final_internal","","3","","3","other","100","","","1","","1","other","100","","","3","","3","other","100","","","3","","3","other","100","","","","","","","","","","","","","","",""
"41.82170384-76.06756045---2010","https://mapsengine.google.com/06136759344167181854-06191489742681286724-4/wms/?version=1.3.0","41.8217038438","-76.0675604516","2010","Susquehanna","sweeper_internal","","1","","1","other","100","","1","3","7","11","unknown","63","","","3","","3","other","100","","","","","","","","","","1","","1","other","100","","","","","","","",""
"41.8938581-75.94424129---2008","https://mapsengine.google.com/06136759344167181854-00219351362547715467-4/wms/?version=1.3.0","41.8938581027","-75.9442412902","2008","Susquehanna","final_internal","","3","","3","other","100","","","1","","1","other","100","","","3","","3","other","100","","","3","","3","other","100","","","","","","","","","","","","","","",""
"39.93363133-79.85878454---2008","https://mapsengine.google.com/06136759344167181854-00219351362547715467-4/wms/?version=1.3.0","39.9336313337","-79.858784544","2008","Fayette","sweeper_internal","","1","","1","other","100","","6","1","3","10","fracking","60","","1","2","","3","other","66","","","","","","","","","","1","","1","other","100","","","","","","","",""
"41.71584952-77.33368729---2008","https://mapsengine.google.com/06136759344167181854-00219351362547715467-4/wms/?version=1.3.0","41.7158495236","-77.3336872854","2008","Tioga","final_internal","","3","","3","other","100","","","1","","1","other","100","","","","","","","","","","3","","3","other","100","","","","","","","","","","","","","","",""
"41.63943015-76.38703757---2005","https://mapsengine.google.com/06136759344167181854-15960346301379896183-4/wms/?version=1.3.0","41.6394301486","-76.3870375716","2005","Bradford","final_internal","","3","","3","other","100","","","1","","1","other","100","","","3","","3","other","100","","","3","","3","other","100","","","","","","","","","","","","","","",""
"41.67988508-75.91168721---2005","https://mapsengine.google.com/06136759344167181854-15960346301379896183-4/wms/?version=1.3.0","41.679885082","-75.9116872119","2005","Susquehanna","final_internal","","3","","3","other","100","","","1","","1","other","100","","","3","","3","other","100","","","3","","3","other","100","","","","","","","","","","","","","","",""
"40.99274174-78.8576644---2008","https://mapsengine.google.com/06136759344167181854-00219351362547715467-4/wms/?version=1.3.0","40.9927417447","-78.8576643972","2008","Jefferson","first_internal","","3","","3","other","100","","","10","","10","other","100","","","3","","3","other","100","","","","","","","","","","","","","","","","","","","","","",""
"39.96291352-79.69413484---2005","https://mapsengine.google.com/06136759344167181854-15960346301379896183-4/wms/?version=1.3.0","39.9629135183","-79.694134842","2005","Fayette","final_internal","","3","","3","other","100","","","1","","1","other","100","","","","","","","","","","3","","3","other","100","","","","","","","","","","","","","","",""
"40.11967606-79.815262---2008","https://mapsengine.google.com/06136759344167181854-00219351362547715467-4/wms/?version=1.3.0","40.1196760634","-79.8152620026","2008","Fayette","first_internal","3","","","3","fracking","100","","9","1","","10","fracking","90","","3","","","3","fracking","100","","","","","","","","","","","","","","","","","","","","","",""
"41.8475434-77.07697509---2008","https://mapsengine.google.com/06136759344167181854-00219351362547715467-4/wms/?version=1.3.0","41.8475434015","-77.076975085","2008","Tioga","final_internal","1","2","","3","other","66","","","1","","1","other","100","","","","","","","","","1","2","","3","other","66","","","","","","","","","","","","","","",""
"41.78230586-75.9632452---2008","https://mapsengine.google.com/06136759344167181854-00219351362547715467-4/wms/?version=1.3.0","41.7823058585","-75.9632451998","2008","Susquehanna","final_internal","","3","","3","other","100","","","1","","1","other","100","","","3","","3","other","100","","","3","","3","other","100","","","","","","","","","","","","","","",""
"41.78813877-75.96068382---2005","https://mapsengine.google.com/06136759344167181854-15960346301379896183-4/wms/?version=1.3.0","41.7881387693","-75.960683817","2005","Susquehanna","final_internal","","3","","3","other","100","","","1","","1","other","100","","","3","","3","other","100","","","3","","3","other","100","","","","","","","","","","","","","","",""
"41.87136693-76.05612905---2010","https://mapsengine.google.com/06136759344167181854-06191489742681286724-4/wms/?version=1.3.0","41.8713669281","-76.05612905","2010","Susquehanna","sweeper_internal","","1","","1","other","100","","","5","5","10","unknown|other","","50|50","","","3","3","unknown","100","","","","","","","","","","1","","1","other","100","","","","","","","",""
"39.73143576-79.79881921---2008","https://mapsengine.google.com/06136759344167181854-00219351362547715467-4/wms/?version=1.3.0","39.7314357579","-79.798819211","2008","Fayette","sweeper_internal","","1","","1","other","100","","","4","6","10","unknown","60","","","3","","3","other","100","","","","","","","","","","1","","1","other","100","","","","","","","",""
"40.8643492-79.49892453---2005","https://mapsengine.google.com/06136759344167181854-15960346301379896183-4/wms/?version=1.3.0","40.8643492035","-79.4989245318","2005","Armstrong","final_internal","","3","","3","other","100","","","","1","1","unknown","100","","","","","","","","","","3","","3","other","100","","","","","","","","","","","","","","",""
"40.06799761-79.94453583---2005","https://mapsengine.google.com/06136759344167181854-15960346301379896183-4/wms/?version=1.3.0","40.0679976104","-79.9445358299","2005","Washington","final_internal","","3","","3","other","100","","","1","","1","other","100","","","","","","","","","","3","","3","other","100","","","","","","","","","","","","","","",""
"41.6755961-75.85840876---2010","https://mapsengine.google.com/06136759344167181854-06191489742681286724-4/wms/?version=1.3.0","41.675596098","-75.858408762","2010","Susquehanna","sweeper_internal","","1","","1","other","100","","1","6","3","10","other","60","","","3","","3","other","100","","","","","","","","","","1","","1","other","100","","","","","","","",""
"41.2747478-77.28045385---2008","https://mapsengine.google.com/06136759344167181854-00219351362547715467-4/wms/?version=1.3.0","41.2747478039","-77.2804538527","2008","Lycoming","final_internal","","3","","3","other","100","","","1","","1","other","100","","","","","","","","","","3","","3","other","100","","","","","","","","","","","","","","",""
"40.25903436-80.46485068---2008","https://mapsengine.google.com/06136759344167181854-00219351362547715467-4/wms/?version=1.3.0","40.259034361","-80.4648506819","2008","Washington","sweeper_internal","","1","","1","other","100","","2","7","1","10","other","70","","","3","","3","other","100","","","","","","","","","","1","","1","other","100","","","","","","","",""
"41.55926427-76.47277431---2010","https://mapsengine.google.com/06136759344167181854-06191489742681286724-4/wms/?version=1.3.0","41.55926427","-76.47277431","2010","Sullivan","first_internal","","3","","3","other","100","","","14","1","15","other","93","","","3","","3","other","100","","","","","","","","","","","","","","","","","","","","","",""
"40.08716822-79.83970343---2008","https://mapsengine.google.com/06136759344167181854-00219351362547715467-4/wms/?version=1.3.0","40.0871682212","-79.8397034297","2008","Fayette","first_internal","","3","","3","other","100","","","10","","10","other","100","","","3","","3","other","100","","","","","","","","","","","","","","","","","","","","","",""
"41.73477717-76.56863049---2005","https://mapsengine.google.com/06136759344167181854-15960346301379896183-4/wms/?version=1.3.0","41.734777167","-76.5686304915","2005","Bradford","final_internal","","4","","4","other","100","","","1","","1","other","100","","","3","","3","other","100","","","4","","4","other","100","","","","","","","","","","","","","","",""
"41.82563116-76.97767862---2005","https://mapsengine.google.com/06136759344167181854-15960346301379896183-4/wms/?version=1.3.0","41.8256311605","-76.9776786228","2005","Tioga","missing_internal","","1","","1","other","100","","","","","","fracking|unknown|other","","","","","","","","","","","","","","","","","","","","","","","","","1","","1","other","100",""
"41.78300002-77.17960067---2008","https://mapsengine.google.com/06136759344167181854-00219351362547715467-4/wms/?version=1.3.0","41.7830000231","-77.1796006747","2008","Tioga","final_internal","","3","","3","other","100","","","1","","1","other","100","","","","","","","","","","3","","3","other","100","","","","","","","","","","","","","","",""
"41.77494832-76.10227509---2008","https://mapsengine.google.com/06136759344167181854-00219351362547715467-4/wms/?version=1.3.0","41.7749483217","-76.1022750912","2008","Susquehanna","final_internal","","3","","3","other","100","","","1","","1","other","100","","","2","1","3","other","66","","","3","","3","other","100","","","","","","","","","","","","","","",""
"41.75776882-75.94190619---2008","https://mapsengine.google.com/06136759344167181854-00219351362547715467-4/wms/?version=1.3.0","41.7577688248","-75.9419061922","2008","Susquehanna","final_internal","","3","","3","other","100","","","1","","1","other","100","","","3","","3","other","100","","","3","","3","other","100","","","","","","","","","","","","","","",""
"40.400157-80.48584943---2010","https://mapsengine.google.com/06136759344167181854-06191489742681286724-4/wms/?version=1.3.0","40.4001570014","-80.4858494337","2010","Washington","public","","8","2","10","other","80","","","8","2","10","other","80","","","","","","","","","","","","","","","","","","","","","","","","","","","","",""
"41.57002577-76.03843975---2010","https://mapsengine.google.com/06136759344167181854-06191489742681286724-4/wms/?version=1.3.0","41.57002577","-76.03843975","2010","Wyoming","first_internal","","3","","3","other","100","","2","8","","10","other","80","","","3","","3","other","100","","","","","","","","","","","","","","","","","","","","","",""
"41.93597078-77.02568796---2008","https://mapsengine.google.com/06136759344167181854-00219351362547715467-4/wms/?version=1.3.0","41.9359707779","-77.0256879584","2008","Tioga","final_internal","","3","","3","other","100","","","1","","1","other","100","","","","","","","","","","3","","3","other","100","","","","","","","","","","","","","","",""
"41.76642453-76.81521669---2005","https://mapsengine.google.com/06136759344167181854-15960346301379896183-4/wms/?version=1.3.0","41.7664245273","-76.8152166913","2005","Bradford","final_internal","","3","","3","other","100","","","1","","1","other","100","","","3","","3","other","100","","","3","","3","other","100","","","","","","","","","","","","","","",""
"41.71337926-77.34971908---2010","https://mapsengine.google.com/06136759344167181854-06191489742681286724-4/wms/?version=1.3.0","41.7133792622","-77.3497190779","2010","Tioga","public","","10","1","11","other","90","","","10","1","11","other","90","","","","","","","","","","","","","","","","","","","","","","","","","","","","",""
"41.99397411-76.97325241---2005","https://mapsengine.google.com/06136759344167181854-15960346301379896183-4/wms/?version=1.3.0","41.9939741061","-76.9732524063","2005","Tioga","missing_internal","","1","","1","other","100","","","","","","fracking|unknown|other","","","","","","","","","","","","","","","","","","","","","","","","","1","","1","other","100",""
"39.94519281-79.95113815---2005","https://mapsengine.google.com/06136759344167181854-15960346301379896183-4/wms/?version=1.3.0","39.9451928105","-79.9511381478","2005","Greene","final_internal","1","2","","3","other","66","","","1","","1","other","100","","","","","","","","","1","2","","3","other","66","","","","","","","","","","","","","","",""
"41.76689963-76.69303127---2010","https://mapsengine.google.com/06136759344167181854-06191489742681286724-4/wms/?version=1.3.0","41.766899628","-76.6930312673","2010","Bradford","sweeper_internal","","1","","1","other","100","","9","3","","12","fracking","75","","2","","1","3","fracking","66","","","","","","","","","","1","","1","other","100","","","","","","","",""
"39.91259491-79.98982863---2005","https://mapsengine.google.com/06136759344167181854-15960346301379896183-4/wms/?version=1.3.0","39.9125949086","-79.9898286264","2005","Greene","final_internal","","3","","3","other","100","","","1","","1","other","100","","","","","","","","","","3","","3","other","100","","","","","","","","","","","","","","",""
"41.64822248-76.02658501---2005","https://mapsengine.google.com/06136759344167181854-15960346301379896183-4/wms/?version=1.3.0","41.6482224751","-76.0265850104","2005","Susquehanna","final_internal","","3","","3","other","100","","","1","","1","other","100","","","3","","3","other","100","","","3","","3","other","100","","","","","","","","","","","","","","",""
"40.2283902-80.2801899---2008","https://mapsengine.google.com/06136759344167181854-00219351362547715467-4/wms/?version=1.3.0","40.2283901976","-80.2801898992","2008","Washington","first_internal","","3","","3","other","100","","","7","1","8","other","87","","","3","","3","other","100","","","","","","","","","","","","","","","","","","","","","",""
"41.38495526-77.53415605---2010","https://mapsengine.google.com/06136759344167181854-06191489742681286724-4/wms/?version=1.3.0","41.3849552631","-77.53415605","2010","Lycoming","public","","11","","11","other","100","","","11","","11","other","100","","","","","","","","","","","","","","","","","","","","","","","","","","","","",""
"39.8310231-79.98846936---2008","https://mapsengine.google.com/06136759344167181854-00219351362547715467-4/wms/?version=1.3.0","39.8310231042","-79.9884693612","2008","Greene","sweeper_internal","","1","","1","other","100","","3","6","1","10","other","60","","","2","1","3","other","66","","","","","","","","","","1","","1","other","100","","","","","","","",""
"39.83669617-79.8822553---2008","https://mapsengine.google.com/06136759344167181854-00219351362547715467-4/wms/?version=1.3.0","39.8366961746","-79.8822553042","2008","Fayette","first_internal","","3","","3","other","100","","","8","2","10","other","80","","","3","","3","other","100","","","","","","","","","","","","","","","","","","","","","",""
"41.9929558-76.95503907---2008","https://mapsengine.google.com/06136759344167181854-00219351362547715467-4/wms/?version=1.3.0","41.9929558043","-76.9550390661","2008","Tioga","final_internal","","3","","3","other","100","","","1","","1","other","100","","","","","","","","","","3","","3","other","100","","","","","","","","","","","","","","",""
"40.99382895-78.86330291---2010","https://mapsengine.google.com/06136759344167181854-06191489742681286724-4/wms/?version=1.3.0","40.9938289548","-78.8633029066","2010","Jefferson","public","","10","","10","other","100","","","10","","10","other","100","","","","","","","","","","","","","","","","","","","","","","","","","","","","",""
"41.95051761-76.90014944---2010","https://mapsengine.google.com/06136759344167181854-06191489742681286724-4/wms/?version=1.3.0","41.9505176072","-76.9001494432","2010","Bradford","sweeper_internal","","1","","1","other","100","","3","5","2","10","other","50","","1","1","1","3","fracking|unknown|other","","33|33|33","","","","","","","","","1","","1","other","100","","","","","","","",""
"40.17515979-80.41120615---2010","https://mapsengine.google.com/06136759344167181854-06191489742681286724-4/wms/?version=1.3.0","40.175159793","-80.4112061538","2010","Washington","public","1","9","","10","other","90","","1","9","","10","other","90","","","","","","","","","","","","","","","","","","","","","","","","","","","","",""
"41.2586394-76.50473372---2008","https://mapsengine.google.com/06136759344167181854-00219351362547715467-4/wms/?version=1.3.0","41.258639397","-76.5047337248","2008","Lycoming","final_internal","","4","","4","other","100","","","1","","1","other","100","","","","","","","","","","4","","4","other","100","","","","","","","","","","","","","","",""
"41.78255428-76.6567067---2005","https://mapsengine.google.com/06136759344167181854-15960346301379896183-4/wms/?version=1.3.0","41.7825542775","-76.6567066953","2005","Bradford","final_internal","","3","","3","other","100","","","1","","1","other","100","","","3","","3","other","100","","","3","","3","other","100","","","","","","","","","","","","","","",""
"41.71772147-77.34587268---2010","https://mapsengine.google.com/06136759344167181854-06191489742681286724-4/wms/?version=1.3.0","41.7177214718","-77.3458726848","2010","Tioga","public","","9","1","10","other","90","","","9","1","10","other","90","","","","","","","","","","","","","","","","","","","","","","","","","","","","",""
"40.88411973-79.54901672---2005","https://mapsengine.google.com/06136759344167181854-15960346301379896183-4/wms/?version=1.3.0","40.8841197314","-79.5490167157","2005","Armstrong","final_internal","","3","","3","other","100","","","1","","1","other","100","","","","","","","","","","3","","3","other","100","","","","","","","","","","","","","","",""
"40.34107179-79.14851823---2010","https://mapsengine.google.com/06136759344167181854-06191489742681286724-4/wms/?version=1.3.0","40.3410717876","-79.1485182339","2010","Westmoreland","public","","10","","10","other","100","","","10","","10","other","100","","","","","","","","","","","","","","","","","","","","","","","","","","","","",""
"41.77337252-76.22736437---2005","https://mapsengine.google.com/06136759344167181854-15960346301379896183-4/wms/?version=1.3.0","41.7733725156","-76.2273643654","2005","Bradford","final_internal","","3","","3","other","100","","","1","","1","other","100","","","3","","3","other","100","","","3","","3","other","100","","","","","","","","","","","","","","",""
"41.88157147-75.89682331---2008","https://mapsengine.google.com/06136759344167181854-00219351362547715467-4/wms/?version=1.3.0","41.8815714676","-75.8968233143","2008","Susquehanna","final_internal","","3","","3","other","100","","","1","","1","other","100","","","3","","3","other","100","","","3","","3","other","100","","","","","","","","","","","","","","",""
"39.94152485-79.97433356---2008","https://mapsengine.google.com/06136759344167181854-00219351362547715467-4/wms/?version=1.3.0","39.9415248479","-79.9743335616","2008","Greene","sweeper_internal","","1","","1","other","100","","2","5","3","10","other","50","","","3","","3","other","100","","","","","","","","","","1","","1","other","100","","","","","","","",""
"39.72222045-80.01779462---2008","https://mapsengine.google.com/06136759344167181854-00219351362547715467-4/wms/?version=1.3.0","39.7222204475","-80.0177946178","2008","Greene","sweeper_internal","","1","","1","other","100","","1","7","2","10","other","70","","","3","","3","other","100","","","","","","","","","","1","","1","other","100","","","","","","","",""
"41.09683758-78.31946783---2010","https://mapsengine.google.com/06136759344167181854-06191489742681286724-4/wms/?version=1.3.0","41.0968375804","-78.3194678257","2010","Clearfield","public","","12","","12","other","100","","","12","","12","other","100","","","","","","","","","","","","","","","","","","","","","","","","","","","","",""
"41.78316909-76.01559332---2008","https://mapsengine.google.com/06136759344167181854-00219351362547715467-4/wms/?version=1.3.0","41.7831690892","-76.0155933175","2008","Susquehanna","final_internal","","3","","3","other","100","","","1","","1","other","100","","","3","","3","other","100","","","3","","3","other","100","","","","","","","","","","","","","","",""
"41.90859175-76.85975052---2005","https://mapsengine.google.com/06136759344167181854-15960346301379896183-4/wms/?version=1.3.0","41.9085917537","-76.8597505248","2005","Bradford","final_internal","","3","","3","other","100","","","1","","1","other","100","","","3","","3","other","100","","","3","","3","other","100","","","","","","","","","","","","","","",""
"41.73484151-76.56875814---2010","https://mapsengine.google.com/06136759344167181854-06191489742681286724-4/wms/?version=1.3.0","41.73484151","-76.56875814","2010","Bradford","first_internal","","3","","3","other","100","","","10","","10","other","100","","","3","","3","other","100","","","","","","","","","","","","","","","","","","","","","",""
"40.20716636-80.36739273---2010","https://mapsengine.google.com/06136759344167181854-06191489742681286724-4/wms/?version=1.3.0","40.20716636","-80.3673927257","2010","Washington","sweeper_internal","1","","","1","fracking","100","","7","","3","10","fracking","70","","","","","","","","","","","","","","","","1","","","1","fracking","100","","","","","","","",""
"40.0089111-79.63683334---2008","https://mapsengine.google.com/06136759344167181854-00219351362547715467-4/wms/?version=1.3.0","40.0089111043","-79.6368333395","2008","Fayette","first_internal","1","2","","3","other","66","","3","2","1","6","fracking","50","","1","2","","3","other","66","","","","","","","","","","","","","","","","","","","","","",""
"41.58518314-78.82487089---2010","https://mapsengine.google.com/06136759344167181854-06191489742681286724-4/wms/?version=1.3.0","41.5851831394","-78.8248708916","2010","Elk","public","26","1","3","30","fracking","86","","26","1","3","30","fracking","86","","","","","","","","","","","","","","","","","","","","","","","","","","","","",""
"39.99978795-79.81183093---2005","https://mapsengine.google.com/06136759344167181854-15960346301379896183-4/wms/?version=1.3.0","39.9997879469","-79.8118309347","2005","Fayette","final_internal","","3","","3","other","100","","","1","","1","other","100","","","","","","","","","","3","","3","other","100","","","","","","","","","","","","","","",""
"41.0616648-77.89773629---2010","https://mapsengine.google.com/06136759344167181854-06191489742681286724-4/wms/?version=1.3.0","41.0616648022","-77.897736294","2010","Centre","public","","10","","10","other","100","","","10","","10","other","100","","","","","","","","","","","","","","","","","","","","","","","","","","","","",""
"41.72570807-76.81504263---2010","https://mapsengine.google.com/06136759344167181854-06191489742681286724-4/wms/?version=1.3.0","41.72570807","-76.81504263","2010","Bradford","first_internal","","3","","3","other","100","","","10","","10","other","100","","","3","","3","other","100","","","","","","","","","","","","","","","","","","","","","",""
"40.52556232-79.19445506---2005","https://mapsengine.google.com/06136759344167181854-15960346301379896183-4/wms/?version=1.3.0","40.5255623247","-79.1944550628","2005","Indiana","final_internal","","3","","3","other","100","","","1","","1","other","100","","","","","","","","","","3","","3","other","100","","","","","","","","","","","","","","",""
"41.79330768-77.0022809---2008","https://mapsengine.google.com/06136759344167181854-00219351362547715467-4/wms/?version=1.3.0","41.7933076811","-77.0022809046","2008","Tioga","final_internal","","3","","3","other","100","","1","","","1","fracking","100","","","","","","","","","","3","","3","other","100","","","","","","","","","","","","","","",""
"40.10679935-80.05907275---2005","https://mapsengine.google.com/06136759344167181854-15960346301379896183-4/wms/?version=1.3.0","40.106799353","-80.0590727523","2005","Washington","final_internal","","3","","3","other","100","","","1","","1","other","100","","","","","","","","","","3","","3","other","100","","","","","","","","","","","","","","",""
"40.86270743-79.53918336---2010","https://mapsengine.google.com/06136759344167181854-06191489742681286724-4/wms/?version=1.3.0","40.8627074306","-79.5391833552","2010","Armstrong","public","10","","","10","fracking","100","","10","","","10","fracking","100","","","","","","","","","","","","","","","","","","","","","","","","","","","","",""
"39.72993082-80.01242123---2010","https://mapsengine.google.com/06136759344167181854-06191489742681286724-4/wms/?version=1.3.0","39.7299308237","-80.0124212284","2010","Greene","public","","10","","10","other","100","","","10","","10","other","100","","","","","","","","","","","","","","","","","","","","","","","","","","","","",""
"41.55092242-76.47115178---2005","https://mapsengine.google.com/06136759344167181854-15960346301379896183-4/wms/?version=1.3.0","41.5509224179","-76.4711517795","2005","Sullivan","final_internal","","4","","4","other","100","","","1","","1","other","100","","","3","","3","other","100","","","4","","4","other","100","","","","","","","","","","","","","","",""
"40.49505699-79.56061967---2005","https://mapsengine.google.com/06136759344167181854-15960346301379896183-4/wms/?version=1.3.0","40.4950569948","-79.5606196734","2005","Westmoreland","final_internal","","3","","3","other","100","","","1","","1","other","100","","","","","","","","","","3","","3","other","100","","","","","","","","","","","","","","",""
"39.73116661-79.80181469---2008","https://mapsengine.google.com/06136759344167181854-00219351362547715467-4/wms/?version=1.3.0","39.7311666125","-79.8018146867","2008","Fayette","first_internal","","3","","3","other","100","","","4","2","6","other","66","","","3","","3","other","100","","","","","","","","","","","","","","","","","","","","","",""
"41.73919639-75.87086868---2010","https://mapsengine.google.com/06136759344167181854-06191489742681286724-4/wms/?version=1.3.0","41.73919639","-75.87086868","2010","Susquehanna","first_internal","","3","","3","other","100","","","10","","10","other","100","","","3","","3","other","100","","","","","","","","","","","","","","","","","","","","","",""
"40.27944637-79.70410548---2010","https://mapsengine.google.com/06136759344167181854-06191489742681286724-4/wms/?version=1.3.0","40.2794463676","-79.7041054841","2010","Westmoreland","public","","10","","10","other","100","","","10","","10","other","100","","","","","","","","","","","","","","","","","","","","","","","","","","","","",""
"41.68903174-75.88822684---2010","https://mapsengine.google.com/06136759344167181854-06191489742681286724-4/wms/?version=1.3.0","41.68903174","-75.88822684","2010","Susquehanna","first_internal","","3","","3","other","100","","","14","","14","other","100","","","3","","3","other","100","","","","","","","","","","","","","","","","","","","","","",""
"41.68479186-75.80408614---2010","https://mapsengine.google.com/06136759344167181854-06191489742681286724-4/wms/?version=1.3.0","41.68479186","-75.80408614","2010","Susquehanna","first_internal","","3","","3","other","100","","","9","1","10","other","90","","","3","","3","other","100","","","","","","","","","","","","","","","","","","","","","",""
"40.62543502-79.36213154---2010","https://mapsengine.google.com/06136759344167181854-06191489742681286724-4/wms/?version=1.3.0","40.6254350206","-79.3621315426","2010","Armstrong","sweeper_internal","","1","","1","other","100","","3","7","2","12","other","58","","","","","","","","","","","","","","","","","1","","1","other","100","","","","","","","",""
"41.78054088-76.11091792---2010","https://mapsengine.google.com/06136759344167181854-06191489742681286724-4/wms/?version=1.3.0","41.78054088","-76.11091792","2010","Susquehanna","first_internal","","3","","3","other","100","","","12","","12","other","100","","","3","","3","other","100","","","","","","","","","","","","","","","","","","","","","",""
"41.67771333-76.35734306---2008","https://mapsengine.google.com/06136759344167181854-00219351362547715467-4/wms/?version=1.3.0","41.677713333","-76.3573430637","2008","Bradford","final_internal","","3","","3","other","100","","","1","","1","other","100","","","3","","3","other","100","","","3","","3","other","100","","","","","","","","","","","","","","",""
"41.24071495-76.36807279---2008","https://mapsengine.google.com/06136759344167181854-00219351362547715467-4/wms/?version=1.3.0","41.2407149473","-76.3680727856","2008","Columbia","final_internal","","3","","3","other","100","","","1","","1","other","100","","","3","","3","other","100","","","3","","3","other","100","","","","","","","","","","","","","","",""
"41.1657872-78.51426113---2010","https://mapsengine.google.com/06136759344167181854-06191489742681286724-4/wms/?version=1.3.0","41.1657871992","-78.5142611305","2010","Clearfield","public","","12","","12","other","100","","","12","","12","other","100","","","","","","","","","","","","","","","","","","","","","","","","","","","","",""
"41.6500717-76.0490335---2010","https://mapsengine.google.com/06136759344167181854-06191489742681286724-4/wms/?version=1.3.0","41.6500717","-76.0490335","2010","Susquehanna","first_internal","","3","","3","other","100","","","10","","10","other","100","","","3","","3","other","100","","","","","","","","","","","","","","","","","","","","","",""
"41.9877506-76.99391097---2008","https://mapsengine.google.com/06136759344167181854-00219351362547715467-4/wms/?version=1.3.0","41.9877506037","-76.9939109673","2008","Tioga","final_internal","","3","","3","other","100","","","1","","1","other","100","","","","","","","","","","3","","3","other","100","","","","","","","","","","","","","","",""
"41.70385692-75.92382933---2008","https://mapsengine.google.com/06136759344167181854-00219351362547715467-4/wms/?version=1.3.0","41.7038569237","-75.9238293318","2008","Susquehanna","final_internal","","3","","3","other","100","","","1","","1","other","100","","","3","","3","other","100","","","3","","3","other","100","","","","","","","","","","","","","","",""
"41.2930461-78.615657---2010","https://mapsengine.google.com/06136759344167181854-06191489742681286724-4/wms/?version=1.3.0","41.2930461003","-78.615657003","2010","Elk","public","2","9","","11","other","81","","2","9","","11","other","81","","","","","","","","","","","","","","","","","","","","","","","","","","","","",""
"41.76029381-75.9725466---2010","https://mapsengine.google.com/06136759344167181854-06191489742681286724-4/wms/?version=1.3.0","41.76029381","-75.9725466","2010","Susquehanna","first_internal","","3","","3","other","100","","","12","","12","other","100","","","3","","3","other","100","","","","","","","","","","","","","","","","","","","","","",""
"40.10855093-79.79617666---2008","https://mapsengine.google.com/06136759344167181854-00219351362547715467-4/wms/?version=1.3.0","40.1085509306","-79.7961766623","2008","Fayette","sweeper_internal","","1","","1","other","100","","","6","4","10","other","60","","","3","","3","other","100","","","","","","","","","","1","","1","other","100","","","","","","","",""
"41.74971831-76.00081398---2005","https://mapsengine.google.com/06136759344167181854-15960346301379896183-4/wms/?version=1.3.0","41.7497183149","-76.0008139808","2005","Susquehanna","final_internal","","3","","3","other","100","","","1","","1","other","100","","","3","","3","other","100","","","3","","3","other","100","","","","","","","","","","","","","","",""
"41.72479542-76.17307783---2005","https://mapsengine.google.com/06136759344167181854-15960346301379896183-4/wms/?version=1.3.0","41.724795424","-76.1730778265","2005","Bradford","final_internal","","3","","3","other","100","","","1","","1","other","100","","","3","","3","other","100","","","3","","3","other","100","","","","","","","","","","","","","","",""
"39.76616136-79.802441---2010","https://mapsengine.google.com/06136759344167181854-06191489742681286724-4/wms/?version=1.3.0","39.7661613604","-79.8024410022","2010","Fayette","public","","10","","10","other","100","","","10","","10","other","100","","","","","","","","","","","","","","","","","","","","","","","","","","","","",""
"41.72401349-76.19061261---2005","https://mapsengine.google.com/06136759344167181854-15960346301379896183-4/wms/?version=1.3.0","41.7240134855","-76.1906126064","2005","Bradford","final_internal","","3","","3","other","100","","","1","","1","other","100","","","3","","3","other","100","","","3","","3","other","100","","","","","","","","","","","","","","",""
"40.29639146-80.30809834---2010","https://mapsengine.google.com/06136759344167181854-06191489742681286724-4/wms/?version=1.3.0","40.2963914629","-80.3080983409","2010","Washington","public","1","9","","10","other","90","","1","9","","10","other","90","","","","","","","","","","","","","","","","","","","","","","","","","","","","",""
"40.63316122-79.36441492---2008","https://mapsengine.google.com/06136759344167181854-00219351362547715467-4/wms/?version=1.3.0","40.6331612216","-79.3644149242","2008","Armstrong","first_internal","2","","1","3","fracking","66","","6","","1","7","fracking","85","","2","","1","3","fracking","66","","","","","","","","","","","","","","","","","","","","","",""
"41.72987022-76.00638492---2010","https://mapsengine.google.com/06136759344167181854-06191489742681286724-4/wms/?version=1.3.0","41.72987022","-76.00638492","2010","Susquehanna","first_internal","","3","","3","other","100","","","10","","10","other","100","","","3","","3","other","100","","","","","","","","","","","","","","","","","","","","","",""
"39.7202323-79.9778242---2010","https://mapsengine.google.com/06136759344167181854-06191489742681286724-4/wms/?version=1.3.0","39.7202323015","-79.9778242034","2010","Greene","public","","9","1","10","other","90","","","9","1","10","other","90","","","","","","","","","","","","","","","","","","","","","","","","","","","","",""
"39.94526959-80.2646222---2010","https://mapsengine.google.com/06136759344167181854-06191489742681286724-4/wms/?version=1.3.0","39.9452695934","-80.2646221952","2010","Greene","public","10","","","10","fracking","100","","10","","","10","fracking","100","","","","","","","","","","","","","","","","","","","","","","","","","","","","",""
"40.36579241-78.56148347---2008","https://mapsengine.google.com/06136759344167181854-00219351362547715467-4/wms/?version=1.3.0","40.3657924094","-78.5614834749","2008","Blair","first_internal","","3","","3","other","100","","","5","1","6","other","83","","","3","","3","other","100","","","","","","","","","","","","","","","","","","","","","",""
"41.86717752-76.60607232---2010","https://mapsengine.google.com/06136759344167181854-06191489742681286724-4/wms/?version=1.3.0","41.86717752","-76.60607232","2010","Bradford","first_internal","","3","","3","other","100","","","12","","12","other","100","","","3","","3","other","100","","","","","","","","","","","","","","","","","","","","","",""
"40.0243066-80.03777522---2008","https://mapsengine.google.com/06136759344167181854-00219351362547715467-4/wms/?version=1.3.0","40.0243065986","-80.037775219","2008","Washington","sweeper_internal","","1","","1","other","100","","5","1","4","10","fracking","50","","2","","1","3","fracking","66","","","","","","","","","","1","","1","other","100","","","","","","","",""
"39.93471715-79.85263551---2010","https://mapsengine.google.com/06136759344167181854-06191489742681286724-4/wms/?version=1.3.0","39.9347171547","-79.8526355075","2010","Fayette","public","10","","","10","fracking","100","","10","","","10","fracking","100","","","","","","","","","","","","","","","","","","","","","","","","","","","","",""
"40.35155439-78.56549679---2010","https://mapsengine.google.com/06136759344167181854-06191489742681286724-4/wms/?version=1.3.0","40.3515543861","-78.5654967887","2010","Blair","public","","10","","10","other","100","","","10","","10","other","100","","","","","","","","","","","","","","","","","","","","","","","","","","","","",""
"39.91424594-79.85765133---2005","https://mapsengine.google.com/06136759344167181854-15960346301379896183-4/wms/?version=1.3.0","39.9142459374","-79.8576513343","2005","Fayette","final_internal","3","","","3","fracking","100","","1","","","1","fracking","100","","","","","","","","","3","","","3","fracking","100","","","","","","","","","","","","","","",""
"41.71864255-75.93777363---2005","https://mapsengine.google.com/06136759344167181854-15960346301379896183-4/wms/?version=1.3.0","41.7186425474","-75.9377736301","2005","Susquehanna","final_internal","","3","","3","other","100","","","1","","1","other","100","","","3","","3","other","100","","","3","","3","other","100","","","","","","","","","","","","","","",""
"39.87045194-79.95247194---2010","https://mapsengine.google.com/06136759344167181854-06191489742681286724-4/wms/?version=1.3.0","39.8704519357","-79.952471939","2010","Greene","sweeper_internal","","1","","1","other","100","","5","1","4","10","fracking","50","","","","","","","","","","","","","","","","","1","","1","other","100","","","","","","","",""
"40.19522027-79.88063188---2010","https://mapsengine.google.com/06136759344167181854-06191489742681286724-4/wms/?version=1.3.0","40.1952202701","-79.8806318804","2010","Washington","sweeper_internal","","1","","1","other","100","","5","2","3","10","fracking","50","","","","","","","","","","","","","","","","","1","","1","other","100","","","","","","","",""
"39.72304607-79.9937042---2010","https://mapsengine.google.com/06136759344167181854-06191489742681286724-4/wms/?version=1.3.0","39.7230460733","-79.9937041973","2010","Greene","sweeper_internal","","1","","1","other","100","","1","6","3","10","other","60","","","","","","","","","","","","","","","","","1","","1","other","100","","","","","","","",""
"39.98350239-80.27862452---2005","https://mapsengine.google.com/06136759344167181854-15960346301379896183-4/wms/?version=1.3.0","39.983502385","-80.2786245187","2005","Greene","final_internal","","3","","3","other","100","","","1","","1","other","100","","","","","","","","","","3","","3","other","100","","","","","","","","","","","","","","",""
"41.89733234-76.85938832---2010","https://mapsengine.google.com/06136759344167181854-06191489742681286724-4/wms/?version=1.3.0","41.89733234","-76.85938832","2010","Bradford","first_internal","","3","","3","other","100","","","12","","12","other","100","","","3","","3","other","100","","","","","","","","","","","","","","","","","","","","","",""
"39.73042073-80.03574399---2008","https://mapsengine.google.com/06136759344167181854-00219351362547715467-4/wms/?version=1.3.0","39.7304207282","-80.0357439923","2008","Greene","first_internal","","3","","3","other","100","","","9","1","10","other","90","","","3","","3","other","100","","","","","","","","","","","","","","","","","","","","","",""
"39.88237522-80.05202953---2010","https://mapsengine.google.com/06136759344167181854-06191489742681286724-4/wms/?version=1.3.0","39.8823752178","-80.0520295268","2010","Greene","public","","10","","10","other","100","","","10","","10","other","100","","","","","","","","","","","","","","","","","","","","","","","","","","","","",""
"40.25484924-80.2439673---2005","https://mapsengine.google.com/06136759344167181854-15960346301379896183-4/wms/?version=1.3.0","40.2548492441","-80.2439672988","2005","Washington","final_internal","","3","","3","other","100","","","1","","1","other","100","","","","","","","","","","3","","3","other","100","","","","","","","","","","","","","","",""
"40.11793221-79.81963457---2010","https://mapsengine.google.com/06136759344167181854-06191489742681286724-4/wms/?version=1.3.0","40.1179322057","-79.8196345704","2010","Fayette","public","","9","1","10","other","90","","","9","1","10","other","90","","","","","","","","","","","","","","","","","","","","","","","","","","","","",""
"41.68597523-75.97007198---2008","https://mapsengine.google.com/06136759344167181854-00219351362547715467-4/wms/?version=1.3.0","41.6859752273","-75.970071977","2008","Susquehanna","final_internal","","3","","3","other","100","","","1","","1","other","100","","","3","","3","other","100","","","3","","3","other","100","","","","","","","","","","","","","","",""
"39.80863487-79.39106442---2010","https://mapsengine.google.com/06136759344167181854-06191489742681286724-4/wms/?version=1.3.0","39.8086348686","-79.3910644152","2010","Fayette","sweeper_internal","","1","","1","other","100","","3","4","3","10","other","40","","","","","","","","","","","","","","","","","1","","1","other","100","","","","","","","",""
"40.26720071-80.35687879---2010","https://mapsengine.google.com/06136759344167181854-06191489742681286724-4/wms/?version=1.3.0","40.2672007078","-80.3568787942","2010","Washington","public","1","9","","10","other","90","","1","9","","10","other","90","","","","","","","","","","","","","","","","","","","","","","","","","","","","",""
"41.86028449-76.71197159---2010","https://mapsengine.google.com/06136759344167181854-06191489742681286724-4/wms/?version=1.3.0","41.86028449","-76.71197159","2010","Bradford","first_internal","","3","","3","other","100","","1","9","","10","other","90","","","3","","3","other","100","","","","","","","","","","","","","","","","","","","","","",""
"41.82567152-76.97767356---2008","https://mapsengine.google.com/06136759344167181854-00219351362547715467-4/wms/?version=1.3.0","41.8256715178","-76.9776735626","2008","Tioga","final_internal","","3","","3","other","100","","","1","","1","other","100","","","","","","","","","","3","","3","other","100","","","","","","","","","","","","","","",""
"40.79601979-78.61670229---2005","https://mapsengine.google.com/06136759344167181854-15960346301379896183-4/wms/?version=1.3.0","40.7960197877","-78.6167022933","2005","Clearfield","final_internal","","3","","3","other","100","","","1","","1","other","100","","","","","","","","","","3","","3","other","100","","","","","","","","","","","","","","",""
"39.93848261-79.47075496---2010","https://mapsengine.google.com/06136759344167181854-06191489742681286724-4/wms/?version=1.3.0","39.9384826057","-79.4707549631","2010","Fayette","public","10","","","10","fracking","100","","10","","","10","fracking","100","","","","","","","","","","","","","","","","","","","","","","","","","","","","",""
"40.57546041-79.81375216---2005","https://mapsengine.google.com/06136759344167181854-15960346301379896183-4/wms/?version=1.3.0","40.5754604078","-79.8137521588","2005","Allegheny","final_internal","","3","","3","other","100","","","1","","1","other","100","","1","","2","3","unknown","66","","","3","","3","other","100","","","","","","","","","","","","","","",""
"41.74400227-77.14772395---2005","https://mapsengine.google.com/06136759344167181854-15960346301379896183-4/wms/?version=1.3.0","41.7440022696","-77.1477239477","2005","Tioga","missing_internal","","1","","1","other","100","","","","","","fracking|unknown|other","","","","","","","","","","","","","","","","","","","","","","","","","1","","1","other","100",""
"40.43507813-79.06490369---2005","https://mapsengine.google.com/06136759344167181854-15960346301379896183-4/wms/?version=1.3.0","40.4350781272","-79.0649036905","2005","Indiana","final_internal","","3","","3","other","100","","","1","","1","other","100","","","","","","","","","","3","","3","other","100","","","","","","","","","","","","","","",""
"39.90975071-80.00190318---2008","https://mapsengine.google.com/06136759344167181854-00219351362547715467-4/wms/?version=1.3.0","39.9097507072","-80.0019031823","2008","Greene","first_internal","","3","","3","other","100","","1","8","1","10","other","80","","","3","","3","other","100","","","","","","","","","","","","","","","","","","","","","",""
"41.75214197-75.90336935---2010","https://mapsengine.google.com/06136759344167181854-06191489742681286724-4/wms/?version=1.3.0","41.7521419722","-75.9033693463","2010","Susquehanna","sweeper_internal","1","","","1","fracking","100","","7","1","2","10","fracking","70","","1","","2","3","unknown","66","","","","","","","","","1","","","1","fracking","100","","","","","","","",""
"39.92428645-79.9671551---2010","https://mapsengine.google.com/06136759344167181854-06191489742681286724-4/wms/?version=1.3.0","39.9242864478","-79.967155099","2010","Greene","sweeper_internal","","1","","1","other","100","","4","5","1","10","other","50","","","","","","","","","","","","","","","","","1","","1","other","100","","","","","","","",""
"41.83823617-76.95984971---2010","https://mapsengine.google.com/06136759344167181854-06191489742681286724-4/wms/?version=1.3.0","41.8382361736","-76.9598497105","2010","Tioga","public","","11","","11","other","100","","","11","","11","other","100","","","","","","","","","","","","","","","","","","","","","","","","","","","","",""
"39.95834703-80.10139347---2010","https://mapsengine.google.com/06136759344167181854-06191489742681286724-4/wms/?version=1.3.0","39.9583470333","-80.1013934709","2010","Greene","public","","11","","11","other","100","","","11","","11","other","100","","","","","","","","","","","","","","","","","","","","","","","","","","","","",""
"40.29765938-79.62539108---2008","https://mapsengine.google.com/06136759344167181854-00219351362547715467-4/wms/?version=1.3.0","40.2976593838","-79.6253910761","2008","Westmoreland","first_internal","2","1","","3","fracking","66","","1","","","1","fracking","100","","2","1","","3","fracking","66","","","","","","","","","","","","","","","","","","","","","",""
"41.28839865-79.49364256---2008","https://mapsengine.google.com/06136759344167181854-00219351362547715467-4/wms/?version=1.3.0","41.2883986478","-79.4936425567","2008","Clarion","first_internal","","3","","3","other","100","","","6","","6","other","100","","","3","","3","other","100","","","","","","","","","","","","","","","","","","","","","",""
"39.90250816-79.99307254---2008","https://mapsengine.google.com/06136759344167181854-00219351362547715467-4/wms/?version=1.3.0","39.9025081637","-79.993072536","2008","Greene","first_internal","","3","","3","other","100","","","9","1","10","other","90","","","3","","3","other","100","","","","","","","","","","","","","","","","","","","","","",""
"41.44160718-78.25652787---2010","https://mapsengine.google.com/06136759344167181854-06191489742681286724-4/wms/?version=1.3.0","41.4416071779","-78.2565278663","2010","Cameron","public","","10","","10","other","100","","","10","","10","other","100","","","","","","","","","","","","","","","","","","","","","","","","","","","","",""
"41.68471521-77.26411694---2005","https://mapsengine.google.com/06136759344167181854-15960346301379896183-4/wms/?version=1.3.0","41.6847152107","-77.2641169362","2005","Tioga","missing_internal","","1","","1","other","100","","","","","","fracking|unknown|other","","","","","","","","","","","","","","","","","","","","","","","","","1","","1","other","100",""
"41.30638712-79.34712679---2008","https://mapsengine.google.com/06136759344167181854-00219351362547715467-4/wms/?version=1.3.0","41.3063871178","-79.3471267852","2008","Clarion","sweeper_internal","1","","","1","fracking","100","","5","1","4","10","fracking","50","","3","","","3","fracking","100","","","","","","","","","1","","","1","fracking","100","","","","","","","",""
"41.75385726-75.90092277---2010","https://mapsengine.google.com/06136759344167181854-06191489742681286724-4/wms/?version=1.3.0","41.75385726","-75.90092277","2010","Susquehanna","first_internal","","3","","3","other","100","","","9","1","10","other","90","","","3","","3","other","100","","","","","","","","","","","","","","","","","","","","","",""
"40.25118774-80.32356866---2008","https://mapsengine.google.com/06136759344167181854-00219351362547715467-4/wms/?version=1.3.0","40.2511877447","-80.323568656","2008","Washington","first_internal","4","","","4","fracking","100","","9","1","","10","fracking","90","","4","","","4","fracking","100","","","","","","","","","","","","","","","","","","","","","",""
"40.83408918-78.63689965---2010","https://mapsengine.google.com/06136759344167181854-06191489742681286724-4/wms/?version=1.3.0","40.8340891762","-78.6368996461","2010","Clearfield","public","","12","","12","other","100","","","12","","12","other","100","","","","","","","","","","","","","","","","","","","","","","","","","","","","",""
"41.74248049-76.06051941---2010","https://mapsengine.google.com/06136759344167181854-06191489742681286724-4/wms/?version=1.3.0","41.74248049","-76.06051941","2010","Susquehanna","first_internal","","3","","3","other","100","","","10","","10","other","100","","","3","","3","other","100","","","","","","","","","","","","","","","","","","","","","",""
"41.70231566-76.72513143---2008","https://mapsengine.google.com/06136759344167181854-00219351362547715467-4/wms/?version=1.3.0","41.702315665","-76.7251314261","2008","Bradford","final_internal","","3","","3","other","100","","","1","","1","other","100","","","","","","","","","","3","","3","other","100","","","","","","","","","","","","","","",""
"41.77311417-76.22433585---2010","https://mapsengine.google.com/06136759344167181854-06191489742681286724-4/wms/?version=1.3.0","41.7731141745","-76.2243358545","2010","Bradford","sweeper_internal","1","","","1","fracking","100","","7","2","1","10","fracking","70","","3","","","3","fracking","100","","","","","","","","","1","","","1","fracking","100","","","","","","","",""
"41.62111794-76.46196782---2010","https://mapsengine.google.com/06136759344167181854-06191489742681286724-4/wms/?version=1.3.0","41.6211179439","-76.4619678158","2010","Bradford","sweeper_internal","","1","","1","other","100","","4","5","1","10","other","50","","","3","","3","other","100","","","","","","","","","","1","","1","other","100","","","","","","","",""
"40.80483824-79.54912434---2010","https://mapsengine.google.com/06136759344167181854-06191489742681286724-4/wms/?version=1.3.0","40.804838243","-79.5491243391","2010","Armstrong","public","","9","1","10","other","90","","","9","1","10","other","90","","","","","","","","","","","","","","","","","","","","","","","","","","","","",""
"40.92190206-79.97001537---2008","https://mapsengine.google.com/06136759344167181854-00219351362547715467-4/wms/?version=1.3.0","40.9219020594","-79.9700153726","2008","Butler","first_internal","","3","","3","other","100","","","2","","2","other","100","","","3","","3","other","100","","","","","","","","","","","","","","","","","","","","","",""
"41.69887259-75.90134284---2005","https://mapsengine.google.com/06136759344167181854-15960346301379896183-4/wms/?version=1.3.0","41.6988725926","-75.9013428393","2005","Susquehanna","final_internal","","3","","3","other","100","","","1","","1","other","100","","","3","","3","other","100","","","3","","3","other","100","","","","","","","","","","","","","","",""
"40.85363448-79.50614413---2005","https://mapsengine.google.com/06136759344167181854-15960346301379896183-4/wms/?version=1.3.0","40.8536344821","-79.5061441282","2005","Armstrong","final_internal","","3","","3","other","100","","","1","","1","other","100","","","","","","","","","","3","","3","other","100","","","","","","","","","","","","","","",""
"40.76016732-79.83830649---2010","https://mapsengine.google.com/06136759344167181854-06191489742681286724-4/wms/?version=1.3.0","40.760167317","-79.8383064918","2010","Butler","public","","12","3","15","other","80","","","12","3","15","other","80","","","","","","","","","","","","","","","","","","","","","","","","","","","","",""
"40.74586712-80.02992735---2005","https://mapsengine.google.com/06136759344167181854-15960346301379896183-4/wms/?version=1.3.0","40.7458671183","-80.029927349","2005","Butler","final_internal","","3","","3","other","100","","","1","","1","other","100","","","","","","","","","","3","","3","other","100","","","","","","","","","","","","","","",""
"40.85300797-79.51440276---2005","https://mapsengine.google.com/06136759344167181854-15960346301379896183-4/wms/?version=1.3.0","40.8530079654","-79.5144027579","2005","Armstrong","final_internal","","3","","3","other","100","","","1","","1","other","100","","","","","","","","","","3","","3","other","100","","","","","","","","","","","","","","",""
"41.77280525-76.1047983---2005","https://mapsengine.google.com/06136759344167181854-15960346301379896183-4/wms/?version=1.3.0","41.7728052524","-76.1047982969","2005","Susquehanna","final_internal","","3","","3","other","100","","","1","","1","other","100","","","3","","3","other","100","","","3","","3","other","100","","","","","","","","","","","","","","",""
"41.29388786-79.49114799---2005","https://mapsengine.google.com/06136759344167181854-15960346301379896183-4/wms/?version=1.3.0","41.293887856","-79.491147988","2005","Clarion","final_internal","3","","","3","fracking","100","","","1","","1","other","100","","","","","","","","","3","","","3","fracking","100","","","","","","","","","","","","","","",""
"41.57059269-78.63183665---2010","https://mapsengine.google.com/06136759344167181854-06191489742681286724-4/wms/?version=1.3.0","41.5705926888","-78.6318366476","2010","Elk","public","","10","","10","other","100","","","10","","10","other","100","","","","","","","","","","","","","","","","","","","","","","","","","","","","",""
"41.02578229-78.81214088---2010","https://mapsengine.google.com/06136759344167181854-06191489742681286724-4/wms/?version=1.3.0","41.0257822914","-78.812140881","2010","Jefferson","public","","10","","10","other","100","","","10","","10","other","100","","","","","","","","","","","","","","","","","","","","","","","","","","","","",""
"40.88544184-79.72665431---2010","https://mapsengine.google.com/06136759344167181854-06191489742681286724-4/wms/?version=1.3.0","40.8854418387","-79.7266543074","2010","Butler","sweeper_internal","1","","","1","fracking","100","","12","","4","16","fracking","75","","","","","","","","","","","","","","","","1","","","1","fracking","100","","","","","","","",""
"41.93398371-77.35499396---2005","https://mapsengine.google.com/06136759344167181854-15960346301379896183-4/wms/?version=1.3.0","41.933983713","-77.3549939587","2005","Tioga","missing_internal","","1","","1","other","100","","","","","","fracking|unknown|other","","","","","","","","","","","","","","","","","","","","","","","","","1","","1","other","100",""
"41.74156345-77.03684269---2010","https://mapsengine.google.com/06136759344167181854-06191489742681286724-4/wms/?version=1.3.0","41.7415634525","-77.0368426881","2010","Tioga","sweeper_internal","","1","","1","other","100","","","5","5","10","unknown|other","","50|50","","","","","","","","","","","","","","","","1","","1","other","100","","","","","","","",""
"41.78193804-76.98772789---2010","https://mapsengine.google.com/06136759344167181854-06191489742681286724-4/wms/?version=1.3.0","41.7819380391","-76.9877278906","2010","Tioga","public","","11","","11","other","100","","","11","","11","other","100","","","","","","","","","","","","","","","","","","","","","","","","","","","","",""
"40.11108278-80.06116647---2005","https://mapsengine.google.com/06136759344167181854-15960346301379896183-4/wms/?version=1.3.0","40.111082782","-80.0611664663","2005","Washington","final_internal","","3","","3","other","100","","","1","","1","other","100","","","","","","","","","","3","","3","other","100","","","","","","","","","","","","","","",""
"40.10321436-79.79201286---2010","https://mapsengine.google.com/06136759344167181854-06191489742681286724-4/wms/?version=1.3.0","40.1032143571","-79.7920128583","2010","Fayette","public","8","","2","10","fracking","80","","8","","2","10","fracking","80","","","","","","","","","","","","","","","","","","","","","","","","","","","","",""
"39.77024834-79.89204994---2010","https://mapsengine.google.com/06136759344167181854-06191489742681286724-4/wms/?version=1.3.0","39.7702483384","-79.8920499403","2010","Fayette","sweeper_internal","","1","","1","other","100","","","9","3","12","other","75","","","","","","","","","","","","","","","","","1","","1","other","100","","","","","","","",""
"41.09614201-78.30765768---2010","https://mapsengine.google.com/06136759344167181854-06191489742681286724-4/wms/?version=1.3.0","41.0961420066","-78.3076576798","2010","Clearfield","public","24","1","5","30","fracking","80","","24","1","5","30","fracking","80","","","","","","","","","","","","","","","","","","","","","","","","","","","","",""
"40.99969907-78.85356871---2008","https://mapsengine.google.com/06136759344167181854-00219351362547715467-4/wms/?version=1.3.0","40.9996990701","-78.853568709","2008","Jefferson","first_internal","","3","","3","other","100","","","9","1","10","other","90","","","3","","3","other","100","","","","","","","","","","","","","","","","","","","","","",""
"40.75946372-80.03134979---2008","https://mapsengine.google.com/06136759344167181854-00219351362547715467-4/wms/?version=1.3.0","40.7594637205","-80.031349788","2008","Butler","first_internal","","3","","3","other","100","","","2","","2","other","100","","","3","","3","other","100","","","","","","","","","","","","","","","","","","","","","",""
"41.62634458-76.83100533---2010","https://mapsengine.google.com/06136759344167181854-06191489742681286724-4/wms/?version=1.3.0","41.62634458","-76.83100533","2010","Bradford","first_internal","","3","","3","other","100","","","10","","10","other","100","","","3","","3","other","100","","","","","","","","","","","","","","","","","","","","","",""
"41.94810997-78.79224214---2008","https://mapsengine.google.com/06136759344167181854-00219351362547715467-4/wms/?version=1.3.0","41.9481099676","-78.792242142","2008","McKean","sweeper_internal","","1","","1","other","100","","5","2","3","10","fracking","50","","1","1","1","3","fracking|unknown|other","","33|33|33","","","","","","","","","1","","1","other","100","","","","","","","",""
"40.86342773-79.58474571---2008","https://mapsengine.google.com/06136759344167181854-00219351362547715467-4/wms/?version=1.3.0","40.8634277334","-79.5847457053","2008","Armstrong","first_internal","","3","","3","other","100","","","6","","6","other","100","","","3","","3","other","100","","","","","","","","","","","","","","","","","","","","","",""
"41.52121381-76.34605218---2010","https://mapsengine.google.com/06136759344167181854-06191489742681286724-4/wms/?version=1.3.0","41.52121381","-76.34605218","2010","Sullivan","first_internal","","3","","3","other","100","","","9","1","10","other","90","","","3","","3","other","100","","","","","","","","","","","","","","","","","","","","","",""
"41.87091689-77.91635483---2010","https://mapsengine.google.com/06136759344167181854-06191489742681286724-4/wms/?version=1.3.0","41.8709168859","-77.9163548313","2010","Potter","sweeper_internal","1","","","1","fracking","100","","9","1","2","12","fracking","75","","","","","","","","","","","","","","","","1","","","1","fracking","100","","","","","","","",""
"41.76912635-77.0021985---2010","https://mapsengine.google.com/06136759344167181854-06191489742681286724-4/wms/?version=1.3.0","41.7691263534","-77.0021985006","2010","Tioga","public","","10","","10","other","100","","","10","","10","other","100","","","","","","","","","","","","","","","","","","","","","","","","","","","","",""
"41.73290278-75.89274784---2008","https://mapsengine.google.com/06136759344167181854-00219351362547715467-4/wms/?version=1.3.0","41.73290278","-75.8927478385","2008","Susquehanna","final_internal","","3","","3","other","100","","","1","","1","other","100","","","3","","3","other","100","","","3","","3","other","100","","","","","","","","","","","","","","",""
"40.09386416-79.81192763---2010","https://mapsengine.google.com/06136759344167181854-06191489742681286724-4/wms/?version=1.3.0","40.0938641564","-79.8119276294","2010","Fayette","public","","9","1","10","other","90","","","9","1","10","other","90","","","","","","","","","","","","","","","","","","","","","","","","","","","","",""
"39.94790781-78.89360796---2010","https://mapsengine.google.com/06136759344167181854-06191489742681286724-4/wms/?version=1.3.0","39.9479078081","-78.8936079647","2010","Somerset","public","","12","1","13","other","92","","","12","1","13","other","92","","","","","","","","","","","","","","","","","","","","","","","","","","","","",""
"40.80948797-80.04685816---2010","https://mapsengine.google.com/06136759344167181854-06191489742681286724-4/wms/?version=1.3.0","40.809487966","-80.0468581633","2010","Butler","public","","10","","10","other","100","","","10","","10","other","100","","","","","","","","","","","","","","","","","","","","","","","","","","","","",""
"41.58053902-77.03277568---2005","https://mapsengine.google.com/06136759344167181854-15960346301379896183-4/wms/?version=1.3.0","41.5805390237","-77.0327756753","2005","Tioga","final_internal","","3","","3","other","100","","","1","","1","other","100","","","","","","","","","","3","","3","other","100","","","","","","","","","","","","","","",""
"41.57945587-77.06869337---2008","https://mapsengine.google.com/06136759344167181854-00219351362547715467-4/wms/?version=1.3.0","41.5794558734","-77.0686933712","2008","Tioga","final_internal","","3","","3","other","100","","","1","","1","other","100","","","","","","","","","","3","","3","other","100","","","","","","","","","","","","","","",""
"39.83467727-79.98286276---2010","https://mapsengine.google.com/06136759344167181854-06191489742681286724-4/wms/?version=1.3.0","39.8346772657","-79.9828627554","2010","Greene","sweeper_internal","","1","","1","other","100","","2","7","1","10","other","70","","","","","","","","","","","","","","","","","1","","1","other","100","","","","","","","",""
"41.24410719-77.97766598---2008","https://mapsengine.google.com/06136759344167181854-00219351362547715467-4/wms/?version=1.3.0","41.2441071901","-77.9776659817","2008","Clinton","final_internal","3","","","3","fracking","100","","1","","","1","fracking","100","","","","","","","","","3","","","3","fracking","100","","","","","","","","","","","","","","",""
"40.79226823-79.48339554---2008","https://mapsengine.google.com/06136759344167181854-00219351362547715467-4/wms/?version=1.3.0","40.7922682295","-79.483395536","2008","Armstrong","first_internal","","3","","3","other","100","","2","2","2","6","fracking|unknown|other","","33|33|33","","3","","3","other","100","","","","","","","","","","","","","","","","","","","","","",""
"41.87631706-76.27173383---2008","https://mapsengine.google.com/06136759344167181854-00219351362547715467-4/wms/?version=1.3.0","41.8763170578","-76.2717338301","2008","Bradford","final_internal","","4","","4","other","100","","","1","","1","other","100","","","3","","3","other","100","","","4","","4","other","100","","","","","","","","","","","","","","",""
"41.68290207-75.87449898---2010","https://mapsengine.google.com/06136759344167181854-06191489742681286724-4/wms/?version=1.3.0","41.6829020719","-75.8744989803","2010","Susquehanna","sweeper_internal","","1","","1","other","100","","3","6","1","10","other","60","","","3","","3","other","100","","","","","","","","","","1","","1","other","100","","","","","","","",""
"41.40576929-76.98449963---2010","https://mapsengine.google.com/06136759344167181854-06191489742681286724-4/wms/?version=1.3.0","41.4057692904","-76.9844996325","2010","Lycoming","public","","10","2","12","other","83","","","10","2","12","other","83","","","","","","","","","","","","","","","","","","","","","","","","","","","","",""
"41.70469955-75.86422241---2005","https://mapsengine.google.com/06136759344167181854-15960346301379896183-4/wms/?version=1.3.0","41.7046995501","-75.864222406","2005","Susquehanna","final_internal","","3","","3","other","100","","","1","","1","other","100","","","3","","3","other","100","","","3","","3","other","100","","","","","","","","","","","","","","",""
"40.23187287-80.41920186---2008","https://mapsengine.google.com/06136759344167181854-00219351362547715467-4/wms/?version=1.3.0","40.2318728686","-80.4192018558","2008","Washington","first_internal","","3","","3","other","100","","","10","","10","other","100","","","3","","3","other","100","","","","","","","","","","","","","","","","","","","","","",""
"41.95021084-78.79573644---2008","https://mapsengine.google.com/06136759344167181854-00219351362547715467-4/wms/?version=1.3.0","41.9502108396","-78.7957364388","2008","McKean","sweeper_internal","","1","","1","other","100","","7","","3","10","fracking","70","","3","","","3","fracking","100","","","","","","","","","","1","","1","other","100","","","","","","","",""
"41.79454661-76.0348709---2005","https://mapsengine.google.com/06136759344167181854-15960346301379896183-4/wms/?version=1.3.0","41.7945466077","-76.0348709012","2005","Susquehanna","final_internal","","3","","3","other","100","","","1","","1","other","100","","","2","1","3","other","66","","","3","","3","other","100","","","","","","","","","","","","","","",""
"40.27740614-80.33942792---2010","https://mapsengine.google.com/06136759344167181854-06191489742681286724-4/wms/?version=1.3.0","40.2774061405","-80.3394279216","2010","Washington","public","","10","","10","other","100","","","10","","10","other","100","","","","","","","","","","","","","","","","","","","","","","","","","","","","",""
"41.71607551-76.07697858---2008","https://mapsengine.google.com/06136759344167181854-00219351362547715467-4/wms/?version=1.3.0","41.7160755123","-76.076978577","2008","Susquehanna","final_internal","","3","","3","other","100","","","1","","1","other","100","","","3","","3","other","100","","","3","","3","other","100","","","","","","","","","","","","","","",""
"41.89787926-75.96251854---2008","https://mapsengine.google.com/06136759344167181854-00219351362547715467-4/wms/?version=1.3.0","41.8978792615","-75.9625185389","2008","Susquehanna","final_internal","","3","","3","other","100","","","1","","1","other","100","","","3","","3","other","100","","","3","","3","other","100","","","","","","","","","","","","","","",""
"40.92586914-79.74655072---2008","https://mapsengine.google.com/06136759344167181854-00219351362547715467-4/wms/?version=1.3.0","40.9258691426","-79.7465507193","2008","Butler","first_internal","","3","","3","other","100","","","2","","2","other","100","","","3","","3","other","100","","","","","","","","","","","","","","","","","","","","","",""
"41.59393346-78.33146371---2008","https://mapsengine.google.com/06136759344167181854-00219351362547715467-4/wms/?version=1.3.0","41.5939334591","-78.3314637111","2008","Cameron","first_internal","1","2","","3","other","66","","","4","2","6","other","66","","1","2","","3","other","66","","","","","","","","","","","","","","","","","","","","","",""
"40.77039009-80.04390821---2010","https://mapsengine.google.com/06136759344167181854-06191489742681286724-4/wms/?version=1.3.0","40.7703900886","-80.0439082096","2010","Butler","public","","19","1","20","other","95","","","19","1","20","other","95","","","","","","","","","","","","","","","","","","","","","","","","","","","","",""
"41.67644422-76.77712818---2010","https://mapsengine.google.com/06136759344167181854-06191489742681286724-4/wms/?version=1.3.0","41.67644422","-76.77712818","2010","Bradford","first_internal","","3","","3","other","100","","","13","","13","other","100","","","3","","3","other","100","","","","","","","","","","","","","","","","","","","","","",""
"40.67768594-79.75520576---2010","https://mapsengine.google.com/06136759344167181854-06191489742681286724-4/wms/?version=1.3.0","40.6776859372","-79.7552057558","2010","Butler","public","","18","1","19","other","94","","","18","1","19","other","94","","","","","","","","","","","","","","","","","","","","","","","","","","","","",""
"39.93257455-79.84063554---2005","https://mapsengine.google.com/06136759344167181854-15960346301379896183-4/wms/?version=1.3.0","39.9325745549","-79.8406355401","2005","Fayette","final_internal","","3","","3","other","100","","","","1","1","unknown","100","","","","","","","","","","3","","3","other","100","","","","","","","","","","","","","","",""
"40.282682-80.31928161---2005","https://mapsengine.google.com/06136759344167181854-15960346301379896183-4/wms/?version=1.3.0","40.2826819996","-80.3192816067","2005","Washington","final_internal","","3","","3","other","100","","","1","","1","other","100","","","","","","","","","","3","","3","other","100","","","","","","","","","","","","","","",""
"41.71102523-76.02145439---2010","https://mapsengine.google.com/06136759344167181854-06191489742681286724-4/wms/?version=1.3.0","41.71102523","-76.02145439","2010","Susquehanna","first_internal","","3","","3","other","100","","","9","1","10","other","90","","","3","","3","other","100","","","","","","","","","","","","","","","","","","","","","",""
"41.94799306-76.95427809---2008","https://mapsengine.google.com/06136759344167181854-00219351362547715467-4/wms/?version=1.3.0","41.9479930633","-76.9542780884","2008","Tioga","final_internal","","3","","3","other","100","","","1","","1","other","100","","","","","","","","","","3","","3","other","100","","","","","","","","","","","","","","",""
"41.7201134-75.89102958---2010","https://mapsengine.google.com/06136759344167181854-06191489742681286724-4/wms/?version=1.3.0","41.7201134","-75.89102958","2010","Susquehanna","first_internal","","3","","3","other","100","","","12","","12","other","100","","","3","","3","other","100","","","","","","","","","","","","","","","","","","","","","",""
"41.68791444-77.40918266---2010","https://mapsengine.google.com/06136759344167181854-06191489742681286724-4/wms/?version=1.3.0","41.6879144445","-77.4091826621","2010","Tioga","public","10","1","","11","fracking","90","","10","1","","11","fracking","90","","","","","","","","","","","","","","","","","","","","","","","","","","","","",""
"40.23512742-80.4082656---2010","https://mapsengine.google.com/06136759344167181854-06191489742681286724-4/wms/?version=1.3.0","40.2351274167","-80.4082655957","2010","Washington","public","","10","","10","other","100","","","10","","10","other","100","","","","","","","","","","","","","","","","","","","","","","","","","","","","",""
"39.87119904-79.98843803---2005","https://mapsengine.google.com/06136759344167181854-15960346301379896183-4/wms/?version=1.3.0","39.8711990362","-79.9884380317","2005","Greene","final_internal","","3","","3","other","100","","","1","","1","other","100","","","","","","","","","","3","","3","other","100","","","","","","","","","","","","","","",""
"41.68619969-75.87050012---2008","https://mapsengine.google.com/06136759344167181854-00219351362547715467-4/wms/?version=1.3.0","41.6861996923","-75.8705001224","2008","Susquehanna","final_internal","","3","","3","other","100","","","1","","1","other","100","","","3","","3","other","100","","","3","","3","other","100","","","","","","","","","","","","","","",""
"41.81613997-76.87713359---2008","https://mapsengine.google.com/06136759344167181854-00219351362547715467-4/wms/?version=1.3.0","41.81613997","-76.8771335931","2008","Bradford","final_internal","","3","","3","other","100","","","1","","1","other","100","","","3","","3","other","100","","","3","","3","other","100","","","","","","","","","","","","","","",""
"41.72500244-76.70524833---2010","https://mapsengine.google.com/06136759344167181854-06191489742681286724-4/wms/?version=1.3.0","41.72500244","-76.70524833","2010","Bradford","first_internal","","3","","3","other","100","","","10","","10","other","100","","","3","","3","other","100","","","","","","","","","","","","","","","","","","","","","",""
"39.9407736-79.95569109---2008","https://mapsengine.google.com/06136759344167181854-00219351362547715467-4/wms/?version=1.3.0","39.9407735959","-79.9556910923","2008","Greene","sweeper_internal","1","","","1","fracking","100","","6","","4","10","fracking","60","","2","","1","3","fracking","66","","","","","","","","","1","","","1","fracking","100","","","","","","","",""
"39.93274876-79.84688814---2008","https://mapsengine.google.com/06136759344167181854-00219351362547715467-4/wms/?version=1.3.0","39.9327487586","-79.8468881436","2008","Fayette","first_internal","","3","","3","other","100","","","9","1","10","other","90","","","3","","3","other","100","","","","","","","","","","","","","","","","","","","","","",""
"41.55099484-76.47000614---2008","https://mapsengine.google.com/06136759344167181854-00219351362547715467-4/wms/?version=1.3.0","41.5509948413","-76.4700061374","2008","Sullivan","final_internal","","3","","3","other","100","","","1","","1","other","100","","","3","","3","other","100","","","3","","3","other","100","","","","","","","","","","","","","","",""
"41.23820176-76.60093128---2010","https://mapsengine.google.com/06136759344167181854-06191489742681286724-4/wms/?version=1.3.0","41.2382017635","-76.6009312839","2010","Lycoming","sweeper_internal","","1","","1","other","100","","7","","3","10","fracking","70","","","","","","","","","","","","","","","","","1","","1","other","100","","","","","","","",""
"40.50875654-79.18910106---2008","https://mapsengine.google.com/06136759344167181854-00219351362547715467-4/wms/?version=1.3.0","40.5087565445","-79.1891010555","2008","Indiana","final_internal","","4","","4","other","100","","1","","","1","fracking","100","","","","","","","","","","4","","4","other","100","","","","","","","","","","","","","","",""
"41.06793226-77.90273587---2008","https://mapsengine.google.com/06136759344167181854-00219351362547715467-4/wms/?version=1.3.0","41.0679322561","-77.9027358699","2008","Centre","final_internal","","3","","3","other","100","","","1","","1","other","100","","","","","","","","","","3","","3","other","100","","","","","","","","","","","","","","",""
"39.72673128-79.99120585---2008","https://mapsengine.google.com/06136759344167181854-00219351362547715467-4/wms/?version=1.3.0","39.7267312843","-79.9912058502","2008","Greene","sweeper_internal","","1","","1","other","100","","7","2","1","10","fracking","70","","2","","1","3","fracking","66","","","","","","","","","","1","","1","other","100","","","","","","","",""
"39.93925239-80.04917671---2008","https://mapsengine.google.com/06136759344167181854-00219351362547715467-4/wms/?version=1.3.0","39.9392523897","-80.0491767132","2008","Greene","first_internal","","3","","3","other","100","","","10","","10","other","100","","","3","","3","other","100","","","","","","","","","","","","","","","","","","","","","",""
"41.78621781-77.21474581---2010","https://mapsengine.google.com/06136759344167181854-06191489742681286724-4/wms/?version=1.3.0","41.7862178073","-77.2147458077","2010","Tioga","public","","10","1","11","other","90","","","10","1","11","other","90","","","","","","","","","","","","","","","","","","","","","","","","","","","","",""
"41.64277224-76.37789039---2008","https://mapsengine.google.com/06136759344167181854-00219351362547715467-4/wms/?version=1.3.0","41.6427722364","-76.3778903932","2008","Bradford","final_internal","","4","","4","other","100","","","1","","1","other","100","","","3","","3","other","100","","","4","","4","other","100","","","","","","","","","","","","","","",""
"39.7402798-80.01291866---2005","https://mapsengine.google.com/06136759344167181854-15960346301379896183-4/wms/?version=1.3.0","39.7402797995","-80.0129186648","2005","Greene","final_internal","","3","","3","other","100","","","1","","1","other","100","","","","","","","","","","3","","3","other","100","","","","","","","","","","","","","","",""
"41.96098655-76.93945524---2008","https://mapsengine.google.com/06136759344167181854-00219351362547715467-4/wms/?version=1.3.0","41.9609865471","-76.9394552417","2008","Tioga","final_internal","","3","","3","other","100","","","1","","1","other","100","","","","","","","","","","3","","3","other","100","","","","","","","","","","","","","","",""
"41.76397952-75.97247052---2010","https://mapsengine.google.com/06136759344167181854-06191489742681286724-4/wms/?version=1.3.0","41.7639795171","-75.9724705193","2010","Susquehanna","sweeper_internal","","1","","1","other","100","","3","7","3","13","other","53","","","3","","3","other","100","","","","","","","","","","1","","1","other","100","","","","","","","",""
"40.8761489-79.56626921---2008","https://mapsengine.google.com/06136759344167181854-00219351362547715467-4/wms/?version=1.3.0","40.8761488966","-79.566269212","2008","Armstrong","first_internal","","3","","3","other","100","","","6","","6","other","100","","","3","","3","other","100","","","","","","","","","","","","","","","","","","","","","",""
"41.0022543-78.85810835---2005","https://mapsengine.google.com/06136759344167181854-15960346301379896183-4/wms/?version=1.3.0","41.002254297","-78.8581083499","2005","Jefferson","final_internal","","3","","3","other","100","","","1","","1","other","100","","","","","","","","","","3","","3","other","100","","","","","","","","","","","","","","",""
"41.76709535-75.93179672---2008","https://mapsengine.google.com/06136759344167181854-00219351362547715467-4/wms/?version=1.3.0","41.7670953467","-75.9317967195","2008","Susquehanna","final_internal","","3","","3","other","100","","","1","","1","other","100","","","3","","3","other","100","","","3","","3","other","100","","","","","","","","","","","","","","",""
"41.72472359-76.15648859---2010","https://mapsengine.google.com/06136759344167181854-06191489742681286724-4/wms/?version=1.3.0","41.72472359","-76.15648859","2010","Bradford","first_internal","","3","","3","other","100","","","12","","12","other","100","","","3","","3","other","100","","","","","","","","","","","","","","","","","","","","","",""
"40.47904461-79.56515393---2010","https://mapsengine.google.com/06136759344167181854-06191489742681286724-4/wms/?version=1.3.0","40.4790446087","-79.5651539301","2010","Westmoreland","sweeper_internal","","1","","1","other","100","","","6","4","10","other","60","","","","","","","","","","","","","","","","","1","","1","other","100","","","","","","","",""
"41.75779803-75.94190991---2010","https://mapsengine.google.com/06136759344167181854-06191489742681286724-4/wms/?version=1.3.0","41.75779803","-75.94190991","2010","Susquehanna","first_internal","","3","","3","other","100","","","10","","10","other","100","","","3","","3","other","100","","","","","","","","","","","","","","","","","","","","","",""
"41.93242486-76.94485915---2008","https://mapsengine.google.com/06136759344167181854-00219351362547715467-4/wms/?version=1.3.0","41.9324248643","-76.9448591544","2008","Tioga","final_internal","","3","","3","other","100","","","1","","1","other","100","","","","","","","","","","3","","3","other","100","","","","","","","","","","","","","","",""
"41.68221-76.31424893---2008","https://mapsengine.google.com/06136759344167181854-00219351362547715467-4/wms/?version=1.3.0","41.6822099974","-76.3142489311","2008","Bradford","final_internal","","3","","3","other","100","","","1","","1","other","100","","","3","","3","other","100","","","3","","3","other","100","","","","","","","","","","","","","","",""
"40.29417613-79.62510736---2008","https://mapsengine.google.com/06136759344167181854-00219351362547715467-4/wms/?version=1.3.0","40.2941761339","-79.6251073554","2008","Westmoreland","first_internal","3","","","3","fracking","100","","1","","","1","fracking","100","","3","","","3","fracking","100","","","","","","","","","","","","","","","","","","","","","",""
"39.93346328-79.96206141---2008","https://mapsengine.google.com/06136759344167181854-00219351362547715467-4/wms/?version=1.3.0","39.9334632795","-79.9620614118","2008","Greene","sweeper_internal","","1","","1","other","100","","2","6","2","10","other","60","","","3","","3","other","100","","","","","","","","","","1","","1","other","100","","","","","","","",""
"41.68064589-76.09832889---2010","https://mapsengine.google.com/06136759344167181854-06191489742681286724-4/wms/?version=1.3.0","41.68064589","-76.09832889","2010","Susquehanna","first_internal","","3","","3","other","100","","","11","","11","other","100","","","3","","3","other","100","","","","","","","","","","","","","","","","","","","","","",""
"41.53371106-77.00410437---2010","https://mapsengine.google.com/06136759344167181854-06191489742681286724-4/wms/?version=1.3.0","41.5337110612","-77.00410437","2010","Lycoming","sweeper_internal","","1","","1","other","100","","1","7","2","10","other","70","","","","","","","","","","","","","","","","","1","","1","other","100","","","","","","","",""
"40.86619079-79.50099266---2010","https://mapsengine.google.com/06136759344167181854-06191489742681286724-4/wms/?version=1.3.0","40.8661907935","-79.5009926579","2010","Armstrong","sweeper_internal","","1","","1","other","100","","1","4","5","10","unknown","50","","","","","","","","","","","","","","","","","1","","1","other","100","","","","","","","",""
"41.73215347-75.88569884---2005","https://mapsengine.google.com/06136759344167181854-15960346301379896183-4/wms/?version=1.3.0","41.732153467","-75.8856988392","2005","Susquehanna","final_internal","","4","","4","other","100","","","1","","1","other","100","","","3","","3","other","100","","","4","","4","other","100","","","","","","","","","","","","","","",""
"41.77072385-77.12838112---2008","https://mapsengine.google.com/06136759344167181854-00219351362547715467-4/wms/?version=1.3.0","41.7707238541","-77.1283811216","2008","Tioga","final_internal","","3","","3","other","100","","","1","","1","other","100","","","","","","","","","","3","","3","other","100","","","","","","","","","","","","","","",""
"41.70816017-76.09478554---2010","https://mapsengine.google.com/06136759344167181854-06191489742681286724-4/wms/?version=1.3.0","41.7081601686","-76.0947855407","2010","Susquehanna","sweeper_internal","1","","","1","fracking","100","","3","4","3","10","other","40","","2","","1","3","fracking","66","","","","","","","","","1","","","1","fracking","100","","","","","","","",""
"40.75368175-79.79439323---2008","https://mapsengine.google.com/06136759344167181854-00219351362547715467-4/wms/?version=1.3.0","40.7536817458","-79.7943932336","2008","Butler","final_internal","","3","","3","other","100","","","1","","1","other","100","","","","","","","","","","3","","3","other","100","","","","","","","","","","","","","","",""
"41.24889817-77.47828514---2010","https://mapsengine.google.com/06136759344167181854-06191489742681286724-4/wms/?version=1.3.0","41.2488981737","-77.4782851434","2010","Clinton","public","","10","","10","other","100","","","10","","10","other","100","","","","","","","","","","","","","","","","","","","","","","","","","","","","",""
"39.73188242-80.00075088---2010","https://mapsengine.google.com/06136759344167181854-06191489742681286724-4/wms/?version=1.3.0","39.7318824229","-80.0007508844","2010","Greene","public","","10","","10","other","100","","","10","","10","other","100","","","","","","","","","","","","","","","","","","","","","","","","","","","","",""
"41.29058302-78.91171049---2008","https://mapsengine.google.com/06136759344167181854-00219351362547715467-4/wms/?version=1.3.0","41.2905830217","-78.911710491","2008","Jefferson","first_internal","","3","","3","other","100","","","10","","10","other","100","","","3","","3","other","100","","","","","","","","","","","","","","","","","","","","","",""
"41.7307136-77.36812098---2005","https://mapsengine.google.com/06136759344167181854-15960346301379896183-4/wms/?version=1.3.0","41.7307136046","-77.3681209818","2005","Tioga","missing_internal","","1","","1","other","100","","","","","","fracking|unknown|other","","","","","","","","","","","","","","","","","","","","","","","","","1","","1","other","100",""
"41.88665893-75.89189338---2005","https://mapsengine.google.com/06136759344167181854-15960346301379896183-4/wms/?version=1.3.0","41.8866589296","-75.8918933795","2005","Susquehanna","final_internal","","3","","3","other","100","","","1","","1","other","100","","","3","","3","other","100","","","3","","3","other","100","","","","","","","","","","","","","","",""
"40.81132256-80.03967164---2010","https://mapsengine.google.com/06136759344167181854-06191489742681286724-4/wms/?version=1.3.0","40.8113225574","-80.0396716375","2010","Butler","public","","20","","20","other","100","","","20","","20","other","100","","","","","","","","","","","","","","","","","","","","","","","","","","","","",""
"41.75052425-76.84584935---2005","https://mapsengine.google.com/06136759344167181854-15960346301379896183-4/wms/?version=1.3.0","41.7505242541","-76.8458493476","2005","Bradford","final_internal","","3","","3","other","100","","","1","","1","other","100","","","3","","3","other","100","","","3","","3","other","100","","","","","","","","","","","","","","",""
"41.69445394-76.78187498---2005","https://mapsengine.google.com/06136759344167181854-15960346301379896183-4/wms/?version=1.3.0","41.694453941","-76.7818749801","2005","Bradford","final_internal","","3","","3","other","100","","","1","","1","other","100","","","3","","3","other","100","","","3","","3","other","100","","","","","","","","","","","","","","",""
"41.68483463-77.60488438---2010","https://mapsengine.google.com/06136759344167181854-06191489742681286724-4/wms/?version=1.3.0","41.6848346297","-77.6048843816","2010","Potter","sweeper_internal","1","","","1","fracking","100","","6","2","2","10","fracking","60","","","","","","","","","","","","","","","","1","","","1","fracking","100","","","","","","","",""
"39.94274985-80.03266103---2010","https://mapsengine.google.com/06136759344167181854-06191489742681286724-4/wms/?version=1.3.0","39.9427498477","-80.0326610332","2010","Greene","public","","8","2","10","other","80","","","8","2","10","other","80","","","","","","","","","","","","","","","","","","","","","","","","","","","","",""
"41.81750077-76.88030823---2008","https://mapsengine.google.com/06136759344167181854-00219351362547715467-4/wms/?version=1.3.0","41.8175007662","-76.8803082268","2008","Bradford","final_internal","","3","","3","other","100","","","1","","1","other","100","","","3","","3","other","100","","","3","","3","other","100","","","","","","","","","","","","","","",""
"41.73210677-76.82337665---2010","https://mapsengine.google.com/06136759344167181854-06191489742681286724-4/wms/?version=1.3.0","41.73210677","-76.82337665","2010","Bradford","first_internal","","3","","3","other","100","","","8","2","10","other","80","","","3","","3","other","100","","","","","","","","","","","","","","","","","","","","","",""
"39.83920018-79.864729---2008","https://mapsengine.google.com/06136759344167181854-00219351362547715467-4/wms/?version=1.3.0","39.8392001809","-79.8647289983","2008","Fayette","first_internal","","3","","3","other","100","","","9","1","10","other","90","","","3","","3","other","100","","","","","","","","","","","","","","","","","","","","","",""
"39.88364637-80.29697899---2008","https://mapsengine.google.com/06136759344167181854-00219351362547715467-4/wms/?version=1.3.0","39.8836463731","-80.2969789926","2008","Greene","sweeper_internal","","1","","1","other","100","","2","6","2","10","other","60","","","3","","3","other","100","","","","","","","","","","1","","1","other","100","","","","","","","",""
"41.95545891-76.86098798---2010","https://mapsengine.google.com/06136759344167181854-06191489742681286724-4/wms/?version=1.3.0","41.9554589088","-76.8609879803","2010","Bradford","sweeper_internal","1","","","1","fracking","100","","5","3","2","10","fracking","50","","2","1","","3","fracking","66","","","","","","","","","1","","","1","fracking","100","","","","","","","",""
"39.74248253-79.84458891---2010","https://mapsengine.google.com/06136759344167181854-06191489742681286724-4/wms/?version=1.3.0","39.7424825345","-79.8445889133","2010","Fayette","public","","10","","10","other","100","","","10","","10","other","100","","","","","","","","","","","","","","","","","","","","","","","","","","","","",""
"41.58913095-78.48155023---2008","https://mapsengine.google.com/06136759344167181854-00219351362547715467-4/wms/?version=1.3.0","41.5891309472","-78.4815502332","2008","Elk","first_internal","","3","","3","other","100","","","1","","1","other","100","","","3","","3","other","100","","","","","","","","","","","","","","","","","","","","","",""
"40.29482229-80.31496227---2008","https://mapsengine.google.com/06136759344167181854-00219351362547715467-4/wms/?version=1.3.0","40.2948222862","-80.314962266","2008","Washington","first_internal","","3","","3","other","100","","2","3","3","8","unknown|other","","37|37","","3","","3","other","100","","","","","","","","","","","","","","","","","","","","","",""
"41.62293154-76.4320712---2010","https://mapsengine.google.com/06136759344167181854-06191489742681286724-4/wms/?version=1.3.0","41.62293154","-76.4320712","2010","Bradford","first_internal","","3","","3","other","100","","","10","","10","other","100","","","3","","3","other","100","","","","","","","","","","","","","","","","","","","","","",""
"41.69016876-76.99480144---2005","https://mapsengine.google.com/06136759344167181854-15960346301379896183-4/wms/?version=1.3.0","41.6901687607","-76.9948014359","2005","Tioga","missing_internal","","1","","1","other","100","","","","","","fracking|unknown|other","","","","","","","","","","","","","","","","","","","","","","","","","1","","1","other","100",""
"39.91451867-79.93794318---2010","https://mapsengine.google.com/06136759344167181854-06191489742681286724-4/wms/?version=1.3.0","39.9145186664","-79.9379431795","2010","Greene","sweeper_internal","","1","","1","other","100","","2","6","2","10","other","60","","","","","","","","","","","","","","","","","1","","1","other","100","","","","","","","",""
"41.7182586-76.82459208---2010","https://mapsengine.google.com/06136759344167181854-06191489742681286724-4/wms/?version=1.3.0","41.7182586","-76.82459208","2010","Bradford","first_internal","","3","","3","other","100","","","15","","15","other","100","","","3","","3","other","100","","","","","","","","","","","","","","","","","","","","","",""
"41.98932182-77.01559707---2005","https://mapsengine.google.com/06136759344167181854-15960346301379896183-4/wms/?version=1.3.0","41.9893218206","-77.0155970705","2005","Tioga","final_internal","","3","","3","other","100","","","1","","1","other","100","","","","","","","","","","3","","3","other","100","","","","","","","","","","","","","","",""
"41.75808881-75.94149557---2005","https://mapsengine.google.com/06136759344167181854-15960346301379896183-4/wms/?version=1.3.0","41.7580888125","-75.9414955682","2005","Susquehanna","final_internal","","3","","3","other","100","","","1","","1","other","100","","","3","","3","other","100","","","3","","3","other","100","","","","","","","","","","","","","","",""
"40.77514353-80.18308164---2008","https://mapsengine.google.com/06136759344167181854-00219351362547715467-4/wms/?version=1.3.0","40.775143525","-80.1830816388","2008","Beaver","final_internal","","3","","3","other","100","","","6","","6","other","100","","","3","","3","other","100","","","3","","3","other","100","","","","","","","","","","","","","","",""
"39.83917443-79.8647135---2005","https://mapsengine.google.com/06136759344167181854-15960346301379896183-4/wms/?version=1.3.0","39.8391744272","-79.8647134991","2005","Fayette","final_internal","","3","","3","other","100","","","1","","1","other","100","","","","","","","","","","3","","3","other","100","","","","","","","","","","","","","","",""
"41.78442766-76.36821189---2010","https://mapsengine.google.com/06136759344167181854-06191489742681286724-4/wms/?version=1.3.0","41.78442766","-76.36821189","2010","Bradford","first_internal","","3","","3","other","100","","","10","","10","other","100","","","3","","3","other","100","","","","","","","","","","","","","","","","","","","","","",""
"40.48716137-80.38453461---2005","https://mapsengine.google.com/06136759344167181854-15960346301379896183-4/wms/?version=1.3.0","40.4871613662","-80.3845346054","2005","Beaver","final_internal","","3","","3","other","100","","","1","","1","other","100","","","3","","3","other","100","","","3","","3","other","100","","","","","","","","","","","","","","",""
"39.72218253-79.98841179---2008","https://mapsengine.google.com/06136759344167181854-00219351362547715467-4/wms/?version=1.3.0","39.7221825349","-79.9884117944","2008","Greene","first_internal","","3","","3","other","100","","","9","1","10","other","90","","","3","","3","other","100","","","","","","","","","","","","","","","","","","","","","",""
"40.25481011-79.76087353---2010","https://mapsengine.google.com/06136759344167181854-06191489742681286724-4/wms/?version=1.3.0","40.2548101127","-79.7608735348","2010","Westmoreland","public","13","","","13","fracking","100","","13","","","13","fracking","100","","","","","","","","","","","","","","","","","","","","","","","","","","","","",""
"39.97588585-79.99807699---2010","https://mapsengine.google.com/06136759344167181854-06191489742681286724-4/wms/?version=1.3.0","39.9758858523","-79.9980769901","2010","Fayette","sweeper_internal","","1","","1","other","100","","3","5","2","10","other","50","","","","","","","","","","","","","","","","","1","","1","other","100","","","","","","","",""
"41.75811048-76.4947453---2010","https://mapsengine.google.com/06136759344167181854-06191489742681286724-4/wms/?version=1.3.0","41.75811048","-76.4947453","2010","Bradford","first_internal","","3","","3","other","100","","","12","","12","other","100","","","3","","3","other","100","","","","","","","","","","","","","","","","","","","","","",""
"41.71068223-76.98676847---2010","https://mapsengine.google.com/06136759344167181854-06191489742681286724-4/wms/?version=1.3.0","41.7106822332","-76.9867684685","2010","Tioga","sweeper_internal","","1","","1","other","100","","4","2","5","11","unknown","45","","","","","","","","","","","","","","","","","1","","1","other","100","","","","","","","",""
"41.61481255-76.94101387---2010","https://mapsengine.google.com/06136759344167181854-06191489742681286724-4/wms/?version=1.3.0","41.6148125507","-76.9410138696","2010","Tioga","public","","10","","10","other","100","","","10","","10","other","100","","","","","","","","","","","","","","","","","","","","","","","","","","","","",""
"41.7314367-75.87614179---2010","https://mapsengine.google.com/06136759344167181854-06191489742681286724-4/wms/?version=1.3.0","41.7314367","-75.87614179","2010","Susquehanna","first_internal","","3","","3","other","100","","","11","","11","other","100","","","3","","3","other","100","","","","","","","","","","","","","","","","","","","","","",""
"41.76024118-75.97255544---2005","https://mapsengine.google.com/06136759344167181854-15960346301379896183-4/wms/?version=1.3.0","41.7602411769","-75.9725554353","2005","Susquehanna","final_internal","","3","","3","other","100","","","1","","1","other","100","","","3","","3","other","100","","","3","","3","other","100","","","","","","","","","","","","","","",""
"41.45587427-78.26840111---2010","https://mapsengine.google.com/06136759344167181854-06191489742681286724-4/wms/?version=1.3.0","41.4558742722","-78.2684011071","2010","Cameron","sweeper_internal","1","","","1","fracking","100","","6","","4","10","fracking","60","","","","","","","","","","","","","","","","1","","","1","fracking","100","","","","","","","",""
"39.94348021-79.9800256---2010","https://mapsengine.google.com/06136759344167181854-06191489742681286724-4/wms/?version=1.3.0","39.9434802075","-79.9800255987","2010","Greene","public","2","8","","10","other","80","","2","8","","10","other","80","","","","","","","","","","","","","","","","","","","","","","","","","","","","",""
"40.27079594-80.35553608---2005","https://mapsengine.google.com/06136759344167181854-15960346301379896183-4/wms/?version=1.3.0","40.270795937","-80.3555360754","2005","Washington","final_internal","","3","","3","other","100","","","1","","1","other","100","","","","","","","","","","3","","3","other","100","","","","","","","","","","","","","","",""
"41.66818189-76.15410379---2010","https://mapsengine.google.com/06136759344167181854-06191489742681286724-4/wms/?version=1.3.0","41.66818189","-76.15410379","2010","Bradford","first_internal","","3","","3","other","100","","","10","","10","other","100","","","3","","3","other","100","","","","","","","","","","","","","","","","","","","","","",""
"41.76145411-76.0185083---2008","https://mapsengine.google.com/06136759344167181854-00219351362547715467-4/wms/?version=1.3.0","41.7614541129","-76.0185083041","2008","Susquehanna","final_internal","","3","","3","other","100","","","1","","1","other","100","","","3","","3","other","100","","","3","","3","other","100","","","","","","","","","","","","","","",""
"41.96702589-77.02713034---2008","https://mapsengine.google.com/06136759344167181854-00219351362547715467-4/wms/?version=1.3.0","41.9670258932","-77.0271303363","2008","Tioga","final_internal","","3","","3","other","100","","","1","","1","other","100","","","","","","","","","","3","","3","other","100","","","","","","","","","","","","","","",""
"39.73787494-80.01256293---2010","https://mapsengine.google.com/06136759344167181854-06191489742681286724-4/wms/?version=1.3.0","39.7378749359","-80.012562928","2010","Greene","public","1","9","","10","other","90","","1","9","","10","other","90","","","","","","","","","","","","","","","","","","","","","","","","","","","","",""
"40.87823785-79.5219965---2005","https://mapsengine.google.com/06136759344167181854-15960346301379896183-4/wms/?version=1.3.0","40.8782378532","-79.5219965003","2005","Armstrong","final_internal","","3","","3","other","100","","","1","","1","other","100","","","","","","","","","","3","","3","other","100","","","","","","","","","","","","","","",""
"41.79739579-76.02410063---2010","https://mapsengine.google.com/06136759344167181854-06191489742681286724-4/wms/?version=1.3.0","41.79739579","-76.02410063","2010","Susquehanna","first_internal","","3","","3","other","100","","","11","","11","other","100","","","3","","3","other","100","","","","","","","","","","","","","","","","","","","","","",""
"41.13139191-79.75169715---2008","https://mapsengine.google.com/06136759344167181854-00219351362547715467-4/wms/?version=1.3.0","41.1313919078","-79.7516971452","2008","Butler","first_internal","","3","","3","other","100","","","2","","2","other","100","","","3","","3","other","100","","","","","","","","","","","","","","","","","","","","","",""
"39.97430439-79.99048653---2010","https://mapsengine.google.com/06136759344167181854-06191489742681286724-4/wms/?version=1.3.0","39.9743043871","-79.9904865261","2010","Fayette","sweeper_internal","","1","","1","other","100","","","7","3","10","other","70","","","","","","","","","","","","","","","","","1","","1","other","100","","","","","","","",""
"41.70402365-75.9150852---2008","https://mapsengine.google.com/06136759344167181854-00219351362547715467-4/wms/?version=1.3.0","41.7040236531","-75.9150852014","2008","Susquehanna","final_internal","","3","","3","other","100","","","1","","1","other","100","","","3","","3","other","100","","","3","","3","other","100","","","","","","","","","","","","","","",""
"41.57059198-78.61667617---2008","https://mapsengine.google.com/06136759344167181854-00219351362547715467-4/wms/?version=1.3.0","41.570591979","-78.616676174","2008","Elk","first_internal","1","2","","3","other","66","","1","","","1","fracking","100","","1","2","","3","other","66","","","","","","","","","","","","","","","","","","","","","",""
"41.77737945-78.1413416---2010","https://mapsengine.google.com/06136759344167181854-06191489742681286724-4/wms/?version=1.3.0","41.7773794538","-78.1413416037","2010","Potter","public","","10","","10","other","100","","","10","","10","other","100","","","","","","","","","","","","","","","","","","","","","","","","","","","","",""
"41.70078025-75.89826025---2008","https://mapsengine.google.com/06136759344167181854-00219351362547715467-4/wms/?version=1.3.0","41.700780252","-75.898260255","2008","Susquehanna","final_internal","","3","","3","other","100","","","1","","1","other","100","","","","","","","","","","3","","3","other","100","","","","","","","","","","","","","","",""
"41.722048-75.86729499---2010","https://mapsengine.google.com/06136759344167181854-06191489742681286724-4/wms/?version=1.3.0","41.722048","-75.86729499","2010","Susquehanna","first_internal","","3","","3","other","100","","","10","","10","other","100","","","3","","3","other","100","","","","","","","","","","","","","","","","","","","","","",""
"39.83831157-79.86450227---2008","https://mapsengine.google.com/06136759344167181854-00219351362547715467-4/wms/?version=1.3.0","39.8383115719","-79.8645022671","2008","Fayette","first_internal","","3","","3","other","100","","1","9","","10","other","90","","","3","","3","other","100","","","","","","","","","","","","","","","","","","","","","",""
"41.72482643-75.90649387---2008","https://mapsengine.google.com/06136759344167181854-00219351362547715467-4/wms/?version=1.3.0","41.7248264314","-75.9064938735","2008","Susquehanna","final_internal","","3","","3","other","100","","","1","","1","other","100","","","3","","3","other","100","","","3","","3","other","100","","","","","","","","","","","","","","",""
"41.93433051-76.99846835---2010","https://mapsengine.google.com/06136759344167181854-06191489742681286724-4/wms/?version=1.3.0","41.9343305149","-76.9984683462","2010","Tioga","public","","11","","11","other","100","","","11","","11","other","100","","","","","","","","","","","","","","","","","","","","","","","","","","","","",""
"41.75639656-76.82648946---2010","https://mapsengine.google.com/06136759344167181854-06191489742681286724-4/wms/?version=1.3.0","41.7563965641","-76.8264894632","2010","Bradford","sweeper_internal","","1","","1","other","100","","8","1","6","15","fracking","53","","1","","2","3","unknown","66","","","","","","","","","","1","","1","other","100","","","","","","","",""
"41.75081578-76.79017921---2008","https://mapsengine.google.com/06136759344167181854-00219351362547715467-4/wms/?version=1.3.0","41.7508157838","-76.7901792051","2008","Bradford","final_internal","","3","","3","other","100","","","1","","1","other","100","","","3","","3","other","100","","","3","","3","other","100","","","","","","","","","","","","","","",""
"41.85841358-76.70304284---2008","https://mapsengine.google.com/06136759344167181854-00219351362547715467-4/wms/?version=1.3.0","41.8584135846","-76.7030428424","2008","Bradford","final_internal","","3","","3","other","100","","","1","","1","other","100","","","3","","3","other","100","","","3","","3","other","100","","","","","","","","","","","","","","",""
"41.7468669-75.94736425---2010","https://mapsengine.google.com/06136759344167181854-06191489742681286724-4/wms/?version=1.3.0","41.7468669","-75.94736425","2010","Susquehanna","first_internal","","4","","4","other","100","","","10","","10","other","100","","","4","","4","other","100","","","","","","","","","","","","","","","","","","","","","",""
"39.93382937-79.96295062---2010","https://mapsengine.google.com/06136759344167181854-06191489742681286724-4/wms/?version=1.3.0","39.9338293686","-79.9629506186","2010","Greene","sweeper_internal","","1","","1","other","100","","3","6","1","10","other","60","","","","","","","","","","","","","","","","","1","","1","other","100","","","","","","","",""
"41.73574245-76.79516424---2010","https://mapsengine.google.com/06136759344167181854-06191489742681286724-4/wms/?version=1.3.0","41.73574245","-76.79516424","2010","Bradford","first_internal","3","","","3","fracking","100","","11","2","","13","fracking","84","","3","","","3","fracking","100","","","","","","","","","","","","","","","","","","","","","",""
"41.57315258-78.62285037---2010","https://mapsengine.google.com/06136759344167181854-06191489742681286724-4/wms/?version=1.3.0","41.573152579","-78.6228503742","2010","Elk","public","","11","","11","other","100","","","11","","11","other","100","","","","","","","","","","","","","","","","","","","","","","","","","","","","",""
"41.74753638-76.10639882---2010","https://mapsengine.google.com/06136759344167181854-06191489742681286724-4/wms/?version=1.3.0","41.74753638","-76.10639882","2010","Susquehanna","first_internal","","3","","3","other","100","","","10","","10","other","100","","","3","","3","other","100","","","","","","","","","","","","","","","","","","","","","",""
"40.86470789-79.77815336---2008","https://mapsengine.google.com/06136759344167181854-00219351362547715467-4/wms/?version=1.3.0","40.8647078872","-79.7781533612","2008","Butler","first_internal","","3","","3","other","100","","","2","","2","other","100","","","3","","3","other","100","","","","","","","","","","","","","","","","","","","","","",""
"40.18259192-79.75087931---2008","https://mapsengine.google.com/06136759344167181854-00219351362547715467-4/wms/?version=1.3.0","40.1825919197","-79.7508793129","2008","Westmoreland","final_internal","2","1","","3","fracking","66","","1","","","1","fracking","100","","","","","","","","","2","1","","3","fracking","66","","","","","","","","","","","","","","",""
"41.7436339-76.09775027---2005","https://mapsengine.google.com/06136759344167181854-15960346301379896183-4/wms/?version=1.3.0","41.7436339032","-76.0977502678","2005","Susquehanna","final_internal","","3","","3","other","100","","","1","","1","other","100","","","3","","3","other","100","","","3","","3","other","100","","","","","","","","","","","","","","",""
"41.66552911-76.73731383---2010","https://mapsengine.google.com/06136759344167181854-06191489742681286724-4/wms/?version=1.3.0","41.66552911","-76.73731383","2010","Bradford","first_internal","","3","","3","other","100","","1","8","1","10","other","80","","","3","","3","other","100","","","","","","","","","","","","","","","","","","","","","",""
"39.73987874-80.02201004---2008","https://mapsengine.google.com/06136759344167181854-00219351362547715467-4/wms/?version=1.3.0","39.7398787407","-80.0220100393","2008","Greene","first_internal","","3","","3","other","100","","","9","1","10","other","90","","","3","","3","other","100","","","","","","","","","","","","","","","","","","","","","",""
"41.7165009-77.42695518---2008","https://mapsengine.google.com/06136759344167181854-00219351362547715467-4/wms/?version=1.3.0","41.7165009048","-77.4269551813","2008","Tioga","final_internal","","3","","3","other","100","","","","1","1","unknown","100","","","","","","","","","","3","","3","other","100","","","","","","","","","","","","","","",""
"40.06369075-80.20414594---2010","https://mapsengine.google.com/06136759344167181854-06191489742681286724-4/wms/?version=1.3.0","40.0636907494","-80.2041459369","2010","Washington","sweeper_internal","","1","","1","other","100","","2","5","3","10","other","50","","","","","","","","","","","","","","","","","1","","1","other","100","","","","","","","",""
"41.45329123-78.27140448---2008","https://mapsengine.google.com/06136759344167181854-00219351362547715467-4/wms/?version=1.3.0","41.4532912256","-78.2714044782","2008","Cameron","first_internal","","3","","3","other","100","","","5","1","6","other","83","","","3","","3","other","100","","","","","","","","","","","","","","","","","","","","","",""
"39.77518735-80.00685984---2005","https://mapsengine.google.com/06136759344167181854-15960346301379896183-4/wms/?version=1.3.0","39.7751873498","-80.0068598424","2005","Greene","final_internal","","3","","3","other","100","","1","","","1","fracking","100","","","","","","","","","","3","","3","other","100","","","","","","","","","","","","","","",""
"41.86569408-76.05698294---2005","https://mapsengine.google.com/06136759344167181854-15960346301379896183-4/wms/?version=1.3.0","41.8656940757","-76.0569829391","2005","Susquehanna","final_internal","","3","","3","other","100","","","1","","1","other","100","","","3","","3","other","100","","","3","","3","other","100","","","","","","","","","","","","","","",""
"40.79926337-79.55266003---2010","https://mapsengine.google.com/06136759344167181854-06191489742681286724-4/wms/?version=1.3.0","40.7992633702","-79.5526600264","2010","Armstrong","public","","10","","10","other","100","","","10","","10","other","100","","","","","","","","","","","","","","","","","","","","","","","","","","","","",""
"41.75134913-75.86804383---2010","https://mapsengine.google.com/06136759344167181854-06191489742681286724-4/wms/?version=1.3.0","41.7513491309","-75.8680438321","2010","Susquehanna","sweeper_internal","","1","","1","other","100","","3","3","5","11","unknown","45","","1","2","","3","other","66","","","","","","","","","","1","","1","other","100","","","","","","","",""
"39.84628641-79.85753715---2010","https://mapsengine.google.com/06136759344167181854-06191489742681286724-4/wms/?version=1.3.0","39.8462864109","-79.8575371462","2010","Fayette","sweeper_internal","","1","","1","other","100","","1","7","2","10","other","70","","","","","","","","","","","","","","","","","1","","1","other","100","","","","","","","",""
"41.74469137-75.95978746---2010","https://mapsengine.google.com/06136759344167181854-06191489742681286724-4/wms/?version=1.3.0","41.7446913692","-75.9597874643","2010","Susquehanna","sweeper_internal","","1","","1","other","100","","3","5","3","11","other","45","","","3","","3","other","100","","","","","","","","","","1","","1","other","100","","","","","","","",""
"41.72463741-75.91958785---2010","https://mapsengine.google.com/06136759344167181854-06191489742681286724-4/wms/?version=1.3.0","41.72463741","-75.91958785","2010","Susquehanna","first_internal","","3","","3","other","100","","","10","","10","other","100","","","3","","3","other","100","","","","","","","","","","","","","","","","","","","","","",""
"39.7233635-79.98044539---2010","https://mapsengine.google.com/06136759344167181854-06191489742681286724-4/wms/?version=1.3.0","39.7233634951","-79.980445387","2010","Greene","public","1","9","","10","other","90","","1","9","","10","other","90","","","","","","","","","","","","","","","","","","","","","","","","","","","","",""
"41.93599836-77.02573426---2010","https://mapsengine.google.com/06136759344167181854-06191489742681286724-4/wms/?version=1.3.0","41.9359983575","-77.025734258","2010","Tioga","public","1","10","","11","other","90","","1","10","","11","other","90","","","","","","","","","","","","","","","","","","","","","","","","","","","","",""
"40.36155794-78.56410364---2005","https://mapsengine.google.com/06136759344167181854-15960346301379896183-4/wms/?version=1.3.0","40.3615579387","-78.5641036366","2005","Blair","final_internal","","3","","3","other","100","","","1","","1","other","100","","","","","","","","","","3","","3","other","100","","","","","","","","","","","","","","",""
"41.99289923-76.97662518---2008","https://mapsengine.google.com/06136759344167181854-00219351362547715467-4/wms/?version=1.3.0","41.9928992261","-76.9766251828","2008","Tioga","final_internal","","3","","3","other","100","","","1","","1","other","100","","","","","","","","","","3","","3","other","100","","","","","","","","","","","","","","",""
"41.76970131-75.93433871---2005","https://mapsengine.google.com/06136759344167181854-15960346301379896183-4/wms/?version=1.3.0","41.7697013123","-75.9343387089","2005","Susquehanna","final_internal","","3","","3","other","100","","","1","","1","other","100","","","3","","3","other","100","","","3","","3","other","100","","","","","","","","","","","","","","",""
"41.77791633-75.94276871---2010","https://mapsengine.google.com/06136759344167181854-06191489742681286724-4/wms/?version=1.3.0","41.77791633","-75.94276871","2010","Susquehanna","first_internal","","3","","3","other","100","","","11","","11","other","100","","","3","","3","other","100","","","","","","","","","","","","","","","","","","","","","",""
"40.99546989-79.79186492---2008","https://mapsengine.google.com/06136759344167181854-00219351362547715467-4/wms/?version=1.3.0","40.9954698894","-79.791864922","2008","Butler","first_internal","","3","","3","other","100","","","2","","2","other","100","","","3","","3","other","100","","","","","","","","","","","","","","","","","","","","","",""
"40.24680693-80.38156432---2008","https://mapsengine.google.com/06136759344167181854-00219351362547715467-4/wms/?version=1.3.0","40.2468069286","-80.381564315","2008","Washington","first_internal","2","1","","3","fracking","66","","6","2","","8","fracking","75","","2","1","","3","fracking","66","","","","","","","","","","","","","","","","","","","","","",""
"40.95459635-78.8152517---2010","https://mapsengine.google.com/06136759344167181854-06191489742681286724-4/wms/?version=1.3.0","40.9545963548","-78.8152517026","2010","Jefferson","public","1","9","","10","other","90","","1","9","","10","other","90","","","","","","","","","","","","","","","","","","","","","","","","","","","","",""
"39.81902941-80.03947663---2010","https://mapsengine.google.com/06136759344167181854-06191489742681286724-4/wms/?version=1.3.0","39.8190294099","-80.0394766305","2010","Greene","public","","13","","13","other","100","","","13","","13","other","100","","","","","","","","","","","","","","","","","","","","","","","","","","","","",""
"40.09679505-79.80446866---2005","https://mapsengine.google.com/06136759344167181854-15960346301379896183-4/wms/?version=1.3.0","40.0967950455","-79.8044686601","2005","Fayette","final_internal","2","1","","3","fracking","66","","1","","","1","fracking","100","","","","","","","","","2","1","","3","fracking","66","","","","","","","","","","","","","","",""
"41.74319516-76.02327132---2005","https://mapsengine.google.com/06136759344167181854-15960346301379896183-4/wms/?version=1.3.0","41.7431951618","-76.0232713197","2005","Susquehanna","final_internal","","3","","3","other","100","","","1","","1","other","100","","","3","","3","other","100","","","3","","3","other","100","","","","","","","","","","","","","","",""
"41.64109648-76.37949088---2005","https://mapsengine.google.com/06136759344167181854-15960346301379896183-4/wms/?version=1.3.0","41.6410964839","-76.3794908786","2005","Bradford","final_internal","","3","","3","other","100","","","1","","1","other","100","","","3","","3","other","100","","","3","","3","other","100","","","","","","","","","","","","","","",""
"41.67510762-75.86161654---2008","https://mapsengine.google.com/06136759344167181854-00219351362547715467-4/wms/?version=1.3.0","41.6751076155","-75.8616165394","2008","Susquehanna","final_internal","","3","","3","other","100","","","1","","1","other","100","","","3","","3","other","100","","","3","","3","other","100","","","","","","","","","","","","","","",""
"41.29027465-78.91093857---2005","https://mapsengine.google.com/06136759344167181854-15960346301379896183-4/wms/?version=1.3.0","41.2902746541","-78.9109385728","2005","Jefferson","final_internal","","3","","3","other","100","","","1","","1","other","100","","","","","","","","","","3","","3","other","100","","","","","","","","","","","","","","",""
"40.38038412-79.49550192---2010","https://mapsengine.google.com/06136759344167181854-06191489742681286724-4/wms/?version=1.3.0","40.3803841227","-79.4955019211","2010","Westmoreland","public","","10","","10","other","100","","","10","","10","other","100","","","","","","","","","","","","","","","","","","","","","","","","","","","","",""
"41.69498629-75.84248349---2008","https://mapsengine.google.com/06136759344167181854-00219351362547715467-4/wms/?version=1.3.0","41.694986288","-75.8424834856","2008","Susquehanna","final_internal","","3","","3","other","100","","","1","","1","other","100","","","3","","3","other","100","","","3","","3","other","100","","","","","","","","","","","","","","",""
"41.99162989-77.02205261---2005","https://mapsengine.google.com/06136759344167181854-15960346301379896183-4/wms/?version=1.3.0","41.9916298854","-77.0220526054","2005","Tioga","final_internal","","3","","3","other","100","","","1","","1","other","100","","","","","","","","","","3","","3","other","100","","","","","","","","","","","","","","",""
"40.70451427-79.40865635---2010","https://mapsengine.google.com/06136759344167181854-06191489742681286724-4/wms/?version=1.3.0","40.7045142688","-79.4086563461","2010","Armstrong","public","10","","","10","fracking","100","","10","","","10","fracking","100","","","","","","","","","","","","","","","","","","","","","","","","","","","","",""
"41.74906418-77.20546614---2010","https://mapsengine.google.com/06136759344167181854-06191489742681286724-4/wms/?version=1.3.0","41.7490641772","-77.20546614","2010","Tioga","public","","11","","11","other","100","","","11","","11","other","100","","","","","","","","","","","","","","","","","","","","","","","","","","","","",""
"41.74216916-76.79003655---2005","https://mapsengine.google.com/06136759344167181854-15960346301379896183-4/wms/?version=1.3.0","41.7421691601","-76.7900365454","2005","Bradford","final_internal","","3","","3","other","100","","","1","","1","other","100","","","3","","3","other","100","","","3","","3","other","100","","","","","","","","","","","","","","",""
"41.72413666-76.04958715---2008","https://mapsengine.google.com/06136759344167181854-00219351362547715467-4/wms/?version=1.3.0","41.7241366629","-76.0495871472","2008","Susquehanna","final_internal","","3","","3","other","100","","","1","","1","other","100","","","3","","3","other","100","","","3","","3","other","100","","","","","","","","","","","","","","",""
"41.57838576-76.02899172---2005","https://mapsengine.google.com/06136759344167181854-15960346301379896183-4/wms/?version=1.3.0","41.5783857567","-76.0289917226","2005","Wyoming","final_internal","","3","","3","other","100","","1","","","1","fracking","100","","","3","","3","other","100","","","3","","3","other","100","","","","","","","","","","","","","","",""
"41.71486416-76.05410661---2010","https://mapsengine.google.com/06136759344167181854-06191489742681286724-4/wms/?version=1.3.0","41.71486416","-76.05410661","2010","Susquehanna","first_internal","","3","","3","other","100","","","10","","10","other","100","","","3","","3","other","100","","","","","","","","","","","","","","","","","","","","","",""
"40.85486963-79.57866134---2010","https://mapsengine.google.com/06136759344167181854-06191489742681286724-4/wms/?version=1.3.0","40.8548696289","-79.5786613359","2010","Armstrong","sweeper_internal","","1","","1","other","100","","2","7","1","10","other","70","","","","","","","","","","","","","","","","","1","","1","other","100","","","","","","","",""
"40.26143852-80.35249527---2005","https://mapsengine.google.com/06136759344167181854-15960346301379896183-4/wms/?version=1.3.0","40.2614385167","-80.3524952686","2005","Washington","final_internal","","3","","3","other","100","","","1","","1","other","100","","","","","","","","","","3","","3","other","100","","","","","","","","","","","","","","",""
"40.02062523-79.65772469---2010","https://mapsengine.google.com/06136759344167181854-06191489742681286724-4/wms/?version=1.3.0","40.0206252338","-79.6577246857","2010","Fayette","public","","9","1","10","other","90","","","9","1","10","other","90","","","","","","","","","","","","","","","","","","","","","","","","","","","","",""
"41.52964086-77.15635622---2010","https://mapsengine.google.com/06136759344167181854-06191489742681286724-4/wms/?version=1.3.0","41.529640861","-77.156356222","2010","Lycoming","public","","10","","10","other","100","","","10","","10","other","100","","","","","","","","","","","","","","","","","","","","","","","","","","","","",""
"41.68712102-78.63269492---2010","https://mapsengine.google.com/06136759344167181854-06191489742681286724-4/wms/?version=1.3.0","41.6871210186","-78.6326949192","2010","McKean","sweeper_internal","","1","","1","other","100","","5","3","2","10","fracking","50","","","","","","","","","","","","","","","","","1","","1","other","100","","","","","","","",""
"40.12653909-78.76075206---2008","https://mapsengine.google.com/06136759344167181854-00219351362547715467-4/wms/?version=1.3.0","40.1265390898","-78.7607520607","2008","Somerset","first_internal","","3","","3","other","100","","1","","","1","fracking","100","","","3","","3","other","100","","","","","","","","","","","","","","","","","","","","","",""
"41.53237378-77.15838781---2010","https://mapsengine.google.com/06136759344167181854-06191489742681286724-4/wms/?version=1.3.0","41.532373778","-77.1583878106","2010","Lycoming","sweeper_internal","","1","","1","other","100","","2","4","4","10","unknown|other","","40|40","","","","","","","","","","","","","","","","1","","1","other","100","","","","","","","",""
"40.78024256-80.03595398---2008","https://mapsengine.google.com/06136759344167181854-00219351362547715467-4/wms/?version=1.3.0","40.7802425642","-80.0359539849","2008","Butler","first_internal","","3","","3","other","100","","","2","","2","other","100","","","3","","3","other","100","","","","","","","","","","","","","","","","","","","","","",""
"41.78858631-77.02368469---2005","https://mapsengine.google.com/06136759344167181854-15960346301379896183-4/wms/?version=1.3.0","41.7885863109","-77.0236846913","2005","Tioga","final_internal","","3","","3","other","100","","","1","","1","other","100","","","","","","","","","","3","","3","other","100","","","","","","","","","","","","","","",""
"41.59824276-76.14339261---2010","https://mapsengine.google.com/06136759344167181854-06191489742681286724-4/wms/?version=1.3.0","41.598242761","-76.1433926142","2010","Wyoming","sweeper_internal","","1","","1","other","100","","1","5","4","10","other","50","","","3","","3","other","100","","","","","","","","","","1","","1","other","100","","","","","","","",""
"41.73321711-77.17019726---2005","https://mapsengine.google.com/06136759344167181854-15960346301379896183-4/wms/?version=1.3.0","41.733217109","-77.170197262","2005","Tioga","missing_internal","","1","","1","other","100","","","","","","fracking|unknown|other","","","","","","","","","","","","","","","","","","","","","","","","","1","","1","other","100",""
"41.5594221-77.06638196---2010","https://mapsengine.google.com/06136759344167181854-06191489742681286724-4/wms/?version=1.3.0","41.5594221047","-77.0663819592","2010","Tioga","public","","11","","11","other","100","","","11","","11","other","100","","","","","","","","","","","","","","","","","","","","","","","","","","","","",""
"41.87373406-75.89329292---2005","https://mapsengine.google.com/06136759344167181854-15960346301379896183-4/wms/?version=1.3.0","41.8737340643","-75.8932929227","2005","Susquehanna","final_internal","","3","","3","other","100","","","1","","1","other","100","","","3","","3","other","100","","","3","","3","other","100","","","","","","","","","","","","","","",""
"40.45221176-80.333884---2010","https://mapsengine.google.com/06136759344167181854-06191489742681286724-4/wms/?version=1.3.0","40.4522117599","-80.3338839974","2010","Washington","public","","10","","10","other","100","","","10","","10","other","100","","","","","","","","","","","","","","","","","","","","","","","","","","","","",""
"40.2814656-79.64655844---2005","https://mapsengine.google.com/06136759344167181854-15960346301379896183-4/wms/?version=1.3.0","40.2814656023","-79.6465584432","2005","Westmoreland","final_internal","","3","","3","other","100","","","","1","1","unknown","100","","","","","","","","","","3","","3","other","100","","","","","","","","","","","","","","",""
"41.66128502-75.67553787---2008","https://mapsengine.google.com/06136759344167181854-00219351362547715467-4/wms/?version=1.3.0","41.661285015","-75.6755378692","2008","Susquehanna","final_internal","","4","","4","other","100","","","1","","1","other","100","","","3","","3","other","100","","","4","","4","other","100","","","","","","","","","","","","","","",""
"39.72920814-79.79954554---2005","https://mapsengine.google.com/06136759344167181854-15960346301379896183-4/wms/?version=1.3.0","39.7292081433","-79.799545536","2005","Fayette","final_internal","","3","","3","other","100","","","","1","1","unknown","100","","","","","","","","","","3","","3","other","100","","","","","","","","","","","","","","",""
"41.84676512-77.07864764---2010","https://mapsengine.google.com/06136759344167181854-06191489742681286724-4/wms/?version=1.3.0","41.8467651235","-77.0786476423","2010","Tioga","public","","9","1","10","other","90","","","9","1","10","other","90","","","","","","","","","","","","","","","","","","","","","","","","","","","","",""
"40.81680545-80.20373207---2008","https://mapsengine.google.com/06136759344167181854-00219351362547715467-4/wms/?version=1.3.0","40.8168054516","-80.2037320698","2008","Beaver","final_internal","","3","","3","other","100","","","6","","6","other","100","","","3","","3","other","100","","","3","","3","other","100","","","","","","","","","","","","","","",""
"40.86434848-79.49522482---2005","https://mapsengine.google.com/06136759344167181854-15960346301379896183-4/wms/?version=1.3.0","40.8643484802","-79.4952248238","2005","Armstrong","final_internal","","3","","3","other","100","","","","1","1","unknown","100","","","","","","","","","","3","","3","other","100","","","","","","","","","","","","","","",""
"41.74770219-77.12356953---2010","https://mapsengine.google.com/06136759344167181854-06191489742681286724-4/wms/?version=1.3.0","41.7477021916","-77.1235695338","2010","Tioga","sweeper_internal","","1","","1","other","100","","","7","4","11","other","63","","","","","","","","","","","","","","","","","1","","1","other","100","","","","","","","",""
"40.37468427-79.32729066---2005","https://mapsengine.google.com/06136759344167181854-15960346301379896183-4/wms/?version=1.3.0","40.3746842705","-79.3272906614","2005","Westmoreland","final_internal","","3","","3","other","100","","","1","","1","other","100","","","","","","","","","","3","","3","other","100","","","","","","","","","","","","","","",""
"41.73400035-76.01319292---2010","https://mapsengine.google.com/06136759344167181854-06191489742681286724-4/wms/?version=1.3.0","41.73400035","-76.01319292","2010","Susquehanna","first_internal","","3","","3","other","100","","","11","","11","other","100","","","3","","3","other","100","","","","","","","","","","","","","","","","","","","","","",""
"40.24878319-79.76685885---2008","https://mapsengine.google.com/06136759344167181854-00219351362547715467-4/wms/?version=1.3.0","40.248783187","-79.7668588484","2008","Westmoreland","final_internal","","3","","3","other","100","","1","","","1","fracking","100","","","","","","","","","","3","","3","other","100","","","","","","","","","","","","","","",""
"40.80088398-80.07910673---2010","https://mapsengine.google.com/06136759344167181854-06191489742681286724-4/wms/?version=1.3.0","40.800883985","-80.079106732","2010","Butler","public","","18","2","20","other","90","","","18","2","20","other","90","","","","","","","","","","","","","","","","","","","","","","","","","","","","",""
"41.67918692-75.79954987---2010","https://mapsengine.google.com/06136759344167181854-06191489742681286724-4/wms/?version=1.3.0","41.67918692","-75.79954987","2010","Susquehanna","first_internal","","3","","3","other","100","","","10","","10","other","100","","","3","","3","other","100","","","","","","","","","","","","","","","","","","","","","",""
"41.0045654-79.78759896---2010","https://mapsengine.google.com/06136759344167181854-06191489742681286724-4/wms/?version=1.3.0","41.0045654046","-79.7875989579","2010","Butler","public","","26","1","27","other","96","","","26","1","27","other","96","","","","","","","","","","","","","","","","","","","","","","","","","","","","",""
"41.64240614-76.37459945---2010","https://mapsengine.google.com/06136759344167181854-06191489742681286724-4/wms/?version=1.3.0","41.6424061436","-76.3745994456","2010","Bradford","sweeper_internal","","1","","1","other","100","","4","5","1","10","other","50","","","","3","3","unknown","100","","","","","","","","","","1","","1","other","100","","","","","","","",""
"41.13798746-79.75054063---2005","https://mapsengine.google.com/06136759344167181854-15960346301379896183-4/wms/?version=1.3.0","41.1379874586","-79.7505406256","2005","Butler","final_internal","","3","","3","other","100","","","","1","1","unknown","100","","","","","","","","","","3","","3","other","100","","","","","","","","","","","","","","",""
"41.68979213-76.06058741---2010","https://mapsengine.google.com/06136759344167181854-06191489742681286724-4/wms/?version=1.3.0","41.68979213","-76.06058741","2010","Susquehanna","first_internal","","3","","3","other","100","","","10","","10","other","100","","","3","","3","other","100","","","","","","","","","","","","","","","","","","","","","",""
"40.01237774-79.62838539---2008","https://mapsengine.google.com/06136759344167181854-00219351362547715467-4/wms/?version=1.3.0","40.0123777425","-79.6283853939","2008","Fayette","first_internal","","3","","3","other","100","","1","5","","6","other","83","","","3","","3","other","100","","","","","","","","","","","","","","","","","","","","","",""
"41.79512858-76.98137128---2008","https://mapsengine.google.com/06136759344167181854-00219351362547715467-4/wms/?version=1.3.0","41.7951285796","-76.9813712824","2008","Tioga","final_internal","","3","","3","other","100","","","1","","1","other","100","","","","","","","","","","3","","3","other","100","","","","","","","","","","","","","","",""
"41.73573887-77.04405852---2005","https://mapsengine.google.com/06136759344167181854-15960346301379896183-4/wms/?version=1.3.0","41.735738873","-77.0440585219","2005","Tioga","missing_internal","","1","","1","other","100","","","","","","fracking|unknown|other","","","","","","","","","","","","","","","","","","","","","","","","","1","","1","other","100",""
"40.9954809-79.79181795---2005","https://mapsengine.google.com/06136759344167181854-15960346301379896183-4/wms/?version=1.3.0","40.9954808976","-79.7918179462","2005","Butler","final_internal","","3","","3","other","100","","","1","","1","other","100","","","","","","","","","","3","","3","other","100","","","","","","","","","","","","","","",""
"39.84056474-79.96524634---2010","https://mapsengine.google.com/06136759344167181854-06191489742681286724-4/wms/?version=1.3.0","39.8405647401","-79.9652463386","2010","Greene","public","","10","","10","other","100","","","10","","10","other","100","","","","","","","","","","","","","","","","","","","","","","","","","","","","",""
"41.7028512-75.83701558---2010","https://mapsengine.google.com/06136759344167181854-06191489742681286724-4/wms/?version=1.3.0","41.7028512","-75.83701558","2010","Susquehanna","first_internal","","3","","3","other","100","","","11","","11","other","100","","","3","","3","other","100","","","","","","","","","","","","","","","","","","","","","",""
"41.76989941-76.0120344---2005","https://mapsengine.google.com/06136759344167181854-15960346301379896183-4/wms/?version=1.3.0","41.7698994087","-76.0120344031","2005","Susquehanna","final_internal","","3","","3","other","100","","","1","","1","other","100","","","3","","3","other","100","","","3","","3","other","100","","","","","","","","","","","","","","",""
"41.76224484-76.10758737---2005","https://mapsengine.google.com/06136759344167181854-15960346301379896183-4/wms/?version=1.3.0","41.7622448395","-76.1075873685","2005","Susquehanna","final_internal","","3","","3","other","100","","","1","","1","other","100","","","3","","3","other","100","","","3","","3","other","100","","","","","","","","","","","","","","",""
"39.88472393-79.98834797---2008","https://mapsengine.google.com/06136759344167181854-00219351362547715467-4/wms/?version=1.3.0","39.884723929","-79.988347973","2008","Greene","first_internal","","3","","3","other","100","","1","9","","10","other","90","","","3","","3","other","100","","","","","","","","","","","","","","","","","","","","","",""
"39.72236033-80.01651173---2010","https://mapsengine.google.com/06136759344167181854-06191489742681286724-4/wms/?version=1.3.0","39.7223603256","-80.0165117337","2010","Greene","public","","10","","10","other","100","","","10","","10","other","100","","","","","","","","","","","","","","","","","","","","","","","","","","","","",""
"41.72443258-75.88238321---2010","https://mapsengine.google.com/06136759344167181854-06191489742681286724-4/wms/?version=1.3.0","41.72443258","-75.88238321","2010","Susquehanna","first_internal","","3","","3","other","100","","","11","","11","other","100","","","3","","3","other","100","","","","","","","","","","","","","","","","","","","","","",""
"41.94136428-75.46720702---2005","https://mapsengine.google.com/06136759344167181854-15960346301379896183-4/wms/?version=1.3.0","41.9413642796","-75.4672070226","2005","Wayne","missing_internal","","1","","1","other","100","","","","","","fracking|unknown|other","","","","3","","3","other","100","","","","","","","","","","","","","","","","","1","","1","other","100",""
"39.90468237-79.81802422---2010","https://mapsengine.google.com/06136759344167181854-06191489742681286724-4/wms/?version=1.3.0","39.9046823689","-79.8180242247","2010","Fayette","public","","10","","10","other","100","","","10","","10","other","100","","","","","","","","","","","","","","","","","","","","","","","","","","","","",""
"41.94862605-76.89693639---2005","https://mapsengine.google.com/06136759344167181854-15960346301379896183-4/wms/?version=1.3.0","41.9486260537","-76.8969363854","2005","Bradford","final_internal","","3","","3","other","100","","","1","","1","other","100","","","3","","3","other","100","","","3","","3","other","100","","","","","","","","","","","","","","",""
"40.79505316-78.62135124---2005","https://mapsengine.google.com/06136759344167181854-15960346301379896183-4/wms/?version=1.3.0","40.7950531632","-78.6213512362","2005","Clearfield","final_internal","","3","","3","other","100","","","1","","1","other","100","","","","","","","","","","3","","3","other","100","","","","","","","","","","","","","","",""
"40.1794299-79.72221647---2010","https://mapsengine.google.com/06136759344167181854-06191489742681286724-4/wms/?version=1.3.0","40.1794299028","-79.7222164681","2010","Westmoreland","sweeper_internal","","1","","1","other","100","","2","7","2","11","other","63","","","","","","","","","","","","","","","","","1","","1","other","100","","","","","","","",""
"40.08970781-79.80686518---2008","https://mapsengine.google.com/06136759344167181854-00219351362547715467-4/wms/?version=1.3.0","40.0897078127","-79.8068651841","2008","Fayette","first_internal","","3","","3","other","100","","1","8","1","10","other","80","","","3","","3","other","100","","","","","","","","","","","","","","","","","","","","","",""
"41.76366377-77.11568203---2010","https://mapsengine.google.com/06136759344167181854-06191489742681286724-4/wms/?version=1.3.0","41.7636637664","-77.1156820338","2010","Tioga","public","8","1","1","10","fracking","80","","8","1","1","10","fracking","80","","","","","","","","","","","","","","","","","","","","","","","","","","","","",""
"41.73854518-75.8793171---2008","https://mapsengine.google.com/06136759344167181854-00219351362547715467-4/wms/?version=1.3.0","41.7385451803","-75.8793170988","2008","Susquehanna","sweeper_internal","","1","","1","other","100","","","","1","1","unknown","100","","","2","1","3","other","66","","1","1","1","3","fracking|unknown|other","","33|33|33","","1","","1","other","100","","","","","","","",""
"41.78114608-76.99012635---2008","https://mapsengine.google.com/06136759344167181854-00219351362547715467-4/wms/?version=1.3.0","41.7811460765","-76.990126354","2008","Tioga","final_internal","","3","","3","other","100","","","1","","1","other","100","","","","","","","","","","3","","3","other","100","","","","","","","","","","","","","","",""
"39.94287829-79.83940728---2010","https://mapsengine.google.com/06136759344167181854-06191489742681286724-4/wms/?version=1.3.0","39.9428782899","-79.8394072829","2010","Fayette","public","","9","1","10","other","90","","","9","1","10","other","90","","","","","","","","","","","","","","","","","","","","","","","","","","","","",""
"41.74356595-75.95323952---2010","https://mapsengine.google.com/06136759344167181854-06191489742681286724-4/wms/?version=1.3.0","41.7435659525","-75.9532395242","2010","Susquehanna","sweeper_internal","","1","","1","other","100","","5","10","1","16","other","62","","","3","","3","other","100","","","","","","","","","","1","","1","other","100","","","","","","","",""
"41.97082463-75.88117338---2008","https://mapsengine.google.com/06136759344167181854-00219351362547715467-4/wms/?version=1.3.0","41.970824635","-75.8811733807","2008","Susquehanna","final_internal","","3","","3","other","100","","","1","","1","other","100","","","","","","","","","","3","","3","other","100","","","","","","","","","","","","","","",""
"39.86063553-79.97689932---2010","https://mapsengine.google.com/06136759344167181854-06191489742681286724-4/wms/?version=1.3.0","39.8606355343","-79.9768993153","2010","Greene","public","10","","","10","fracking","100","","10","","","10","fracking","100","","","","","","","","","","","","","","","","","","","","","","","","","","","","",""
"41.61425618-76.01146471---2008","https://mapsengine.google.com/06136759344167181854-00219351362547715467-4/wms/?version=1.3.0","41.6142561774","-76.0114647115","2008","Wyoming","final_internal","","3","","3","other","100","","","1","","1","other","100","","","3","","3","other","100","","","3","","3","other","100","","","","","","","","","","","","","","",""
"41.73080931-75.94758206---2010","https://mapsengine.google.com/06136759344167181854-06191489742681286724-4/wms/?version=1.3.0","41.73080931","-75.94758206","2010","Susquehanna","first_internal","","3","","3","other","100","","","10","","10","other","100","","","3","","3","other","100","","","","","","","","","","","","","","","","","","","","","",""
"41.41329705-78.27472859---2010","https://mapsengine.google.com/06136759344167181854-06191489742681286724-4/wms/?version=1.3.0","41.4132970542","-78.2747285924","2010","Cameron","public","1","12","","13","other","92","","1","12","","13","other","92","","","","","","","","","","","","","","","","","","","","","","","","","","","","",""
"41.70228188-76.72512713---2010","https://mapsengine.google.com/06136759344167181854-06191489742681286724-4/wms/?version=1.3.0","41.70228188","-76.72512713","2010","Bradford","first_internal","","3","","3","other","100","","","12","","12","other","100","","","3","","3","other","100","","","","","","","","","","","","","","","","","","","","","",""
"41.74876409-76.85606218---2010","https://mapsengine.google.com/06136759344167181854-06191489742681286724-4/wms/?version=1.3.0","41.74876409","-76.85606218","2010","Bradford","first_internal","","3","","3","other","100","","1","13","","14","other","92","","","3","","3","other","100","","","","","","","","","","","","","","","","","","","","","",""
"40.24538635-80.46440348---2010","https://mapsengine.google.com/06136759344167181854-06191489742681286724-4/wms/?version=1.3.0","40.2453863468","-80.4644034826","2010","Washington","public","10","","","10","fracking","100","","10","","","10","fracking","100","","","","","","","","","","","","","","","","","","","","","","","","","","","","",""
"41.2673406-76.64174165---2008","https://mapsengine.google.com/06136759344167181854-00219351362547715467-4/wms/?version=1.3.0","41.2673406047","-76.6417416526","2008","Lycoming","final_internal","","3","","3","other","100","","","1","","1","other","100","","","","","","","","","","3","","3","other","100","","","","","","","","","","","","","","",""
"41.26806995-76.64185091---2010","https://mapsengine.google.com/06136759344167181854-06191489742681286724-4/wms/?version=1.3.0","41.2680699542","-76.6418509088","2010","Lycoming","public","","11","","11","other","100","","","11","","11","other","100","","","","","","","","","","","","","","","","","","","","","","","","","","","","",""
"41.7474563-75.99718748---2008","https://mapsengine.google.com/06136759344167181854-00219351362547715467-4/wms/?version=1.3.0","41.7474562989","-75.9971874844","2008","Susquehanna","final_internal","","3","","3","other","100","","","1","","1","other","100","","","3","","3","other","100","","","3","","3","other","100","","","","","","","","","","","","","","",""
"40.26696286-80.37337748---2005","https://mapsengine.google.com/06136759344167181854-15960346301379896183-4/wms/?version=1.3.0","40.2669628639","-80.3733774779","2005","Washington","final_internal","","3","","3","other","100","","","1","","1","other","100","","","","","","","","","","3","","3","other","100","","","","","","","","","","","","","","",""
"41.59247511-77.02295991---2005","https://mapsengine.google.com/06136759344167181854-15960346301379896183-4/wms/?version=1.3.0","41.592475107","-77.0229599064","2005","Tioga","missing_internal","","1","","1","other","100","","","","","","fracking|unknown|other","","","","","","","","","","","","","","","","","","","","","","","","","1","","1","other","100",""
"41.76836634-75.93325538---2005","https://mapsengine.google.com/06136759344167181854-15960346301379896183-4/wms/?version=1.3.0","41.7683663413","-75.9332553777","2005","Susquehanna","final_internal","","3","","3","other","100","","","1","","1","other","100","","","3","","3","other","100","","","3","","3","other","100","","","","","","","","","","","","","","",""
"41.73311563-76.60439929---2008","https://mapsengine.google.com/06136759344167181854-00219351362547715467-4/wms/?version=1.3.0","41.7331156342","-76.6043992892","2008","Bradford","final_internal","","3","","3","other","100","","","1","","1","other","100","","","3","","3","other","100","","","3","","3","other","100","","","","","","","","","","","","","","",""
"41.9517735-76.65275243---2010","https://mapsengine.google.com/06136759344167181854-06191489742681286724-4/wms/?version=1.3.0","41.9517735","-76.65275243","2010","Bradford","first_internal","","3","","3","other","100","","","13","","13","other","100","","","3","","3","other","100","","","","","","","","","","","","","","","","","","","","","",""
"41.55055476-76.4215796---2008","https://mapsengine.google.com/06136759344167181854-00219351362547715467-4/wms/?version=1.3.0","41.5505547569","-76.4215795986","2008","Sullivan","final_internal","","3","","3","other","100","","","1","","1","other","100","","","3","","3","other","100","","","3","","3","other","100","","","","","","","","","","","","","","",""
"41.06325639-77.89910308---2010","https://mapsengine.google.com/06136759344167181854-06191489742681286724-4/wms/?version=1.3.0","41.0632563938","-77.8991030846","2010","Centre","public","","11","","11","other","100","","","11","","11","other","100","","","","","","","","","","","","","","","","","","","","","","","","","","","","",""
"39.77439985-80.00125503---2010","https://mapsengine.google.com/06136759344167181854-06191489742681286724-4/wms/?version=1.3.0","39.7743998501","-80.0012550281","2010","Greene","sweeper_internal","1","","","1","fracking","100","","3","7","","10","other","70","","","","","","","","","","","","","","","","1","","","1","fracking","100","","","","","","","",""
"41.84745359-76.05898967---2010","https://mapsengine.google.com/06136759344167181854-06191489742681286724-4/wms/?version=1.3.0","41.84745359","-76.05898967","2010","Susquehanna","first_internal","","3","","3","other","100","","","10","","10","other","100","","","3","","3","other","100","","","","","","","","","","","","","","","","","","","","","",""
"39.93847449-79.96703848---2010","https://mapsengine.google.com/06136759344167181854-06191489742681286724-4/wms/?version=1.3.0","39.9384744893","-79.967038477","2010","Greene","public","2","8","","10","other","80","","2","8","","10","other","80","","","","","","","","","","","","","","","","","","","","","","","","","","","","",""
"41.32648701-76.7211555---2005","https://mapsengine.google.com/06136759344167181854-15960346301379896183-4/wms/?version=1.3.0","41.3264870097","-76.7211555013","2005","Lycoming","missing_internal","","1","","1","other","100","","","","","","fracking|unknown|other","","","","","","","","","","","","","","","","","","","","","","","","","1","","1","other","100",""
"41.27472047-77.26726828---2008","https://mapsengine.google.com/06136759344167181854-00219351362547715467-4/wms/?version=1.3.0","41.274720468","-77.2672682758","2008","Lycoming","final_internal","3","","","3","fracking","100","","1","","","1","fracking","100","","","","","","","","","3","","","3","fracking","100","","","","","","","","","","","","","","",""
"41.72582524-77.40579363---2010","https://mapsengine.google.com/06136759344167181854-06191489742681286724-4/wms/?version=1.3.0","41.7258252392","-77.4057936325","2010","Tioga","sweeper_internal","","1","","1","other","100","","3","5","2","10","other","50","","","","","","","","","","","","","","","","","1","","1","other","100","","","","","","","",""
"41.82036928-77.04710257---2008","https://mapsengine.google.com/06136759344167181854-00219351362547715467-4/wms/?version=1.3.0","41.8203692752","-77.0471025676","2008","Tioga","final_internal","","3","","3","other","100","","","1","","1","other","100","","","","","","","","","","3","","3","other","100","","","","","","","","","","","","","","",""
"41.73698017-75.89810279---2008","https://mapsengine.google.com/06136759344167181854-00219351362547715467-4/wms/?version=1.3.0","41.736980169","-75.8981027947","2008","Susquehanna","final_internal","","3","","3","other","100","","","1","","1","other","100","","","3","","3","other","100","","","3","","3","other","100","","","","","","","","","","","","","","",""
"41.61113461-76.98346362---2010","https://mapsengine.google.com/06136759344167181854-06191489742681286724-4/wms/?version=1.3.0","41.6111346134","-76.9834636232","2010","Tioga","public","","10","","10","other","100","","","10","","10","other","100","","","","","","","","","","","","","","","","","","","","","","","","","","","","",""
"39.7481694-79.87829488---2008","https://mapsengine.google.com/06136759344167181854-00219351362547715467-4/wms/?version=1.3.0","39.7481693995","-79.8782948785","2008","Fayette","first_internal","3","","","3","fracking","100","","9","","1","10","fracking","90","","3","","","3","fracking","100","","","","","","","","","","","","","","","","","","","","","",""
"41.69805154-76.78072855---2008","https://mapsengine.google.com/06136759344167181854-00219351362547715467-4/wms/?version=1.3.0","41.6980515418","-76.7807285546","2008","Bradford","final_internal","","4","","4","other","100","","","1","","1","other","100","","","3","","3","other","100","","","4","","4","other","100","","","","","","","","","","","","","","",""
"40.38478598-79.50051259---2010","https://mapsengine.google.com/06136759344167181854-06191489742681286724-4/wms/?version=1.3.0","40.3847859822","-79.500512594","2010","Westmoreland","public","9","","1","10","fracking","90","","9","","1","10","fracking","90","","","","","","","","","","","","","","","","","","","","","","","","","","","","",""
"41.41069176-77.17297692---2005","https://mapsengine.google.com/06136759344167181854-15960346301379896183-4/wms/?version=1.3.0","41.4106917618","-77.1729769204","2005","Lycoming","missing_internal","","1","","1","other","100","","","","","","fracking|unknown|other","","","","","","","","","","","","","","","","","","","","","","","","","1","","1","other","100",""
"39.89628152-80.29989435---2008","https://mapsengine.google.com/06136759344167181854-00219351362547715467-4/wms/?version=1.3.0","39.8962815188","-80.2998943483","2008","Greene","first_internal","","3","","3","other","100","","","9","1","10","other","90","","","3","","3","other","100","","","","","","","","","","","","","","","","","","","","","",""
"39.89101444-80.00272565---2008","https://mapsengine.google.com/06136759344167181854-00219351362547715467-4/wms/?version=1.3.0","39.8910144422","-80.0027256483","2008","Greene","sweeper_internal","","1","","1","other","100","","1","4","5","10","unknown","50","","","3","","3","other","100","","","","","","","","","","1","","1","other","100","","","","","","","",""
"41.71328132-75.87888061---2008","https://mapsengine.google.com/06136759344167181854-00219351362547715467-4/wms/?version=1.3.0","41.7132813232","-75.8788806128","2008","Susquehanna","final_internal","1","2","","3","other","66","","","1","","1","other","100","","","3","","3","other","100","","1","2","","3","other","66","","","","","","","","","","","","","","",""
"39.72955731-79.99142285---2005","https://mapsengine.google.com/06136759344167181854-15960346301379896183-4/wms/?version=1.3.0","39.7295573068","-79.9914228464","2005","Greene","final_internal","","3","","3","other","100","","","1","","1","other","100","","","","","","","","","","3","","3","other","100","","","","","","","","","","","","","","",""
"41.72763927-75.92464038---2010","https://mapsengine.google.com/06136759344167181854-06191489742681286724-4/wms/?version=1.3.0","41.72763927","-75.92464038","2010","Susquehanna","first_internal","1","","2","3","unknown","66","","9","1","","10","fracking","90","","1","","2","3","unknown","66","","","","","","","","","","","","","","","","","","","","","",""
"41.73073052-75.87002617---2008","https://mapsengine.google.com/06136759344167181854-00219351362547715467-4/wms/?version=1.3.0","41.7307305245","-75.8700261677","2008","Susquehanna","final_internal","","3","","3","other","100","","","1","","1","other","100","","","3","","3","other","100","","","3","","3","other","100","","","","","","","","","","","","","","",""
"40.19522992-79.88063169---2008","https://mapsengine.google.com/06136759344167181854-00219351362547715467-4/wms/?version=1.3.0","40.1952299193","-79.8806316913","2008","Washington","sweeper_internal","","1","","1","other","100","","2","7","1","10","other","70","","","2","1","3","other","66","","","","","","","","","","1","","1","other","100","","","","","","","",""
"41.71290976-76.1014092---2010","https://mapsengine.google.com/06136759344167181854-06191489742681286724-4/wms/?version=1.3.0","41.71290976","-76.1014092","2010","Susquehanna","first_internal","","3","","3","other","100","","","12","","12","other","100","","","3","","3","other","100","","","","","","","","","","","","","","","","","","","","","",""
"41.78579611-76.22820558---2005","https://mapsengine.google.com/06136759344167181854-15960346301379896183-4/wms/?version=1.3.0","41.7857961071","-76.2282055839","2005","Bradford","final_internal","","3","","3","other","100","","","1","","1","other","100","","","3","","3","other","100","","","3","","3","other","100","","","","","","","","","","","","","","",""
"40.52855542-79.20065247---2008","https://mapsengine.google.com/06136759344167181854-00219351362547715467-4/wms/?version=1.3.0","40.5285554186","-79.2006524678","2008","Indiana","first_internal","","3","","3","other","100","","","1","","1","other","100","","","3","","3","other","100","","","","","","","","","","","","","","","","","","","","","",""
"40.86664009-79.49484993---2010","https://mapsengine.google.com/06136759344167181854-06191489742681286724-4/wms/?version=1.3.0","40.8666400866","-79.4948499252","2010","Armstrong","sweeper_internal","","1","","1","other","100","","","7","3","10","other","70","","","","","","","","","","","","","","","","","1","","1","other","100","","","","","","","",""
"41.789395-77.2045706---2010","https://mapsengine.google.com/06136759344167181854-06191489742681286724-4/wms/?version=1.3.0","41.7893949969","-77.2045706025","2010","Tioga","sweeper_internal","","1","","1","other","100","","6","2","5","13","fracking","46","","","","","","","","","","","","","","","","","1","","1","other","100","","","","","","","",""
"41.30007479-76.61303512---2008","https://mapsengine.google.com/06136759344167181854-00219351362547715467-4/wms/?version=1.3.0","41.3000747921","-76.6130351167","2008","Lycoming","final_internal","","3","","3","other","100","","","1","","1","other","100","","","","","","","","","","3","","3","other","100","","","","","","","","","","","","","","",""
"41.71617754-75.90410781---2005","https://mapsengine.google.com/06136759344167181854-15960346301379896183-4/wms/?version=1.3.0","41.7161775389","-75.904107812","2005","Susquehanna","final_internal","","3","","3","other","100","","","1","","1","other","100","","","2","1","3","other","66","","","3","","3","other","100","","","","","","","","","","","","","","",""
"41.78817292-75.96067959---2010","https://mapsengine.google.com/06136759344167181854-06191489742681286724-4/wms/?version=1.3.0","41.78817292","-75.96067959","2010","Susquehanna","first_internal","","5","","5","other","100","","","10","","10","other","100","","","5","","5","other","100","","","","","","","","","","","","","","","","","","","","","",""
"41.88430398-76.1062549---2010","https://mapsengine.google.com/06136759344167181854-06191489742681286724-4/wms/?version=1.3.0","41.8843039846","-76.1062549018","2010","Susquehanna","sweeper_internal","","1","","1","other","100","","3","6","3","12","other","50","","","3","","3","other","100","","","","","","","","","","1","","1","other","100","","","","","","","",""
"41.86562573-76.6048839---2010","https://mapsengine.google.com/06136759344167181854-06191489742681286724-4/wms/?version=1.3.0","41.86562573","-76.6048839","2010","Bradford","first_internal","","3","","3","other","100","","","13","","13","other","100","","","3","","3","other","100","","","","","","","","","","","","","","","","","","","","","",""
"39.93963927-78.8970078---2010","https://mapsengine.google.com/06136759344167181854-06191489742681286724-4/wms/?version=1.3.0","39.9396392707","-78.8970078033","2010","Somerset","sweeper_internal","","1","","1","other","100","","","5","5","10","unknown|other","","50|50","","","","","","","","","","","","","","","","1","","1","other","100","","","","","","","",""
"40.30230275-80.37528838---2010","https://mapsengine.google.com/06136759344167181854-06191489742681286724-4/wms/?version=1.3.0","40.3023027511","-80.3752883762","2010","Washington","public","","10","","10","other","100","","","10","","10","other","100","","","","","","","","","","","","","","","","","","","","","","","","","","","","",""
"40.64460972-79.77750942---2008","https://mapsengine.google.com/06136759344167181854-00219351362547715467-4/wms/?version=1.3.0","40.6446097229","-79.7775094196","2008","Allegheny","final_internal","","3","","3","other","100","","","7","","7","other","100","","","3","","3","other","100","","","3","","3","other","100","","","","","","","","","","","","","","",""
"40.83690824-79.66247898---2010","https://mapsengine.google.com/06136759344167181854-06191489742681286724-4/wms/?version=1.3.0","40.8369082411","-79.6624789827","2010","Armstrong","public","8","1","1","10","fracking","80","","8","1","1","10","fracking","80","","","","","","","","","","","","","","","","","","","","","","","","","","","","",""
"39.80640235-79.52191145---2008","https://mapsengine.google.com/06136759344167181854-00219351362547715467-4/wms/?version=1.3.0","39.8064023494","-79.5219114464","2008","Fayette","first_internal","","3","","3","other","100","","","9","1","10","other","90","","","3","","3","other","100","","","","","","","","","","","","","","","","","","","","","",""
"41.83848069-76.37933584---2005","https://mapsengine.google.com/06136759344167181854-15960346301379896183-4/wms/?version=1.3.0","41.8384806888","-76.3793358437","2005","Bradford","final_internal","","4","","4","other","100","","","1","","1","other","100","","","3","","3","other","100","","","4","","4","other","100","","","","","","","","","","","","","","",""
"40.96411331-79.95342721---2008","https://mapsengine.google.com/06136759344167181854-00219351362547715467-4/wms/?version=1.3.0","40.9641133103","-79.9534272096","2008","Butler","first_internal","","3","","3","other","100","","","2","","2","other","100","","","3","","3","other","100","","","","","","","","","","","","","","","","","","","","","",""
"41.32684271-77.29340263---2010","https://mapsengine.google.com/06136759344167181854-06191489742681286724-4/wms/?version=1.3.0","41.3268427124","-77.2934026327","2010","Lycoming","public","1","8","1","10","other","80","","1","8","1","10","other","80","","","","","","","","","","","","","","","","","","","","","","","","","","","","",""
"39.91866384-80.00131965---2010","https://mapsengine.google.com/06136759344167181854-06191489742681286724-4/wms/?version=1.3.0","39.9186638415","-80.0013196543","2010","Greene","public","","10","","10","other","100","","","10","","10","other","100","","","","","","","","","","","","","","","","","","","","","","","","","","","","",""
"41.25599917-76.51128335---2008","https://mapsengine.google.com/06136759344167181854-00219351362547715467-4/wms/?version=1.3.0","41.2559991717","-76.5112833478","2008","Lycoming","final_internal","","3","","3","other","100","","","1","","1","other","100","","","","","","","","","","3","","3","other","100","","","","","","","","","","","","","","",""
"41.73610814-75.94332568---2005","https://mapsengine.google.com/06136759344167181854-15960346301379896183-4/wms/?version=1.3.0","41.7361081421","-75.9433256767","2005","Susquehanna","final_internal","","3","","3","other","100","","","1","","1","other","100","","","3","","3","other","100","","","3","","3","other","100","","","","","","","","","","","","","","",""
"41.68768023-75.89883982---2008","https://mapsengine.google.com/06136759344167181854-00219351362547715467-4/wms/?version=1.3.0","41.6876802257","-75.8988398192","2008","Susquehanna","final_internal","","3","","3","other","100","","","1","","1","other","100","","","3","","3","other","100","","","3","","3","other","100","","","","","","","","","","","","","","",""
"41.28019485-76.32505121---2005","https://mapsengine.google.com/06136759344167181854-15960346301379896183-4/wms/?version=1.3.0","41.2801948486","-76.3250512119","2005","Columbia","final_internal","","3","","3","other","100","","","1","","1","other","100","","","3","","3","other","100","","","3","","3","other","100","","","","","","","","","","","","","","",""
"41.72461566-75.87269767---2008","https://mapsengine.google.com/06136759344167181854-00219351362547715467-4/wms/?version=1.3.0","41.7246156554","-75.8726976709","2008","Susquehanna","final_internal","","3","","3","other","100","","","","1","1","unknown","100","","","3","","3","other","100","","","3","","3","other","100","","","","","","","","","","","","","","",""
"41.89049617-75.9364226---2008","https://mapsengine.google.com/06136759344167181854-00219351362547715467-4/wms/?version=1.3.0","41.890496174","-75.9364225998","2008","Susquehanna","final_internal","1","2","","3","other","66","","","1","","1","other","100","","","3","","3","other","100","","1","2","","3","other","66","","","","","","","","","","","","","","",""
"41.68466302-76.77829266---2010","https://mapsengine.google.com/06136759344167181854-06191489742681286724-4/wms/?version=1.3.0","41.68466302","-76.77829266","2010","Bradford","first_internal","","3","","3","other","100","","","10","1","11","other","90","","","3","","3","other","100","","","","","","","","","","","","","","","","","","","","","",""
"41.65849034-75.67708056---2005","https://mapsengine.google.com/06136759344167181854-15960346301379896183-4/wms/?version=1.3.0","41.6584903401","-75.6770805602","2005","Susquehanna","final_internal","","4","","4","other","100","","","","1","1","unknown","100","","","3","","3","other","100","","","4","","4","other","100","","","","","","","","","","","","","","",""
"41.79670424-76.22294214---2005","https://mapsengine.google.com/06136759344167181854-15960346301379896183-4/wms/?version=1.3.0","41.7967042386","-76.2229421387","2005","Bradford","final_internal","","3","","3","other","100","","","1","","1","other","100","","","3","","3","other","100","","","3","","3","other","100","","","","","","","","","","","","","","",""
"41.79442699-77.02262087---2008","https://mapsengine.google.com/06136759344167181854-00219351362547715467-4/wms/?version=1.3.0","41.7944269932","-77.0226208743","2008","Tioga","final_internal","","3","","3","other","100","","","1","","1","other","100","","","","","","","","","","3","","3","other","100","","","","","","","","","","","","","","",""
"41.82614202-76.98473654---2010","https://mapsengine.google.com/06136759344167181854-06191489742681286724-4/wms/?version=1.3.0","41.8261420161","-76.984736544","2010","Tioga","sweeper_internal","","1","","1","other","100","","2","6","2","10","other","60","","","","","","","","","","","","","","","","","1","","1","other","100","","","","","","","",""
"41.69829694-75.9679813---2008","https://mapsengine.google.com/06136759344167181854-00219351362547715467-4/wms/?version=1.3.0","41.6982969429","-75.9679812959","2008","Susquehanna","final_internal","","3","","3","other","100","","","1","","1","other","100","","","3","","3","other","100","","","3","","3","other","100","","","","","","","","","","","","","","",""
"41.71026621-77.54750909---2010","https://mapsengine.google.com/06136759344167181854-06191489742681286724-4/wms/?version=1.3.0","41.7102662097","-77.5475090934","2010","Tioga","public","10","","","10","fracking","100","","10","","","10","fracking","100","","","","","","","","","","","","","","","","","","","","","","","","","","","","",""
"41.68563137-75.9710636---2010","https://mapsengine.google.com/06136759344167181854-06191489742681286724-4/wms/?version=1.3.0","41.68563137","-75.9710636","2010","Susquehanna","first_internal","","3","","3","other","100","","1","9","","10","other","90","","","3","","3","other","100","","","","","","","","","","","","","","","","","","","","","",""
"41.87983508-76.82538562---2005","https://mapsengine.google.com/06136759344167181854-15960346301379896183-4/wms/?version=1.3.0","41.8798350787","-76.8253856161","2005","Bradford","final_internal","","3","","3","other","100","","","1","","1","other","100","","","3","","3","other","100","","","3","","3","other","100","","","","","","","","","","","","","","",""
"40.64668207-79.38694528---2010","https://mapsengine.google.com/06136759344167181854-06191489742681286724-4/wms/?version=1.3.0","40.6466820682","-79.3869452831","2010","Armstrong","sweeper_internal","","1","","1","other","100","","1","6","3","10","other","60","","","","","","","","","","","","","","","","","1","","1","other","100","","","","","","","",""
"41.72665718-76.80800601---2008","https://mapsengine.google.com/06136759344167181854-00219351362547715467-4/wms/?version=1.3.0","41.7266571795","-76.8080060101","2008","Bradford","final_internal","","4","","4","other","100","","","1","","1","other","100","","","3","","3","other","100","","","4","","4","other","100","","","","","","","","","","","","","","",""
"41.32649388-76.72116902---2010","https://mapsengine.google.com/06136759344167181854-06191489742681286724-4/wms/?version=1.3.0","41.326493876","-76.7211690247","2010","Lycoming","public","","8","2","10","other","80","","","8","2","10","other","80","","","","","","","","","","","","","","","","","","","","","","","","","","","","",""
"39.72795082-80.0158943---2008","https://mapsengine.google.com/06136759344167181854-00219351362547715467-4/wms/?version=1.3.0","39.7279508212","-80.015894301","2008","Greene","sweeper_internal","","1","","1","other","100","","5","1","4","10","fracking","50","","2","","1","3","fracking","66","","","","","","","","","","1","","1","other","100","","","","","","","",""
"41.75003713-75.87215729---2005","https://mapsengine.google.com/06136759344167181854-15960346301379896183-4/wms/?version=1.3.0","41.7500371292","-75.8721572856","2005","Susquehanna","final_internal","","3","","3","other","100","","","1","","1","other","100","","","3","","3","other","100","","","3","","3","other","100","","","","","","","","","","","","","","",""
"39.91206433-80.00729053---2008","https://mapsengine.google.com/06136759344167181854-00219351362547715467-4/wms/?version=1.3.0","39.9120643263","-80.0072905273","2008","Greene","first_internal","","3","","3","other","100","","","8","2","10","other","80","","","3","","3","other","100","","","","","","","","","","","","","","","","","","","","","",""
"41.74165155-77.19787563---2005","https://mapsengine.google.com/06136759344167181854-15960346301379896183-4/wms/?version=1.3.0","41.7416515466","-77.1978756292","2005","Tioga","final_internal","","3","","3","other","100","","","1","","1","other","100","","","","","","","","","","3","","3","other","100","","","","","","","","","","","","","","",""
"41.67155307-75.85537104---2010","https://mapsengine.google.com/06136759344167181854-06191489742681286724-4/wms/?version=1.3.0","41.67155307","-75.85537104","2010","Susquehanna","first_internal","","3","","3","other","100","","","11","2","13","other","84","","","3","","3","other","100","","","","","","","","","","","","","","","","","","","","","",""
"41.83124841-76.07038819---2010","https://mapsengine.google.com/06136759344167181854-06191489742681286724-4/wms/?version=1.3.0","41.83124841","-76.07038819","2010","Susquehanna","first_internal","","3","","3","other","100","","","10","","10","other","100","","","3","","3","other","100","","","","","","","","","","","","","","","","","","","","","",""
"40.34108683-79.14862391---2008","https://mapsengine.google.com/06136759344167181854-00219351362547715467-4/wms/?version=1.3.0","40.3410868285","-79.1486239144","2008","Westmoreland","first_internal","","3","","3","other","100","","","1","","1","other","100","","","3","","3","other","100","","","","","","","","","","","","","","","","","","","","","",""
"41.74932061-76.75478023---2010","https://mapsengine.google.com/06136759344167181854-06191489742681286724-4/wms/?version=1.3.0","41.74932061","-76.75478023","2010","Bradford","first_internal","","3","","3","other","100","","1","9","","10","other","90","","","3","","3","other","100","","","","","","","","","","","","","","","","","","","","","",""
"41.2680241-76.66081587---2008","https://mapsengine.google.com/06136759344167181854-00219351362547715467-4/wms/?version=1.3.0","41.2680240984","-76.6608158708","2008","Lycoming","final_internal","","3","","3","other","100","","","1","","1","other","100","","","","","","","","","","3","","3","other","100","","","","","","","","","","","","","","",""
"41.92646102-75.87299271---2010","https://mapsengine.google.com/06136759344167181854-06191489742681286724-4/wms/?version=1.3.0","41.92646102","-75.87299271","2010","Susquehanna","first_internal","","3","","3","other","100","","","12","","12","other","100","","","3","","3","other","100","","","","","","","","","","","","","","","","","","","","","",""
"40.30318042-80.29900563---2005","https://mapsengine.google.com/06136759344167181854-15960346301379896183-4/wms/?version=1.3.0","40.303180418","-80.2990056326","2005","Washington","final_internal","","3","","3","other","100","","","1","","1","other","100","","","","","","","","","","3","","3","other","100","","","","","","","","","","","","","","",""
"40.24588453-80.27133265---2010","https://mapsengine.google.com/06136759344167181854-06191489742681286724-4/wms/?version=1.3.0","40.2458845268","-80.2713326462","2010","Washington","sweeper_internal","1","","","1","fracking","100","","4","6","","10","other","60","","","","","","","","","","","","","","","","1","","","1","fracking","100","","","","","","","",""
"39.91182672-79.93465757---2010","https://mapsengine.google.com/06136759344167181854-06191489742681286724-4/wms/?version=1.3.0","39.9118267165","-79.9346575722","2010","Greene","public","","10","","10","other","100","","","10","","10","other","100","","","","","","","","","","","","","","","","","","","","","","","","","","","","",""
"41.69945421-75.89336034---2010","https://mapsengine.google.com/06136759344167181854-06191489742681286724-4/wms/?version=1.3.0","41.6994542075","-75.8933603353","2010","Susquehanna","sweeper_internal","","1","","1","other","100","","5","7","3","15","other","46","","","4","","4","other","100","","","","","","","","","","1","","1","other","100","","","","","","","",""
"41.27841468-76.64315062---2005","https://mapsengine.google.com/06136759344167181854-15960346301379896183-4/wms/?version=1.3.0","41.2784146783","-76.6431506207","2005","Lycoming","missing_internal","","1","","1","other","100","","","","","","fracking|unknown|other","","","","","","","","","","","","","","","","","","","","","","","","","1","","1","other","100",""
"39.90832037-79.94248211---2010","https://mapsengine.google.com/06136759344167181854-06191489742681286724-4/wms/?version=1.3.0","39.9083203741","-79.9424821074","2010","Greene","public","","10","","10","other","100","","","10","","10","other","100","","","","","","","","","","","","","","","","","","","","","","","","","","","","",""
"41.7973089-77.23580484---2010","https://mapsengine.google.com/06136759344167181854-06191489742681286724-4/wms/?version=1.3.0","41.7973089044","-77.2358048445","2010","Tioga","public","","10","","10","other","100","","","10","","10","other","100","","","","","","","","","","","","","","","","","","","","","","","","","","","","",""
"41.89229091-77.37123151---2008","https://mapsengine.google.com/06136759344167181854-00219351362547715467-4/wms/?version=1.3.0","41.8922909135","-77.3712315084","2008","Tioga","final_internal","","3","","3","other","100","","","1","","1","other","100","","","","","","","","","","3","","3","other","100","","","","","","","","","","","","","","",""
"41.33955957-77.17677474---2008","https://mapsengine.google.com/06136759344167181854-00219351362547715467-4/wms/?version=1.3.0","41.3395595708","-77.1767747367","2008","Lycoming","final_internal","","3","","3","other","100","","","1","","1","other","100","","","","","","","","","","3","","3","other","100","","","","","","","","","","","","","","",""
"40.28015678-80.29208039---2005","https://mapsengine.google.com/06136759344167181854-15960346301379896183-4/wms/?version=1.3.0","40.2801567844","-80.2920803924","2005","Washington","final_internal","3","","","3","fracking","100","","1","","","1","fracking","100","","","","","","","","","3","","","3","fracking","100","","","","","","","","","","","","","","",""
"40.15610457-79.74509584---2008","https://mapsengine.google.com/06136759344167181854-00219351362547715467-4/wms/?version=1.3.0","40.1561045675","-79.7450958432","2008","Westmoreland","first_internal","","4","","4","other","100","","","1","","1","other","100","","","4","","4","other","100","","","","","","","","","","","","","","","","","","","","","",""
"41.84632184-76.91154397---2010","https://mapsengine.google.com/06136759344167181854-06191489742681286724-4/wms/?version=1.3.0","41.8463218384","-76.9115439696","2010","Tioga","public","","10","","10","other","100","","","10","","10","other","100","","","","","","","","","","","","","","","","","","","","","","","","","","","","",""
"40.00019082-79.69804725---2005","https://mapsengine.google.com/06136759344167181854-15960346301379896183-4/wms/?version=1.3.0","40.0001908205","-79.6980472459","2005","Fayette","final_internal","","3","","3","other","100","","","1","","1","other","100","","","","","","","","","","3","","3","other","100","","","","","","","","","","","","","","",""
"41.43599782-77.21090971---2005","https://mapsengine.google.com/06136759344167181854-15960346301379896183-4/wms/?version=1.3.0","41.4359978204","-77.2109097054","2005","Lycoming","missing_internal","","1","","1","other","100","","","","","","fracking|unknown|other","","","","","","","","","","","","","","","","","","","","","","","","","1","","1","other","100",""
"39.9718014-79.82616737---2010","https://mapsengine.google.com/06136759344167181854-06191489742681286724-4/wms/?version=1.3.0","39.9718014033","-79.8261673742","2010","Fayette","public","10","","","10","fracking","100","","10","","","10","fracking","100","","","","","","","","","","","","","","","","","","","","","","","","","","","","",""
"41.68436564-76.0653945---2005","https://mapsengine.google.com/06136759344167181854-15960346301379896183-4/wms/?version=1.3.0","41.6843656351","-76.065394495","2005","Susquehanna","final_internal","","3","","3","other","100","","","1","","1","other","100","","","3","","3","other","100","","","3","","3","other","100","","","","","","","","","","","","","","",""
"41.74298628-77.01560395---2010","https://mapsengine.google.com/06136759344167181854-06191489742681286724-4/wms/?version=1.3.0","41.7429862775","-77.0156039537","2010","Tioga","sweeper_internal","","1","","1","other","100","","1","7","2","10","other","70","","","","","","","","","","","","","","","","","1","","1","other","100","","","","","","","",""
"41.68726931-75.97221995---2005","https://mapsengine.google.com/06136759344167181854-15960346301379896183-4/wms/?version=1.3.0","41.6872693104","-75.9722199549","2005","Susquehanna","final_internal","","3","","3","other","100","","","1","","1","other","100","","","3","","3","other","100","","","3","","3","other","100","","","","","","","","","","","","","","",""
"41.77338273-76.66676196---2010","https://mapsengine.google.com/06136759344167181854-06191489742681286724-4/wms/?version=1.3.0","41.77338273","-76.66676196","2010","Bradford","first_internal","","3","","3","other","100","","","10","1","11","other","90","","","3","","3","other","100","","","","","","","","","","","","","","","","","","","","","",""
"39.88588525-80.0079578---2008","https://mapsengine.google.com/06136759344167181854-00219351362547715467-4/wms/?version=1.3.0","39.8858852487","-80.0079578009","2008","Greene","sweeper_internal","1","","","1","fracking","100","","7","1","2","10","fracking","70","","3","","","3","fracking","100","","","","","","","","","1","","","1","fracking","100","","","","","","","",""
"41.75814826-76.49479996---2005","https://mapsengine.google.com/06136759344167181854-15960346301379896183-4/wms/?version=1.3.0","41.7581482593","-76.4947999646","2005","Bradford","final_internal","","3","","3","other","100","","","1","","1","other","100","","","3","","3","other","100","","","3","","3","other","100","","","","","","","","","","","","","","",""
"40.24976014-79.76531043---2010","https://mapsengine.google.com/06136759344167181854-06191489742681286724-4/wms/?version=1.3.0","40.2497601405","-79.7653104288","2010","Westmoreland","sweeper_internal","","1","","1","other","100","","1","4","5","10","unknown","50","","","","","","","","","","","","","","","","","1","","1","other","100","","","","","","","",""
"41.98938328-77.01564505---2008","https://mapsengine.google.com/06136759344167181854-00219351362547715467-4/wms/?version=1.3.0","41.9893832804","-77.0156450498","2008","Tioga","final_internal","","3","","3","other","100","","","1","","1","other","100","","","","","","","","","","3","","3","other","100","","","","","","","","","","","","","","",""
"41.71812016-76.80393589---2008","https://mapsengine.google.com/06136759344167181854-00219351362547715467-4/wms/?version=1.3.0","41.7181201552","-76.8039358921","2008","Bradford","final_internal","","3","","3","other","100","","","1","","1","other","100","","","2","1","3","other","66","","","3","","3","other","100","","","","","","","","","","","","","","",""
"41.91395203-77.42131672---2010","https://mapsengine.google.com/06136759344167181854-06191489742681286724-4/wms/?version=1.3.0","41.9139520337","-77.4213167228","2010","Tioga","public","","9","1","10","other","90","","","9","1","10","other","90","","","","","","","","","","","","","","","","","","","","","","","","","","","","",""
"40.0152439-79.62706737---2008","https://mapsengine.google.com/06136759344167181854-00219351362547715467-4/wms/?version=1.3.0","40.0152439044","-79.6270673659","2008","Fayette","sweeper_internal","","1","","1","other","100","","4","3","3","10","fracking","40","","","1","2","3","unknown","66","","","","","","","","","","1","","1","other","100","","","","","","","",""
"39.94388144-80.02044874---2005","https://mapsengine.google.com/06136759344167181854-15960346301379896183-4/wms/?version=1.3.0","39.9438814394","-80.0204487438","2005","Greene","final_internal","","3","","3","other","100","","","1","","1","other","100","","","","","","","","","","3","","3","other","100","","","","","","","","","","","","","","",""
"41.7333137-75.89412614---2008","https://mapsengine.google.com/06136759344167181854-00219351362547715467-4/wms/?version=1.3.0","41.733313701","-75.894126136","2008","Susquehanna","final_internal","","3","","3","other","100","","","1","","1","other","100","","","3","","3","other","100","","","3","","3","other","100","","","","","","","","","","","","","","",""
"40.83520335-79.68223052---2008","https://mapsengine.google.com/06136759344167181854-00219351362547715467-4/wms/?version=1.3.0","40.8352033479","-79.6822305192","2008","Armstrong","first_internal","1","2","","3","other","66","","","6","","6","other","100","","1","2","","3","other","66","","","","","","","","","","","","","","","","","","","","","",""
"41.71456645-76.0498144---2008","https://mapsengine.google.com/06136759344167181854-00219351362547715467-4/wms/?version=1.3.0","41.7145664494","-76.0498143954","2008","Susquehanna","final_internal","","3","","3","other","100","","","1","","1","other","100","","","3","","3","other","100","","","3","","3","other","100","","","","","","","","","","","","","","",""
"41.73449221-76.04664813---2008","https://mapsengine.google.com/06136759344167181854-00219351362547715467-4/wms/?version=1.3.0","41.7344922076","-76.0466481315","2008","Susquehanna","final_internal","","3","","3","other","100","","","1","","1","other","100","","","3","","3","other","100","","","3","","3","other","100","","","","","","","","","","","","","","",""
"41.75054913-76.84583084---2008","https://mapsengine.google.com/06136759344167181854-00219351362547715467-4/wms/?version=1.3.0","41.7505491286","-76.8458308412","2008","Bradford","final_internal","","3","","3","other","100","","","1","","1","other","100","","","3","","3","other","100","","","3","","3","other","100","","","","","","","","","","","","","","",""
"41.6288538-76.43007103---2005","https://mapsengine.google.com/06136759344167181854-15960346301379896183-4/wms/?version=1.3.0","41.6288537979","-76.4300710281","2005","Bradford","final_internal","","3","","3","other","100","","","1","","1","other","100","","","3","","3","other","100","","","3","","3","other","100","","","","","","","","","","","","","","",""
"40.9937532-78.86345722---2005","https://mapsengine.google.com/06136759344167181854-15960346301379896183-4/wms/?version=1.3.0","40.9937532027","-78.8634572156","2005","Jefferson","final_internal","","3","","3","other","100","","","1","","1","other","100","","","","","","","","","","3","","3","other","100","","","","","","","","","","","","","","",""
"40.078455-80.22507945---2010","https://mapsengine.google.com/06136759344167181854-06191489742681286724-4/wms/?version=1.3.0","40.0784550021","-80.2250794469","2010","Washington","sweeper_internal","","1","","1","other","100","","7","2","1","10","fracking","70","","","","","","","","","","","","","","","","","1","","1","other","100","","","","","","","",""
"40.26201193-80.46501477---2010","https://mapsengine.google.com/06136759344167181854-06191489742681286724-4/wms/?version=1.3.0","40.2620119273","-80.4650147719","2010","Washington","sweeper_internal","","1","","1","other","100","","5","2","3","10","fracking","50","","","","","","","","","","","","","","","","","1","","1","other","100","","","","","","","",""
"41.78816862-75.96056833---2008","https://mapsengine.google.com/06136759344167181854-00219351362547715467-4/wms/?version=1.3.0","41.7881686249","-75.9605683279","2008","Susquehanna","final_internal","","3","","3","other","100","","","1","","1","other","100","","","3","","3","other","100","","","3","","3","other","100","","","","","","","","","","","","","","",""
"41.76832369-75.93898765---2010","https://mapsengine.google.com/06136759344167181854-06191489742681286724-4/wms/?version=1.3.0","41.76832369","-75.93898765","2010","Susquehanna","first_internal","","3","","3","other","100","","","10","","10","other","100","","","3","","3","other","100","","","","","","","","","","","","","","","","","","","","","",""
"41.80051132-76.96268606---2005","https://mapsengine.google.com/06136759344167181854-15960346301379896183-4/wms/?version=1.3.0","41.8005113177","-76.9626860567","2005","Tioga","final_internal","","3","","3","other","100","","","1","","1","other","100","","","","","","","","","","3","","3","other","100","","","","","","","","","","","","","","",""
"39.82787111-79.96883429---2008","https://mapsengine.google.com/06136759344167181854-00219351362547715467-4/wms/?version=1.3.0","39.8278711121","-79.968834294","2008","Greene","first_internal","2","","1","3","fracking","66","","8","1","1","10","fracking","80","","2","","1","3","fracking","66","","","","","","","","","","","","","","","","","","","","","",""
"41.68708433-78.63255529---2008","https://mapsengine.google.com/06136759344167181854-00219351362547715467-4/wms/?version=1.3.0","41.6870843324","-78.6325552858","2008","McKean","sweeper_internal","","1","","1","other","100","","3","7","","10","other","70","","2","1","","3","fracking","66","","","","","","","","","","1","","1","other","100","","","","","","","",""
"39.91501119-80.0008862---2008","https://mapsengine.google.com/06136759344167181854-00219351362547715467-4/wms/?version=1.3.0","39.9150111906","-80.0008862034","2008","Greene","first_internal","","3","","3","other","100","","","8","2","10","other","80","","","3","","3","other","100","","","","","","","","","","","","","","","","","","","","","",""
"41.7329585-77.39456946---2010","https://mapsengine.google.com/06136759344167181854-06191489742681286724-4/wms/?version=1.3.0","41.7329585006","-77.3945694629","2010","Tioga","public","","10","","10","other","100","","","10","","10","other","100","","","","","","","","","","","","","","","","","","","","","","","","","","","","",""
"41.47455131-78.91662073---2005","https://mapsengine.google.com/06136759344167181854-15960346301379896183-4/wms/?version=1.3.0","41.4745513107","-78.9166207321","2005","Elk","final_internal","","4","","4","other","100","","","1","","1","other","100","","","","","","","","","","4","","4","other","100","","","","","","","","","","","","","","",""
"41.69014985-77.57496128---2008","https://mapsengine.google.com/06136759344167181854-00219351362547715467-4/wms/?version=1.3.0","41.69014985","-77.5749612848","2008","Tioga","final_internal","","3","","3","other","100","","1","","","1","fracking","100","","","","","","","","","","3","","3","other","100","","","","","","","","","","","","","","",""
"41.93942353-77.02011822---2010","https://mapsengine.google.com/06136759344167181854-06191489742681286724-4/wms/?version=1.3.0","41.9394235332","-77.020118215","2010","Tioga","public","","10","","10","other","100","","","10","","10","other","100","","","","","","","","","","","","","","","","","","","","","","","","","","","","",""
"41.75682083-76.48114381---2008","https://mapsengine.google.com/06136759344167181854-00219351362547715467-4/wms/?version=1.3.0","41.7568208312","-76.4811438101","2008","Bradford","final_internal","","3","","3","other","100","","","1","","1","other","100","","","3","","3","other","100","","","3","","3","other","100","","","","","","","","","","","","","","",""
"41.74416366-75.87983861---2008","https://mapsengine.google.com/06136759344167181854-00219351362547715467-4/wms/?version=1.3.0","41.7441636623","-75.8798386091","2008","Susquehanna","final_internal","","3","","3","other","100","","","","1","1","unknown","100","","1","2","","3","other","66","","","3","","3","other","100","","","","","","","","","","","","","","",""
"41.17545544-78.98215279---2008","https://mapsengine.google.com/06136759344167181854-00219351362547715467-4/wms/?version=1.3.0","41.1754554406","-78.9821527914","2008","Jefferson","sweeper_internal","1","","","1","fracking","100","","2","4","4","10","unknown|other","","40|40","1","1","1","3","fracking|unknown|other","","33|33|33","","","","","","","","1","","","1","fracking","100","","","","","","","",""
"40.50713682-79.55067197---2005","https://mapsengine.google.com/06136759344167181854-15960346301379896183-4/wms/?version=1.3.0","40.5071368166","-79.5506719657","2005","Westmoreland","final_internal","","3","","3","other","100","","","1","","1","other","100","","","","","","","","","","3","","3","other","100","","","","","","","","","","","","","","",""
"41.73831374-75.9449715---2010","https://mapsengine.google.com/06136759344167181854-06191489742681286724-4/wms/?version=1.3.0","41.73831374","-75.9449715","2010","Susquehanna","first_internal","","3","","3","other","100","","","11","","11","other","100","","","3","","3","other","100","","","","","","","","","","","","","","","","","","","","","",""
"41.29249162-79.48930258---2005","https://mapsengine.google.com/06136759344167181854-15960346301379896183-4/wms/?version=1.3.0","41.2924916207","-79.4893025832","2005","Clarion","final_internal","1","2","","3","other","66","","","1","","1","other","100","","","","","","","","","1","2","","3","other","66","","","","","","","","","","","","","","",""
"41.74559817-75.90426936---2005","https://mapsengine.google.com/06136759344167181854-15960346301379896183-4/wms/?version=1.3.0","41.7455981654","-75.9042693569","2005","Susquehanna","final_internal","","3","","3","other","100","","","1","","1","other","100","","","3","","3","other","100","","","3","","3","other","100","","","","","","","","","","","","","","",""
"40.30225869-80.37536337---2008","https://mapsengine.google.com/06136759344167181854-00219351362547715467-4/wms/?version=1.3.0","40.3022586937","-80.3753633658","2008","Washington","first_internal","","3","","3","other","100","","","9","1","10","other","90","","","3","","3","other","100","","","","","","","","","","","","","","","","","","","","","",""
"39.91396295-79.9850868---2008","https://mapsengine.google.com/06136759344167181854-00219351362547715467-4/wms/?version=1.3.0","39.9139629534","-79.9850868003","2008","Greene","sweeper_internal","","1","","1","other","100","","1","6","3","10","other","60","","","3","","3","other","100","","","","","","","","","","1","","1","other","100","","","","","","","",""
"41.69294369-75.96753067---2005","https://mapsengine.google.com/06136759344167181854-15960346301379896183-4/wms/?version=1.3.0","41.6929436871","-75.9675306709","2005","Susquehanna","final_internal","","3","","3","other","100","","","1","","1","other","100","","","3","","3","other","100","","","3","","3","other","100","","","","","","","","","","","","","","",""
"41.63622366-76.3468025---2008","https://mapsengine.google.com/06136759344167181854-00219351362547715467-4/wms/?version=1.3.0","41.6362236589","-76.3468024989","2008","Bradford","final_internal","","3","","3","other","100","","","1","","1","other","100","","","3","","3","other","100","","","3","","3","other","100","","","","","","","","","","","","","","",""
"41.70078344-75.89830795---2005","https://mapsengine.google.com/06136759344167181854-15960346301379896183-4/wms/?version=1.3.0","41.7007834381","-75.8983079483","2005","Susquehanna","final_internal","","3","","3","other","100","","","1","","1","other","100","","","3","","3","other","100","","","3","","3","other","100","","","","","","","","","","","","","","",""
"40.81180331-80.03552925---2005","https://mapsengine.google.com/06136759344167181854-15960346301379896183-4/wms/?version=1.3.0","40.8118033118","-80.0355292475","2005","Butler","final_internal","","3","","3","other","100","","","1","","1","other","100","","","","","","","","","","3","","3","other","100","","","","","","","","","","","","","","",""
"39.83111716-79.99694351---2005","https://mapsengine.google.com/06136759344167181854-15960346301379896183-4/wms/?version=1.3.0","39.831117158","-79.9969435096","2005","Greene","final_internal","","3","","3","other","100","","","1","","1","other","100","","","","","","","","","","3","","3","other","100","","","","","","","","","","","","","","",""
"41.90248424-76.87141329---2005","https://mapsengine.google.com/06136759344167181854-15960346301379896183-4/wms/?version=1.3.0","41.902484244","-76.8714132868","2005","Bradford","final_internal","","3","","3","other","100","","1","","","1","fracking","100","","1","2","","3","other","66","","","3","","3","other","100","","","","","","","","","","","","","","",""
"41.72188437-75.86731641---2005","https://mapsengine.google.com/06136759344167181854-15960346301379896183-4/wms/?version=1.3.0","41.7218843703","-75.867316406","2005","Susquehanna","final_internal","","3","","3","other","100","","","1","","1","other","100","","","3","","3","other","100","","","3","","3","other","100","","","","","","","","","","","","","","",""
"39.95863447-80.09899372---2005","https://mapsengine.google.com/06136759344167181854-15960346301379896183-4/wms/?version=1.3.0","39.958634474","-80.0989937189","2005","Greene","final_internal","","3","","3","other","100","","","1","","1","other","100","","","","","","","","","","3","","3","other","100","","","","","","","","","","","","","","",""
"41.78415682-77.20956794---2010","https://mapsengine.google.com/06136759344167181854-06191489742681286724-4/wms/?version=1.3.0","41.7841568211","-77.2095679361","2010","Tioga","public","","11","","11","other","100","","","11","","11","other","100","","","","","","","","","","","","","","","","","","","","","","","","","","","","",""
"40.29636147-80.30812875---2008","https://mapsengine.google.com/06136759344167181854-00219351362547715467-4/wms/?version=1.3.0","40.2963614703","-80.3081287541","2008","Washington","first_internal","","3","","3","other","100","","","8","","8","other","100","","","3","","3","other","100","","","","","","","","","","","","","","","","","","","","","",""
"40.27806851-80.15144039---2008","https://mapsengine.google.com/06136759344167181854-00219351362547715467-4/wms/?version=1.3.0","40.278068513","-80.151440394","2008","Washington","first_internal","","3","","3","other","100","","","8","","8","other","100","","","3","","3","other","100","","","","","","","","","","","","","","","","","","","","","",""
"41.75167368-75.93471443---2008","https://mapsengine.google.com/06136759344167181854-00219351362547715467-4/wms/?version=1.3.0","41.7516736753","-75.9347144338","2008","Susquehanna","final_internal","","3","","3","other","100","","","1","","1","other","100","","","3","","3","other","100","","","3","","3","other","100","","","","","","","","","","","","","","",""
"40.21278904-80.31819169---2005","https://mapsengine.google.com/06136759344167181854-15960346301379896183-4/wms/?version=1.3.0","40.2127890403","-80.3181916878","2005","Washington","final_internal","","3","","3","other","100","","","1","","1","other","100","","","","","","","","","","3","","3","other","100","","","","","","","","","","","","","","",""
"41.69442613-77.36086302---2010","https://mapsengine.google.com/06136759344167181854-06191489742681286724-4/wms/?version=1.3.0","41.6944261333","-77.3608630245","2010","Tioga","public","11","","","11","fracking","100","","11","","","11","fracking","100","","","","","","","","","","","","","","","","","","","","","","","","","","","","",""
"41.70243174-76.45519159---2010","https://mapsengine.google.com/06136759344167181854-06191489742681286724-4/wms/?version=1.3.0","41.7024317429","-76.4551915933","2010","Bradford","sweeper_internal","","1","","1","other","100","","3","5","2","10","other","50","","1","2","","3","other","66","","","","","","","","","","1","","1","other","100","","","","","","","",""
"40.99929641-78.86292404---2010","https://mapsengine.google.com/06136759344167181854-06191489742681286724-4/wms/?version=1.3.0","40.9992964053","-78.8629240439","2010","Jefferson","public","","10","","10","other","100","","","10","","10","other","100","","","","","","","","","","","","","","","","","","","","","","","","","","","","",""
"40.26045193-80.34924091---2005","https://mapsengine.google.com/06136759344167181854-15960346301379896183-4/wms/?version=1.3.0","40.260451934","-80.3492409061","2005","Washington","final_internal","","3","","3","other","100","","","1","","1","other","100","","","","","","","","","","3","","3","other","100","","","","","","","","","","","","","","",""
"41.75187611-76.82816355---2008","https://mapsengine.google.com/06136759344167181854-00219351362547715467-4/wms/?version=1.3.0","41.7518761055","-76.8281635518","2008","Bradford","final_internal","","4","","4","other","100","","","1","","1","other","100","","","3","","3","other","100","","","4","","4","other","100","","","","","","","","","","","","","","",""
"41.84741632-77.07632104---2010","https://mapsengine.google.com/06136759344167181854-06191489742681286724-4/wms/?version=1.3.0","41.8474163158","-77.0763210359","2010","Tioga","public","1","9","","10","other","90","","1","9","","10","other","90","","","","","","","","","","","","","","","","","","","","","","","","","","","","",""
"41.73539399-75.89612938---2005","https://mapsengine.google.com/06136759344167181854-15960346301379896183-4/wms/?version=1.3.0","41.7353939885","-75.8961293758","2005","Susquehanna","final_internal","","3","","3","other","100","","","1","","1","other","100","","","3","","3","other","100","","","3","","3","other","100","","","","","","","","","","","","","","",""
"41.93242734-76.94483709---2005","https://mapsengine.google.com/06136759344167181854-15960346301379896183-4/wms/?version=1.3.0","41.9324273443","-76.944837089","2005","Tioga","missing_internal","","1","","1","other","100","","","","","","fracking|unknown|other","","","","","","","","","","","","","","","","","","","","","","","","","1","","1","other","100",""
"41.73799915-75.8736095---2010","https://mapsengine.google.com/06136759344167181854-06191489742681286724-4/wms/?version=1.3.0","41.73799915","-75.8736095","2010","Susquehanna","first_internal","","3","","3","other","100","","","10","","10","other","100","","","3","","3","other","100","","","","","","","","","","","","","","","","","","","","","",""
"39.92175595-80.02859927---2008","https://mapsengine.google.com/06136759344167181854-00219351362547715467-4/wms/?version=1.3.0","39.9217559493","-80.0285992717","2008","Greene","sweeper_internal","","1","","1","other","100","","3","5","2","10","other","50","","","3","","3","other","100","","","","","","","","","","1","","1","other","100","","","","","","","",""
"41.71646959-76.4296891---2010","https://mapsengine.google.com/06136759344167181854-06191489742681286724-4/wms/?version=1.3.0","41.71646959","-76.4296891","2010","Bradford","first_internal","","3","","3","other","100","","","10","","10","other","100","","","3","","3","other","100","","","","","","","","","","","","","","","","","","","","","",""
"39.95032237-78.89269348---2010","https://mapsengine.google.com/06136759344167181854-06191489742681286724-4/wms/?version=1.3.0","39.9503223659","-78.8926934764","2010","Somerset","public","","10","","10","other","100","","","10","","10","other","100","","","","","","","","","","","","","","","","","","","","","","","","","","","","",""
"41.09543049-77.952468---2010","https://mapsengine.google.com/06136759344167181854-06191489742681286724-4/wms/?version=1.3.0","41.0954304887","-77.9524679964","2010","Centre","public","","9","1","10","other","90","","","9","1","10","other","90","","","","","","","","","","","","","","","","","","","","","","","","","","","","",""
"41.68820185-76.85676139---2010","https://mapsengine.google.com/06136759344167181854-06191489742681286724-4/wms/?version=1.3.0","41.68820185","-76.85676139","2010","Bradford","first_internal","","3","","3","other","100","","","10","","10","other","100","","","3","","3","other","100","","","","","","","","","","","","","","","","","","","","","",""
"41.00460201-79.78379337---2010","https://mapsengine.google.com/06136759344167181854-06191489742681286724-4/wms/?version=1.3.0","41.0046020134","-79.7837933725","2010","Butler","public","2","23","2","27","other","85","","2","23","2","27","other","85","","","","","","","","","","","","","","","","","","","","","","","","","","","","",""
"41.67906952-77.58120749---2010","https://mapsengine.google.com/06136759344167181854-06191489742681286724-4/wms/?version=1.3.0","41.6790695171","-77.5812074896","2010","Tioga","sweeper_internal","1","","","1","fracking","100","","3","2","5","10","unknown","50","","","","","","","","","","","","","","","","1","","","1","fracking","100","","","","","","","",""
"41.74072333-77.14483136---2010","https://mapsengine.google.com/06136759344167181854-06191489742681286724-4/wms/?version=1.3.0","41.7407233309","-77.1448313578","2010","Tioga","public","","10","","10","other","100","","","10","","10","other","100","","","","","","","","","","","","","","","","","","","","","","","","","","","","",""
"41.87989736-76.82546866---2008","https://mapsengine.google.com/06136759344167181854-00219351362547715467-4/wms/?version=1.3.0","41.879897359","-76.8254686565","2008","Bradford","final_internal","","3","","3","other","100","","","1","","1","other","100","","","3","","3","other","100","","","3","","3","other","100","","","","","","","","","","","","","","",""
"41.83883421-76.04963897---2008","https://mapsengine.google.com/06136759344167181854-00219351362547715467-4/wms/?version=1.3.0","41.8388342128","-76.0496389722","2008","Susquehanna","final_internal","","3","","3","other","100","","","1","","1","other","100","","","3","","3","other","100","","","3","","3","other","100","","","","","","","","","","","","","","",""
"41.58127595-77.06672812---2005","https://mapsengine.google.com/06136759344167181854-15960346301379896183-4/wms/?version=1.3.0","41.5812759501","-77.0667281234","2005","Tioga","missing_internal","","1","","1","other","100","","","","","","fracking|unknown|other","","","","","","","","","","","","","","","","","","","","","","","","","1","","1","other","100",""
"41.89435799-75.93444756---2008","https://mapsengine.google.com/06136759344167181854-00219351362547715467-4/wms/?version=1.3.0","41.8943579884","-75.9344475576","2008","Susquehanna","final_internal","","3","","3","other","100","","","1","","1","other","100","","","3","","3","other","100","","","3","","3","other","100","","","","","","","","","","","","","","",""
"41.62744261-76.83174827---2008","https://mapsengine.google.com/06136759344167181854-00219351362547715467-4/wms/?version=1.3.0","41.6274426053","-76.8317482694","2008","Bradford","final_internal","","3","","3","other","100","","","1","","1","other","100","","","3","","3","other","100","","","3","","3","other","100","","","","","","","","","","","","","","",""
"40.7486384-80.03455553---2008","https://mapsengine.google.com/06136759344167181854-00219351362547715467-4/wms/?version=1.3.0","40.7486383971","-80.0345555302","2008","Butler","sweeper_internal","","1","","1","other","100","","1","","1","2","fracking|unknown","","50|50","1","1","1","3","fracking|unknown|other","","33|33|33","","","","","","","","","1","","1","other","100","","","","","","","",""
"41.77061292-76.86697261---2008","https://mapsengine.google.com/06136759344167181854-00219351362547715467-4/wms/?version=1.3.0","41.7706129185","-76.866972615","2008","Bradford","final_internal","","3","","3","other","100","","","1","","1","other","100","","","","","","","","","","3","","3","other","100","","","","","","","","","","","","","","",""
"39.91795899-80.01913337---2008","https://mapsengine.google.com/06136759344167181854-00219351362547715467-4/wms/?version=1.3.0","39.917958994","-80.0191333665","2008","Greene","sweeper_internal","","1","","1","other","100","","4","5","1","10","other","50","","1","2","","3","other","66","","","","","","","","","","1","","1","other","100","","","","","","","",""
"41.6959095-77.35388322---2008","https://mapsengine.google.com/06136759344167181854-00219351362547715467-4/wms/?version=1.3.0","41.6959094983","-77.3538832221","2008","Tioga","final_internal","","3","","3","other","100","","","1","","1","other","100","","","","","","","","","","3","","3","other","100","","","","","","","","","","","","","","",""
"40.23287048-80.41944127---2005","https://mapsengine.google.com/06136759344167181854-15960346301379896183-4/wms/?version=1.3.0","40.2328704787","-80.4194412668","2005","Washington","final_internal","","3","","3","other","100","","","1","","1","other","100","","","","","","","","","","3","","3","other","100","","","","","","","","","","","","","","",""
"41.71060784-75.92419301---2010","https://mapsengine.google.com/06136759344167181854-06191489742681286724-4/wms/?version=1.3.0","41.71060784","-75.92419301","2010","Susquehanna","first_internal","","3","","3","other","100","","","10","","10","other","100","","","3","","3","other","100","","","","","","","","","","","","","","","","","","","","","",""
"40.75828396-79.83204554---2010","https://mapsengine.google.com/06136759344167181854-06191489742681286724-4/wms/?version=1.3.0","40.7582839562","-79.8320455434","2010","Butler","public","2","14","1","17","other","82","","2","14","1","17","other","82","","","","","","","","","","","","","","","","","","","","","","","","","","","","",""
"40.23552589-80.27582714---2010","https://mapsengine.google.com/06136759344167181854-06191489742681286724-4/wms/?version=1.3.0","40.2355258868","-80.2758271409","2010","Washington","public","","10","","10","other","100","","","10","","10","other","100","","","","","","","","","","","","","","","","","","","","","","","","","","","","",""
"40.27119088-80.26149236---2008","https://mapsengine.google.com/06136759344167181854-00219351362547715467-4/wms/?version=1.3.0","40.2711908838","-80.2614923551","2008","Washington","first_internal","","3","","3","other","100","","","10","","10","other","100","","","3","","3","other","100","","","","","","","","","","","","","","","","","","","","","",""
"41.9125293-75.81357554---2005","https://mapsengine.google.com/06136759344167181854-15960346301379896183-4/wms/?version=1.3.0","41.9125292998","-75.8135755367","2005","Susquehanna","final_internal","","3","","3","other","100","","","","1","1","unknown","100","","","3","","3","other","100","","","3","","3","other","100","","","","","","","","","","","","","","",""
"41.69598997-76.84139605---2010","https://mapsengine.google.com/06136759344167181854-06191489742681286724-4/wms/?version=1.3.0","41.69598997","-76.84139605","2010","Bradford","first_internal","3","","","3","fracking","100","","11","","","11","fracking","100","","3","","","3","fracking","100","","","","","","","","","","","","","","","","","","","","","",""
"41.77239784-75.93388266---2010","https://mapsengine.google.com/06136759344167181854-06191489742681286724-4/wms/?version=1.3.0","41.7723978395","-75.9338826605","2010","Susquehanna","sweeper_internal","","1","","1","other","100","","7","7","1","15","fracking|other","","46|46","1","2","","3","other","66","","","","","","","","","","1","","1","other","100","","","","","","","",""
"41.72727673-75.90192652---2010","https://mapsengine.google.com/06136759344167181854-06191489742681286724-4/wms/?version=1.3.0","41.72727673","-75.90192652","2010","Susquehanna","first_internal","","3","","3","other","100","","","10","1","11","other","90","","","3","","3","other","100","","","","","","","","","","","","","","","","","","","","","",""
"40.18372433-79.73486726---2008","https://mapsengine.google.com/06136759344167181854-00219351362547715467-4/wms/?version=1.3.0","40.1837243253","-79.7348672572","2008","Westmoreland","final_internal","","4","","4","other","100","","","1","1","2","unknown|other","","50|50","","","","","","","","","4","","4","other","100","","","","","","","","","","","","","","",""
"41.71453102-76.36655054---2008","https://mapsengine.google.com/06136759344167181854-00219351362547715467-4/wms/?version=1.3.0","41.714531016","-76.3665505427","2008","Bradford","final_internal","1","2","","3","other","66","","","1","","1","other","100","","","2","1","3","other","66","","1","2","","3","other","66","","","","","","","","","","","","","","",""
"39.90650297-80.30003071---2010","https://mapsengine.google.com/06136759344167181854-06191489742681286724-4/wms/?version=1.3.0","39.9065029719","-80.3000307088","2010","Greene","sweeper_internal","","1","","1","other","100","","2","7","1","10","other","70","","","","","","","","","","","","","","","","","1","","1","other","100","","","","","","","",""
"39.72918439-79.79959288---2008","https://mapsengine.google.com/06136759344167181854-00219351362547715467-4/wms/?version=1.3.0","39.7291843853","-79.7995928805","2008","Fayette","sweeper_internal","","1","","1","other","100","","1","6","3","10","other","60","","","3","","3","other","100","","","","","","","","","","1","","1","other","100","","","","","","","",""
"41.70651833-76.84530681---2010","https://mapsengine.google.com/06136759344167181854-06191489742681286724-4/wms/?version=1.3.0","41.70651833","-76.84530681","2010","Bradford","first_internal","","3","","3","other","100","","","10","","10","other","100","","","3","","3","other","100","","","","","","","","","","","","","","","","","","","","","",""
"40.8973448-79.64798027---2005","https://mapsengine.google.com/06136759344167181854-15960346301379896183-4/wms/?version=1.3.0","40.8973447989","-79.647980268","2005","Armstrong","final_internal","","3","","3","other","100","","","1","","1","other","100","","","","","","","","","","3","","3","other","100","","","","","","","","","","","","","","",""
"39.77271373-80.00593701---2010","https://mapsengine.google.com/06136759344167181854-06191489742681286724-4/wms/?version=1.3.0","39.7727137264","-80.0059370127","2010","Greene","public","10","","","10","fracking","100","","10","","","10","fracking","100","","","","","","","","","","","","","","","","","","","","","","","","","","","","",""
"41.63286625-76.41525064---2010","https://mapsengine.google.com/06136759344167181854-06191489742681286724-4/wms/?version=1.3.0","41.63286625","-76.41525064","2010","Bradford","first_internal","","3","","3","other","100","","","12","1","13","other","92","","","3","","3","other","100","","","","","","","","","","","","","","","","","","","","","",""
"40.22865217-80.2740549---2010","https://mapsengine.google.com/06136759344167181854-06191489742681286724-4/wms/?version=1.3.0","40.2286521687","-80.2740549007","2010","Washington","public","","10","","10","other","100","","","10","","10","other","100","","","","","","","","","","","","","","","","","","","","","","","","","","","","",""
"39.93576878-79.85442491---2010","https://mapsengine.google.com/06136759344167181854-06191489742681286724-4/wms/?version=1.3.0","39.9357687754","-79.8544249091","2010","Fayette","public","10","","","10","fracking","100","","10","","","10","fracking","100","","","","","","","","","","","","","","","","","","","","","","","","","","","","",""
"41.68474029-76.65004034---2005","https://mapsengine.google.com/06136759344167181854-15960346301379896183-4/wms/?version=1.3.0","41.6847402941","-76.6500403403","2005","Bradford","final_internal","","3","","3","other","100","","","1","","1","other","100","","","3","","3","other","100","","","3","","3","other","100","","","","","","","","","","","","","","",""
"39.87326991-80.01088887---2005","https://mapsengine.google.com/06136759344167181854-15960346301379896183-4/wms/?version=1.3.0","39.8732699097","-80.0108888689","2005","Greene","final_internal","2","1","","3","fracking","66","","1","","","1","fracking","100","","","","","","","","","2","1","","3","fracking","66","","","","","","","","","","","","","","",""
"41.46509069-76.41146494---2008","https://mapsengine.google.com/06136759344167181854-00219351362547715467-4/wms/?version=1.3.0","41.465090687","-76.4114649405","2008","Sullivan","final_internal","","3","","3","other","100","","","","1","1","unknown","100","","","3","","3","other","100","","","3","","3","other","100","","","","","","","","","","","","","","",""
"40.86718579-79.54829032---2010","https://mapsengine.google.com/06136759344167181854-06191489742681286724-4/wms/?version=1.3.0","40.8671857851","-79.5482903193","2010","Armstrong","public","10","","","10","fracking","100","","10","","","10","fracking","100","","","","","","","","","","","","","","","","","","","","","","","","","","","","",""
"39.98196658-79.43175221---2010","https://mapsengine.google.com/06136759344167181854-06191489742681286724-4/wms/?version=1.3.0","39.9819665846","-79.4317522091","2010","Fayette","public","","10","","10","other","100","","","10","","10","other","100","","","","","","","","","","","","","","","","","","","","","","","","","","","","",""
"40.89225902-79.51483162---2008","https://mapsengine.google.com/06136759344167181854-00219351362547715467-4/wms/?version=1.3.0","40.8922590178","-79.5148316208","2008","Armstrong","first_internal","","3","","3","other","100","","","6","","6","other","100","","","3","","3","other","100","","","","","","","","","","","","","","","","","","","","","",""
"40.02180234-80.0383966---2008","https://mapsengine.google.com/06136759344167181854-00219351362547715467-4/wms/?version=1.3.0","40.021802337","-80.0383966038","2008","Washington","first_internal","","3","","3","other","100","","","10","","10","other","100","","","3","","3","other","100","","","","","","","","","","","","","","","","","","","","","",""
"41.75371462-76.13757058---2008","https://mapsengine.google.com/06136759344167181854-00219351362547715467-4/wms/?version=1.3.0","41.75371462","-76.1375705758","2008","Bradford","final_internal","","3","","3","other","100","","","1","","1","other","100","","","3","","3","other","100","","","3","","3","other","100","","","","","","","","","","","","","","",""
"41.72416034-76.04962797---2010","https://mapsengine.google.com/06136759344167181854-06191489742681286724-4/wms/?version=1.3.0","41.72416034","-76.04962797","2010","Susquehanna","first_internal","","3","","3","other","100","","","11","","11","other","100","","","3","","3","other","100","","","","","","","","","","","","","","","","","","","","","",""
"40.28306329-80.32327906---2005","https://mapsengine.google.com/06136759344167181854-15960346301379896183-4/wms/?version=1.3.0","40.2830632934","-80.3232790645","2005","Washington","final_internal","","3","","3","other","100","","","1","","1","other","100","","","","","","","","","","3","","3","other","100","","","","","","","","","","","","","","",""
"41.76308137-76.53741162---2005","https://mapsengine.google.com/06136759344167181854-15960346301379896183-4/wms/?version=1.3.0","41.7630813661","-76.5374116196","2005","Bradford","final_internal","","3","","3","other","100","","","1","","1","other","100","","","3","","3","other","100","","","3","","3","other","100","","","","","","","","","","","","","","",""
"41.11329199-79.73983337---2010","https://mapsengine.google.com/06136759344167181854-06191489742681286724-4/wms/?version=1.3.0","41.1132919907","-79.7398333665","2010","Butler","sweeper_internal","","1","","1","other","100","","8","17","14","39","other","43","","","","","","","","","","","","","","","","","1","","1","other","100","","","","","","","",""
"39.76614486-79.80247057---2008","https://mapsengine.google.com/06136759344167181854-00219351362547715467-4/wms/?version=1.3.0","39.7661448635","-79.8024705685","2008","Fayette","first_internal","","3","","3","other","100","","","9","1","10","other","90","","","3","","3","other","100","","","","","","","","","","","","","","","","","","","","","",""
"41.54813278-76.4818869---2005","https://mapsengine.google.com/06136759344167181854-15960346301379896183-4/wms/?version=1.3.0","41.5481327802","-76.4818868982","2005","Sullivan","final_internal","","3","","3","other","100","","","1","","1","other","100","","","3","","3","other","100","","","3","","3","other","100","","","","","","","","","","","","","","",""
"39.84904955-79.86321053---2005","https://mapsengine.google.com/06136759344167181854-15960346301379896183-4/wms/?version=1.3.0","39.849049552","-79.8632105285","2005","Fayette","final_internal","","3","","3","other","100","","","1","","1","other","100","","","","","","","","","","3","","3","other","100","","","","","","","","","","","","","","",""
"41.76228104-76.24912018---2010","https://mapsengine.google.com/06136759344167181854-06191489742681286724-4/wms/?version=1.3.0","41.76228104","-76.24912018","2010","Bradford","first_internal","","3","","3","other","100","","","11","","11","other","100","","","3","","3","other","100","","","","","","","","","","","","","","","","","","","","","",""
"41.64860475-76.29786568---2008","https://mapsengine.google.com/06136759344167181854-00219351362547715467-4/wms/?version=1.3.0","41.6486047455","-76.2978656782","2008","Bradford","final_internal","","3","","3","other","100","","","1","","1","other","100","","","3","","3","other","100","","","3","","3","other","100","","","","","","","","","","","","","","",""
"40.11553576-79.81751194---2008","https://mapsengine.google.com/06136759344167181854-00219351362547715467-4/wms/?version=1.3.0","40.1155357569","-79.8175119351","2008","Fayette","sweeper_internal","","1","","1","other","100","","3","4","3","10","other","40","","","2","1","3","other","66","","","","","","","","","","1","","1","other","100","","","","","","","",""
"41.6841311-76.34239606---2010","https://mapsengine.google.com/06136759344167181854-06191489742681286724-4/wms/?version=1.3.0","41.6841311","-76.34239606","2010","Bradford","first_internal","","3","","3","other","100","","","12","","12","other","100","","","3","","3","other","100","","","","","","","","","","","","","","","","","","","","","",""
"41.72305899-75.90480034---2005","https://mapsengine.google.com/06136759344167181854-15960346301379896183-4/wms/?version=1.3.0","41.7230589937","-75.904800342","2005","Susquehanna","final_internal","","3","","3","other","100","","","1","","1","other","100","","","3","","3","other","100","","","3","","3","other","100","","","","","","","","","","","","","","",""
"41.9704027-75.88753929---2008","https://mapsengine.google.com/06136759344167181854-00219351362547715467-4/wms/?version=1.3.0","41.9704027","-75.88753929","2008","Susquehanna","sweeper_internal","","1","","1","other","100","","1","","","1","fracking","100","","1","1","1","3","fracking|unknown|other","","33|33|33","","3","","3","other","100","","","1","","1","other","100","","","","","","","",""
"41.96814116-77.00259897---2008","https://mapsengine.google.com/06136759344167181854-00219351362547715467-4/wms/?version=1.3.0","41.9681411631","-77.0025989679","2008","Tioga","final_internal","","3","","3","other","100","","","1","","1","other","100","","","","","","","","","","3","","3","other","100","","","","","","","","","","","","","","",""
"39.77235521-78.9726396---2005","https://mapsengine.google.com/06136759344167181854-15960346301379896183-4/wms/?version=1.3.0","39.7723552062","-78.9726395963","2005","Somerset","final_internal","","3","","3","other","100","","","1","","1","other","100","","","","","","","","","","3","","3","other","100","","","","","","","","","","","","","","",""
"41.72095735-76.04991496---2008","https://mapsengine.google.com/06136759344167181854-00219351362547715467-4/wms/?version=1.3.0","41.7209573455","-76.0499149616","2008","Susquehanna","final_internal","","3","","3","other","100","","","1","","1","other","100","","","3","","3","other","100","","","3","","3","other","100","","","","","","","","","","","","","","",""
"41.64823061-76.02658131---2008","https://mapsengine.google.com/06136759344167181854-00219351362547715467-4/wms/?version=1.3.0","41.6482306096","-76.0265813078","2008","Susquehanna","final_internal","","3","","3","other","100","","","1","","1","other","100","","","3","","3","other","100","","","3","","3","other","100","","","","","","","","","","","","","","",""
"40.11699564-79.82184293---2010","https://mapsengine.google.com/06136759344167181854-06191489742681286724-4/wms/?version=1.3.0","40.1169956441","-79.8218429335","2010","Fayette","public","1","9","1","11","other","81","","1","9","1","11","other","81","","","","","","","","","","","","","","","","","","","","","","","","","","","","",""
"41.78187026-76.6857898---2005","https://mapsengine.google.com/06136759344167181854-15960346301379896183-4/wms/?version=1.3.0","41.78187026","-76.6857897997","2005","Bradford","final_internal","","3","","3","other","100","","","1","","1","other","100","","","3","","3","other","100","","","3","","3","other","100","","","","","","","","","","","","","","",""
"41.4593578-76.91400431---2010","https://mapsengine.google.com/06136759344167181854-06191489742681286724-4/wms/?version=1.3.0","41.459357801","-76.9140043056","2010","Lycoming","public","","10","","10","other","100","","","10","","10","other","100","","","","","","","","","","","","","","","","","","","","","","","","","","","","",""
"40.2679078-80.35848864---2010","https://mapsengine.google.com/06136759344167181854-06191489742681286724-4/wms/?version=1.3.0","40.2679077962","-80.358488642","2010","Washington","public","","10","","10","other","100","","","10","","10","other","100","","","","","","","","","","","","","","","","","","","","","","","","","","","","",""
"41.86343612-76.71136846---2010","https://mapsengine.google.com/06136759344167181854-06191489742681286724-4/wms/?version=1.3.0","41.86343612","-76.71136846","2010","Bradford","first_internal","","3","","3","other","100","","","11","","11","other","100","","","3","","3","other","100","","","","","","","","","","","","","","","","","","","","","",""
"39.79574226-79.19212426---2005","https://mapsengine.google.com/06136759344167181854-15960346301379896183-4/wms/?version=1.3.0","39.7957422564","-79.1921242617","2005","Somerset","final_internal","","3","","3","other","100","","","1","","1","other","100","","","","","","","","","","3","","3","other","100","","","","","","","","","","","","","","",""
"41.32439943-76.71806508---2008","https://mapsengine.google.com/06136759344167181854-00219351362547715467-4/wms/?version=1.3.0","41.3243994342","-76.718065079","2008","Lycoming","final_internal","","4","","4","other","100","","","1","","1","other","100","","","","","","","","","","4","","4","other","100","","","","","","","","","","","","","","",""
"41.20171868-79.21252306---2008","https://mapsengine.google.com/06136759344167181854-00219351362547715467-4/wms/?version=1.3.0","41.2017186837","-79.212523062","2008","Clarion","sweeper_internal","","1","","1","other","100","","6","2","2","10","fracking","60","","1","2","","3","other","66","","","","","","","","","","1","","1","other","100","","","","","","","",""
"39.89613854-80.27926534---2005","https://mapsengine.google.com/06136759344167181854-15960346301379896183-4/wms/?version=1.3.0","39.8961385436","-80.2792653413","2005","Greene","final_internal","","3","","3","other","100","","","1","","1","other","100","","","","","","","","","","3","","3","other","100","","","","","","","","","","","","","","",""
"41.43050481-77.14523774---2008","https://mapsengine.google.com/06136759344167181854-00219351362547715467-4/wms/?version=1.3.0","41.4305048094","-77.1452377403","2008","Lycoming","final_internal","","3","","3","other","100","","1","","","1","fracking","100","","","","","","","","","","3","","3","other","100","","","","","","","","","","","","","","",""
"41.62834852-76.44181706---2008","https://mapsengine.google.com/06136759344167181854-00219351362547715467-4/wms/?version=1.3.0","41.6283485229","-76.4418170647","2008","Bradford","final_internal","","3","","3","other","100","","","1","","1","other","100","","","3","","3","other","100","","","3","","3","other","100","","","","","","","","","","","","","","",""
"40.828226-79.60304551---2010","https://mapsengine.google.com/06136759344167181854-06191489742681286724-4/wms/?version=1.3.0","40.828226003","-79.6030455057","2010","Armstrong","public","1","8","1","10","other","80","","1","8","1","10","other","80","","","","","","","","","","","","","","","","","","","","","","","","","","","","",""
"39.72475522-80.00972071---2010","https://mapsengine.google.com/06136759344167181854-06191489742681286724-4/wms/?version=1.3.0","39.7247552235","-80.0097207097","2010","Greene","public","","10","","10","other","100","","","10","","10","other","100","","","","","","","","","","","","","","","","","","","","","","","","","","","","",""
"41.30037719-78.64208883---2010","https://mapsengine.google.com/06136759344167181854-06191489742681286724-4/wms/?version=1.3.0","41.3003771924","-78.6420888346","2010","Elk","public","2","9","","11","other","81","","2","9","","11","other","81","","","","","","","","","","","","","","","","","","","","","","","","","","","","",""
"41.66267787-75.67134168---2005","https://mapsengine.google.com/06136759344167181854-15960346301379896183-4/wms/?version=1.3.0","41.6626778685","-75.6713416787","2005","Susquehanna","final_internal","","3","","3","other","100","","","1","","1","other","100","","","3","","3","other","100","","","3","","3","other","100","","","","","","","","","","","","","","",""
"41.68466732-75.87446571---2010","https://mapsengine.google.com/06136759344167181854-06191489742681286724-4/wms/?version=1.3.0","41.6846673241","-75.8744657062","2010","Susquehanna","sweeper_internal","","1","","1","other","100","","2","8","3","13","other","61","","","3","","3","other","100","","","","","","","","","","1","","1","other","100","","","","","","","",""
"40.77537568-79.61429242---2010","https://mapsengine.google.com/06136759344167181854-06191489742681286724-4/wms/?version=1.3.0","40.7753756831","-79.6142924239","2010","Armstrong","sweeper_internal","1","","","1","fracking","100","","6","4","2","12","fracking","50","","","","","","","","","","","","","","","","1","","","1","fracking","100","","","","","","","",""
"41.72656499-75.90862787---2010","https://mapsengine.google.com/06136759344167181854-06191489742681286724-4/wms/?version=1.3.0","41.7265649886","-75.9086278671","2010","Susquehanna","sweeper_internal","","1","","1","other","100","","2","5","6","13","unknown","46","","","3","","3","other","100","","","","","","","","","","1","","1","other","100","","","","","","","",""
"41.82637591-76.98342353---2010","https://mapsengine.google.com/06136759344167181854-06191489742681286724-4/wms/?version=1.3.0","41.8263759135","-76.9834235294","2010","Tioga","sweeper_internal","","1","","1","other","100","","2","6","3","11","other","54","","","","","","","","","","","","","","","","","1","","1","other","100","","","","","","","",""
"40.81136022-80.03970974---2008","https://mapsengine.google.com/06136759344167181854-00219351362547715467-4/wms/?version=1.3.0","40.8113602237","-80.0397097387","2008","Butler","first_internal","","3","","3","other","100","","","1","1","2","unknown|other","","50|50","","3","","3","other","100","","","","","","","","","","","","","","","","","","","","","",""
"41.66288373-76.15937519---2010","https://mapsengine.google.com/06136759344167181854-06191489742681286724-4/wms/?version=1.3.0","41.662883729","-76.1593751866","2010","Bradford","sweeper_internal","","1","","1","other","100","","7","2","1","10","fracking","70","","3","","","3","fracking","100","","","","","","","","","","1","","1","other","100","","","","","","","",""
"40.96645459-79.95532733---2008","https://mapsengine.google.com/06136759344167181854-00219351362547715467-4/wms/?version=1.3.0","40.9664545903","-79.9553273284","2008","Butler","first_internal","","3","","3","other","100","","","2","","2","other","100","","","3","","3","other","100","","","","","","","","","","","","","","","","","","","","","",""
"41.79062295-78.17219988---2010","https://mapsengine.google.com/06136759344167181854-06191489742681286724-4/wms/?version=1.3.0","41.7906229504","-78.172199876","2010","Potter","public","","12","","12","other","100","","","12","","12","other","100","","","","","","","","","","","","","","","","","","","","","","","","","","","","",""
"40.7907907-79.49439957---2005","https://mapsengine.google.com/06136759344167181854-15960346301379896183-4/wms/?version=1.3.0","40.7907906967","-79.4943995663","2005","Armstrong","final_internal","","3","","3","other","100","","1","","","1","fracking","100","","","","","","","","","","3","","3","other","100","","","","","","","","","","","","","","",""
"41.94146368-75.46660642---2005","https://mapsengine.google.com/06136759344167181854-15960346301379896183-4/wms/?version=1.3.0","41.9414636822","-75.4666064177","2005","Wayne","missing_internal","","1","","1","other","100","","","","","","fracking|unknown|other","","","","3","","3","other","100","","","","","","","","","","","","","","","","","1","","1","other","100",""
"40.80345972-80.06208008---2010","https://mapsengine.google.com/06136759344167181854-06191489742681286724-4/wms/?version=1.3.0","40.8034597168","-80.0620800775","2010","Butler","public","30","","","30","fracking","100","","30","","","30","fracking","100","","","","","","","","","","","","","","","","","","","","","","","","","","","","",""
"39.8875536-80.01270197---2008","https://mapsengine.google.com/06136759344167181854-00219351362547715467-4/wms/?version=1.3.0","39.8875536025","-80.0127019652","2008","Greene","first_internal","","3","","3","other","100","","1","8","1","10","other","80","","","3","","3","other","100","","","","","","","","","","","","","","","","","","","","","",""
"40.99778441-79.44799123---2010","https://mapsengine.google.com/06136759344167181854-06191489742681286724-4/wms/?version=1.3.0","40.9977844068","-79.4479912312","2010","Clarion","sweeper_internal","","1","","1","other","100","","1","6","5","12","other","50","","","","","","","","","","","","","","","","","1","","1","other","100","","","","","","","",""
"41.69878597-75.8424243---2008","https://mapsengine.google.com/06136759344167181854-00219351362547715467-4/wms/?version=1.3.0","41.6987859709","-75.8424242974","2008","Susquehanna","final_internal","","3","","3","other","100","","","1","","1","other","100","","","3","","3","other","100","","","3","","3","other","100","","","","","","","","","","","","","","",""
"40.57387002-79.81075111---2008","https://mapsengine.google.com/06136759344167181854-00219351362547715467-4/wms/?version=1.3.0","40.573870018","-79.8107511094","2008","Allegheny","final_internal","1","2","","3","other","66","","1","5","1","7","other","71","","","3","","3","other","100","","1","2","","3","other","66","","","","","","","","","","","","","","",""
"41.76497565-76.80855541---2005","https://mapsengine.google.com/06136759344167181854-15960346301379896183-4/wms/?version=1.3.0","41.7649756537","-76.8085554122","2005","Bradford","final_internal","","3","","3","other","100","","1","","","1","fracking","100","","","","3","3","unknown","100","","","3","","3","other","100","","","","","","","","","","","","","","",""
"40.26176255-80.37175143---2010","https://mapsengine.google.com/06136759344167181854-06191489742681286724-4/wms/?version=1.3.0","40.2617625476","-80.3717514267","2010","Washington","sweeper_internal","","1","","1","other","100","","5","1","4","10","fracking","50","","","","","","","","","","","","","","","","","1","","1","other","100","","","","","","","",""
"41.70540798-76.45510672---2010","https://mapsengine.google.com/06136759344167181854-06191489742681286724-4/wms/?version=1.3.0","41.70540798","-76.45510672","2010","Bradford","first_internal","","2","1","3","other","66","","","8","2","10","other","80","","","2","1","3","other","66","","","","","","","","","","","","","","","","","","","","","",""
"41.72220035-76.09602502---2008","https://mapsengine.google.com/06136759344167181854-00219351362547715467-4/wms/?version=1.3.0","41.7222003501","-76.0960250184","2008","Susquehanna","final_internal","","3","","3","other","100","","","1","","1","other","100","","","3","","3","other","100","","","3","","3","other","100","","","","","","","","","","","","","","",""
"40.30539884-79.21555158---2010","https://mapsengine.google.com/06136759344167181854-06191489742681286724-4/wms/?version=1.3.0","40.3053988446","-79.2155515779","2010","Westmoreland","public","10","","","10","fracking","100","","10","","","10","fracking","100","","","","","","","","","","","","","","","","","","","","","","","","","","","","",""
"41.73776428-77.37981674---2010","https://mapsengine.google.com/06136759344167181854-06191489742681286724-4/wms/?version=1.3.0","41.7377642842","-77.3798167388","2010","Tioga","public","","11","1","12","other","91","","","11","1","12","other","91","","","","","","","","","","","","","","","","","","","","","","","","","","","","",""
"41.26475617-76.62733134---2008","https://mapsengine.google.com/06136759344167181854-00219351362547715467-4/wms/?version=1.3.0","41.2647561733","-76.6273313442","2008","Lycoming","final_internal","","2","1","3","other","66","","1","","","1","fracking","100","","","","","","","","","","2","1","3","other","66","","","","","","","","","","","","","","",""
"41.27621782-76.55909143---2010","https://mapsengine.google.com/06136759344167181854-06191489742681286724-4/wms/?version=1.3.0","41.2762178187","-76.5590914258","2010","Lycoming","sweeper_internal","","1","","1","other","100","","6","6","1","13","fracking|other","","46|46","","","","","","","","","","","","","","","","1","","1","other","100","","","","","","","",""
"41.74808743-76.7494019---2010","https://mapsengine.google.com/06136759344167181854-06191489742681286724-4/wms/?version=1.3.0","41.74808743","-76.7494019","2010","Bradford","first_internal","","3","","3","other","100","","1","9","","10","other","90","","","3","","3","other","100","","","","","","","","","","","","","","","","","","","","","",""
"40.12625402-78.76124647---2008","https://mapsengine.google.com/06136759344167181854-00219351362547715467-4/wms/?version=1.3.0","40.1262540222","-78.7612464655","2008","Somerset","first_internal","","3","","3","other","100","","","1","","1","other","100","","","3","","3","other","100","","","","","","","","","","","","","","","","","","","","","",""
"41.69489356-75.8619617---2008","https://mapsengine.google.com/06136759344167181854-00219351362547715467-4/wms/?version=1.3.0","41.6948935592","-75.861961698","2008","Susquehanna","final_internal","","3","","3","other","100","","","1","","1","other","100","","","3","","3","other","100","","","3","","3","other","100","","","","","","","","","","","","","","",""
"41.06984756-77.91001942---2010","https://mapsengine.google.com/06136759344167181854-06191489742681286724-4/wms/?version=1.3.0","41.0698475613","-77.9100194247","2010","Centre","public","","11","","11","other","100","","","11","","11","other","100","","","","","","","","","","","","","","","","","","","","","","","","","","","","",""
"39.83970566-79.97365235---2008","https://mapsengine.google.com/06136759344167181854-00219351362547715467-4/wms/?version=1.3.0","39.8397056621","-79.9736523534","2008","Greene","sweeper_internal","1","","","1","fracking","100","","7","1","2","10","fracking","70","","3","","","3","fracking","100","","","","","","","","","1","","","1","fracking","100","","","","","","","",""
"40.85307107-78.24654287---2010","https://mapsengine.google.com/06136759344167181854-06191489742681286724-4/wms/?version=1.3.0","40.8530710685","-78.2465428699","2010","Centre","sweeper_internal","","1","","1","other","100","","2","6","4","12","other","50","","","","","","","","","","","","","","","","","1","","1","other","100","","","","","","","",""
"41.71834657-77.3290118---2010","https://mapsengine.google.com/06136759344167181854-06191489742681286724-4/wms/?version=1.3.0","41.7183465659","-77.3290118016","2010","Tioga","public","","10","","10","other","100","","","10","","10","other","100","","","","","","","","","","","","","","","","","","","","","","","","","","","","",""
"41.52159257-76.53894889---2010","https://mapsengine.google.com/06136759344167181854-06191489742681286724-4/wms/?version=1.3.0","41.52159257","-76.53894889","2010","Sullivan","first_internal","","3","","3","other","100","","","11","","11","other","100","","","3","","3","other","100","","","","","","","","","","","","","","","","","","","","","",""
"40.27907304-80.21222285---2008","https://mapsengine.google.com/06136759344167181854-00219351362547715467-4/wms/?version=1.3.0","40.2790730445","-80.2122228483","2008","Washington","first_internal","","3","","3","other","100","","2","2","4","8","unknown","50","","","3","","3","other","100","","","","","","","","","","","","","","","","","","","","","",""
"41.67840482-76.38159209---2010","https://mapsengine.google.com/06136759344167181854-06191489742681286724-4/wms/?version=1.3.0","41.67840482","-76.38159209","2010","Bradford","sweeper_internal","1","","","1","fracking","100","","4","2","4","10","fracking|unknown","","40|40","1","1","1","3","fracking|unknown|other","","33|33|33","","","","","","","","1","","","1","fracking","100","","","","","","","",""
"39.73584153-80.02691205---2008","https://mapsengine.google.com/06136759344167181854-00219351362547715467-4/wms/?version=1.3.0","39.7358415298","-80.0269120494","2008","Greene","first_internal","","3","","3","other","100","","","9","1","10","other","90","","","3","","3","other","100","","","","","","","","","","","","","","","","","","","","","",""
"41.56785712-76.10197849---2010","https://mapsengine.google.com/06136759344167181854-06191489742681286724-4/wms/?version=1.3.0","41.56785712","-76.10197849","2010","Wyoming","first_internal","","3","","3","other","100","","","10","","10","other","100","","","3","","3","other","100","","","","","","","","","","","","","","","","","","","","","",""
"41.71271589-77.42272074---2010","https://mapsengine.google.com/06136759344167181854-06191489742681286724-4/wms/?version=1.3.0","41.712715887","-77.4227207392","2010","Tioga","public","","10","2","12","other","83","","","10","2","12","other","83","","","","","","","","","","","","","","","","","","","","","","","","","","","","",""
"39.72299467-79.99359317---2008","https://mapsengine.google.com/06136759344167181854-00219351362547715467-4/wms/?version=1.3.0","39.7229946714","-79.9935931671","2008","Greene","sweeper_internal","","1","","1","other","100","","1","7","2","10","other","70","","","3","","3","other","100","","","","","","","","","","1","","1","other","100","","","","","","","",""
"39.73445968-79.9644967---2010","https://mapsengine.google.com/06136759344167181854-06191489742681286724-4/wms/?version=1.3.0","39.7344596798","-79.9644966952","2010","Greene","public","10","","","10","fracking","100","","10","","","10","fracking","100","","","","","","","","","","","","","","","","","","","","","","","","","","","","",""
"39.94847389-79.97372491---2008","https://mapsengine.google.com/06136759344167181854-00219351362547715467-4/wms/?version=1.3.0","39.9484738909","-79.9737249109","2008","Greene","sweeper_internal","","1","","1","other","100","","3","4","3","10","other","40","","","3","","3","other","100","","","","","","","","","","1","","1","other","100","","","","","","","",""
"41.73314604-76.60446585---2010","https://mapsengine.google.com/06136759344167181854-06191489742681286724-4/wms/?version=1.3.0","41.73314604","-76.60446585","2010","Bradford","first_internal","","3","","3","other","100","","","13","","13","other","100","","","3","","3","other","100","","","","","","","","","","","","","","","","","","","","","",""
"40.09880451-80.17893766---2010","https://mapsengine.google.com/06136759344167181854-06191489742681286724-4/wms/?version=1.3.0","40.0988045095","-80.1789376634","2010","Washington","public","10","","","10","fracking","100","","10","","","10","fracking","100","","","","","","","","","","","","","","","","","","","","","","","","","","","","",""
"41.52507501-76.35202014---2005","https://mapsengine.google.com/06136759344167181854-15960346301379896183-4/wms/?version=1.3.0","41.5250750076","-76.3520201408","2005","Sullivan","final_internal","","3","","3","other","100","","","1","","1","other","100","","","3","","3","other","100","","","3","","3","other","100","","","","","","","","","","","","","","",""
"41.27400842-76.65935747---2010","https://mapsengine.google.com/06136759344167181854-06191489742681286724-4/wms/?version=1.3.0","41.2740084231","-76.6593574697","2010","Lycoming","sweeper_internal","1","","","1","fracking","100","","8","1","2","11","fracking","72","","","","","","","","","","","","","","","","1","","","1","fracking","100","","","","","","","",""
"40.52110804-79.20675387---2005","https://mapsengine.google.com/06136759344167181854-15960346301379896183-4/wms/?version=1.3.0","40.5211080425","-79.2067538651","2005","Indiana","final_internal","","3","","3","other","100","","","1","","1","other","100","","","","","","","","","","3","","3","other","100","","","","","","","","","","","","","","",""
"41.93572746-75.87240363---2008","https://mapsengine.google.com/06136759344167181854-00219351362547715467-4/wms/?version=1.3.0","41.9357274585","-75.8724036298","2008","Susquehanna","final_internal","","3","","3","other","100","","","1","","1","other","100","","","3","","3","other","100","","","3","","3","other","100","","","","","","","","","","","","","","",""
"41.59608624-78.33109883---2005","https://mapsengine.google.com/06136759344167181854-15960346301379896183-4/wms/?version=1.3.0","41.596086239","-78.3310988332","2005","Cameron","final_internal","","3","","3","other","100","","","1","","1","other","100","","","","","","","","","","3","","3","other","100","","","","","","","","","","","","","","",""
"41.79037278-76.03344346---2010","https://mapsengine.google.com/06136759344167181854-06191489742681286724-4/wms/?version=1.3.0","41.79037278","-76.03344346","2010","Susquehanna","first_internal","","3","","3","other","100","","","11","","11","other","100","","","3","","3","other","100","","","","","","","","","","","","","","","","","","","","","",""
"39.89293103-80.03294196---2008","https://mapsengine.google.com/06136759344167181854-00219351362547715467-4/wms/?version=1.3.0","39.8929310307","-80.0329419646","2008","Greene","first_internal","3","","","3","fracking","100","","9","","1","10","fracking","90","","3","","","3","fracking","100","","","","","","","","","","","","","","","","","","","","","",""
"41.59572136-78.33148804---2008","https://mapsengine.google.com/06136759344167181854-00219351362547715467-4/wms/?version=1.3.0","41.5957213611","-78.3314880363","2008","Cameron","first_internal","","3","","3","other","100","","","4","2","6","other","66","","","3","","3","other","100","","","","","","","","","","","","","","","","","","","","","",""
"41.69529351-76.77808892---2010","https://mapsengine.google.com/06136759344167181854-06191489742681286724-4/wms/?version=1.3.0","41.6952935084","-76.7780889212","2010","Bradford","sweeper_internal","","1","","1","other","100","","5","3","2","10","fracking","50","","3","","","3","fracking","100","","","","","","","","","","1","","1","other","100","","","","","","","",""
"41.91159626-76.92411382---2005","https://mapsengine.google.com/06136759344167181854-15960346301379896183-4/wms/?version=1.3.0","41.9115962581","-76.9241138196","2005","Tioga","missing_internal","","1","","1","other","100","","","","","","fracking|unknown|other","","","","","","","","","","","","","","","","","","","","","","","","","1","","1","other","100",""
"39.99745251-79.80176759---2005","https://mapsengine.google.com/06136759344167181854-15960346301379896183-4/wms/?version=1.3.0","39.9974525099","-79.8017675865","2005","Fayette","final_internal","","3","","3","other","100","","","1","","1","other","100","","","","","","","","","","3","","3","other","100","","","","","","","","","","","","","","",""
"41.75347345-76.62687307---2008","https://mapsengine.google.com/06136759344167181854-00219351362547715467-4/wms/?version=1.3.0","41.7534734548","-76.6268730729","2008","Bradford","final_internal","","3","","3","other","100","","","1","","1","other","100","","","3","","3","other","100","","","3","","3","other","100","","","","","","","","","","","","","","",""
"41.8936442-75.93994797---2005","https://mapsengine.google.com/06136759344167181854-15960346301379896183-4/wms/?version=1.3.0","41.8936441955","-75.9399479677","2005","Susquehanna","final_internal","","3","","3","other","100","","","1","","1","other","100","","","3","","3","other","100","","","3","","3","other","100","","","","","","","","","","","","","","",""
"41.68794164-76.85583332---2010","https://mapsengine.google.com/06136759344167181854-06191489742681286724-4/wms/?version=1.3.0","41.68794164","-76.85583332","2010","Bradford","first_internal","","3","","3","other","100","","","9","1","10","other","90","","","3","","3","other","100","","","","","","","","","","","","","","","","","","","","","",""
"39.72969944-80.00406738---2008","https://mapsengine.google.com/06136759344167181854-00219351362547715467-4/wms/?version=1.3.0","39.7296994357","-80.0040673785","2008","Greene","first_internal","","3","","3","other","100","","","8","2","10","other","80","","","3","","3","other","100","","","","","","","","","","","","","","","","","","","","","",""
"41.82556463-76.98418403---2010","https://mapsengine.google.com/06136759344167181854-06191489742681286724-4/wms/?version=1.3.0","41.8255646305","-76.984184031","2010","Tioga","public","10","","","10","fracking","100","","10","","","10","fracking","100","","","","","","","","","","","","","","","","","","","","","","","","","","","","",""
"41.62316821-76.43126208---2008","https://mapsengine.google.com/06136759344167181854-00219351362547715467-4/wms/?version=1.3.0","41.6231682059","-76.4312620776","2008","Bradford","final_internal","","3","","3","other","100","","","1","","1","other","100","","","3","","3","other","100","","","3","","3","other","100","","","","","","","","","","","","","","",""
"40.8113564-80.2121189---2010","https://mapsengine.google.com/06136759344167181854-06191489742681286724-4/wms/?version=1.3.0","40.8113564","-80.2121189","2010","Beaver","first_internal","","3","","3","other","100","","","10","1","11","other","90","","","3","","3","other","100","","","","","","","","","","","","","","","","","","","","","",""
"40.15193127-80.4122056---2010","https://mapsengine.google.com/06136759344167181854-06191489742681286724-4/wms/?version=1.3.0","40.1519312695","-80.4122055992","2010","Washington","public","","10","","10","other","100","","","10","","10","other","100","","","","","","","","","","","","","","","","","","","","","","","","","","","","",""
"40.01673578-80.03516425---2008","https://mapsengine.google.com/06136759344167181854-00219351362547715467-4/wms/?version=1.3.0","40.0167357772","-80.035164254","2008","Washington","first_internal","2","","1","3","fracking","66","","10","","","10","fracking","100","","2","","1","3","fracking","66","","","","","","","","","","","","","","","","","","","","","",""
"41.92656258-77.04657585---2005","https://mapsengine.google.com/06136759344167181854-15960346301379896183-4/wms/?version=1.3.0","41.9265625838","-77.0465758511","2005","Tioga","missing_internal","","1","","1","other","100","","","","","","fracking|unknown|other","","","","","","","","","","","","","","","","","","","","","","","","","1","","1","other","100",""
"41.68770176-76.30386058---2008","https://mapsengine.google.com/06136759344167181854-00219351362547715467-4/wms/?version=1.3.0","41.6877017646","-76.3038605767","2008","Bradford","final_internal","","4","","4","other","100","","","1","","1","other","100","","","3","","3","other","100","","","4","","4","other","100","","","","","","","","","","","","","","",""
"41.74170267-77.19783677---2010","https://mapsengine.google.com/06136759344167181854-06191489742681286724-4/wms/?version=1.3.0","41.741702666","-77.1978367691","2010","Tioga","public","","13","","13","other","100","","","13","","13","other","100","","","","","","","","","","","","","","","","","","","","","","","","","","","","",""
"41.24486252-77.97522006---2010","https://mapsengine.google.com/06136759344167181854-06191489742681286724-4/wms/?version=1.3.0","41.2448625194","-77.9752200629","2010","Clinton","public","","11","","11","other","100","","","11","","11","other","100","","","","","","","","","","","","","","","","","","","","","","","","","","","","",""
"41.78294071-75.9649456---2010","https://mapsengine.google.com/06136759344167181854-06191489742681286724-4/wms/?version=1.3.0","41.7829407108","-75.9649455984","2010","Susquehanna","sweeper_internal","","1","","1","other","100","","1","6","4","11","other","54","","","3","","3","other","100","","","","","","","","","","1","","1","other","100","","","","","","","",""
"41.93793053-77.36094432---2008","https://mapsengine.google.com/06136759344167181854-00219351362547715467-4/wms/?version=1.3.0","41.937930531","-77.3609443175","2008","Tioga","final_internal","","3","","3","other","100","","","1","","1","other","100","","","","","","","","","","3","","3","other","100","","","","","","","","","","","","","","",""
"41.24676258-76.65028634---2010","https://mapsengine.google.com/06136759344167181854-06191489742681286724-4/wms/?version=1.3.0","41.2467625849","-76.6502863396","2010","Lycoming","public","11","","","11","fracking","100","","11","","","11","fracking","100","","","","","","","","","","","","","","","","","","","","","","","","","","","","",""
"41.76630398-76.84184021---2008","https://mapsengine.google.com/06136759344167181854-00219351362547715467-4/wms/?version=1.3.0","41.7663039826","-76.8418402057","2008","Bradford","final_internal","","3","","3","other","100","","","1","","1","other","100","","","3","","3","other","100","","","3","","3","other","100","","","","","","","","","","","","","","",""
"40.2811954-80.45147032---2010","https://mapsengine.google.com/06136759344167181854-06191489742681286724-4/wms/?version=1.3.0","40.2811954037","-80.451470323","2010","Washington","sweeper_internal","","1","","1","other","100","","2","6","2","10","other","60","","","","","","","","","","","","","","","","","1","","1","other","100","","","","","","","",""
"41.32442625-76.71799701---2010","https://mapsengine.google.com/06136759344167181854-06191489742681286724-4/wms/?version=1.3.0","41.3244262485","-76.7179970135","2010","Lycoming","public","","10","","10","other","100","","","10","","10","other","100","","","","","","","","","","","","","","","","","","","","","","","","","","","","",""
"41.51706742-79.72000779---2010","https://mapsengine.google.com/06136759344167181854-06191489742681286724-4/wms/?version=1.3.0","41.5170674227","-79.720007787","2010","Venango","public","","10","","10","other","100","","","10","","10","other","100","","","","","","","","","","","","","","","","","","","","","","","","","","","","",""
"39.93368196-80.02983741---2008","https://mapsengine.google.com/06136759344167181854-00219351362547715467-4/wms/?version=1.3.0","39.9336819609","-80.0298374081","2008","Greene","first_internal","3","","","3","fracking","100","","10","","","10","fracking","100","","3","","","3","fracking","100","","","","","","","","","","","","","","","","","","","","","",""
"41.93888524-75.47053096---2005","https://mapsengine.google.com/06136759344167181854-15960346301379896183-4/wms/?version=1.3.0","41.9388852389","-75.4705309601","2005","Wayne","missing_internal","","1","","1","other","100","","","","","","fracking|unknown|other","","","","3","","3","other","100","","","","","","","","","","","","","","","","","1","","1","other","100",""
"41.70335726-75.86087974---2010","https://mapsengine.google.com/06136759344167181854-06191489742681286724-4/wms/?version=1.3.0","41.70335726","-75.86087974","2010","Susquehanna","first_internal","","3","","3","other","100","","","10","","10","other","100","","","3","","3","other","100","","","","","","","","","","","","","","","","","","","","","",""
"40.29041749-80.29917203---2008","https://mapsengine.google.com/06136759344167181854-00219351362547715467-4/wms/?version=1.3.0","40.2904174939","-80.2991720285","2008","Washington","sweeper_internal","","1","","1","other","100","","2","7","1","10","other","70","","","4","","4","other","100","","","","","","","","","","1","","1","other","100","","","","","","","",""
"41.71966901-76.25678887---2010","https://mapsengine.google.com/06136759344167181854-06191489742681286724-4/wms/?version=1.3.0","41.71966901","-76.25678887","2010","Bradford","first_internal","","3","","3","other","100","","","10","","10","other","100","","","3","","3","other","100","","","","","","","","","","","","","","","","","","","","","",""
"41.44561834-77.13767734---2008","https://mapsengine.google.com/06136759344167181854-00219351362547715467-4/wms/?version=1.3.0","41.4456183443","-77.1376773366","2008","Lycoming","final_internal","","3","","3","other","100","","","1","","1","other","100","","","","","","","","","","3","","3","other","100","","","","","","","","","","","","","","",""
"41.28699321-78.61653259---2010","https://mapsengine.google.com/06136759344167181854-06191489742681286724-4/wms/?version=1.3.0","41.2869932108","-78.6165325886","2010","Elk","public","","10","","10","other","100","","","10","","10","other","100","","","","","","","","","","","","","","","","","","","","","","","","","","","","",""
"41.37557178-77.15803923---2010","https://mapsengine.google.com/06136759344167181854-06191489742681286724-4/wms/?version=1.3.0","41.3755717754","-77.1580392327","2010","Lycoming","public","","10","1","11","other","90","","","10","1","11","other","90","","","","","","","","","","","","","","","","","","","","","","","","","","","","",""
"39.80508764-79.53070675---2008","https://mapsengine.google.com/06136759344167181854-00219351362547715467-4/wms/?version=1.3.0","39.8050876416","-79.5307067541","2008","Fayette","first_internal","","3","","3","other","100","","","10","","10","other","100","","","3","","3","other","100","","","","","","","","","","","","","","","","","","","","","",""
"41.27822075-77.25138003---2010","https://mapsengine.google.com/06136759344167181854-06191489742681286724-4/wms/?version=1.3.0","41.2782207519","-77.2513800304","2010","Lycoming","public","","11","","11","other","100","","","11","","11","other","100","","","","","","","","","","","","","","","","","","","","","","","","","","","","",""
"40.27187538-80.38362181---2008","https://mapsengine.google.com/06136759344167181854-00219351362547715467-4/wms/?version=1.3.0","40.271875383","-80.3836218102","2008","Washington","first_internal","2","1","","3","fracking","66","","4","2","2","8","fracking","50","","2","1","","3","fracking","66","","","","","","","","","","","","","","","","","","","","","",""
"41.55909661-76.46445932---2008","https://mapsengine.google.com/06136759344167181854-00219351362547715467-4/wms/?version=1.3.0","41.5590966105","-76.4644593167","2008","Sullivan","final_internal","","3","","3","other","100","","","1","","1","other","100","","","3","","3","other","100","","","3","","3","other","100","","","","","","","","","","","","","","",""
"41.46331659-76.39895765---2010","https://mapsengine.google.com/06136759344167181854-06191489742681286724-4/wms/?version=1.3.0","41.46331659","-76.39895765","2010","Sullivan","first_internal","","3","","3","other","100","","","9","1","10","other","90","","","3","","3","other","100","","","","","","","","","","","","","","","","","","","","","",""
"39.88022594-80.0449835---2008","https://mapsengine.google.com/06136759344167181854-00219351362547715467-4/wms/?version=1.3.0","39.8802259376","-80.044983499","2008","Greene","sweeper_internal","","1","","1","other","100","","5","1","4","10","fracking","50","","","2","1","3","other","66","","","","","","","","","","1","","1","other","100","","","","","","","",""
"41.76199821-76.80222384---2010","https://mapsengine.google.com/06136759344167181854-06191489742681286724-4/wms/?version=1.3.0","41.76199821","-76.80222384","2010","Bradford","first_internal","3","","","3","fracking","100","","10","","","10","fracking","100","","3","","","3","fracking","100","","","","","","","","","","","","","","","","","","","","","",""
"39.90641984-79.95335199---2008","https://mapsengine.google.com/06136759344167181854-00219351362547715467-4/wms/?version=1.3.0","39.9064198436","-79.9533519946","2008","Greene","sweeper_internal","","1","","1","other","100","","5","3","2","10","fracking","50","","3","","","3","fracking","100","","","","","","","","","","1","","1","other","100","","","","","","","",""
"40.08562617-80.19143094---2010","https://mapsengine.google.com/06136759344167181854-06191489742681286724-4/wms/?version=1.3.0","40.0856261683","-80.1914309416","2010","Washington","public","","10","","10","other","100","","","10","","10","other","100","","","","","","","","","","","","","","","","","","","","","","","","","","","","",""
"39.9205721-79.97915871---2008","https://mapsengine.google.com/06136759344167181854-00219351362547715467-4/wms/?version=1.3.0","39.9205720974","-79.9791587143","2008","Greene","sweeper_internal","","1","","1","other","100","","2","6","2","10","other","60","","1","2","","3","other","66","","","","","","","","","","1","","1","other","100","","","","","","","",""
"41.74320349-76.65409793---2010","https://mapsengine.google.com/06136759344167181854-06191489742681286724-4/wms/?version=1.3.0","41.74320349","-76.65409793","2010","Bradford","first_internal","","3","","3","other","100","","","10","","10","other","100","","","3","","3","other","100","","","","","","","","","","","","","","","","","","","","","",""
"41.41723917-78.27251627---2010","https://mapsengine.google.com/06136759344167181854-06191489742681286724-4/wms/?version=1.3.0","41.4172391732","-78.2725162689","2010","Cameron","public","10","","","10","fracking","100","","10","","","10","fracking","100","","","","","","","","","","","","","","","","","","","","","","","","","","","","",""
"41.70564789-75.86612645---2008","https://mapsengine.google.com/06136759344167181854-00219351362547715467-4/wms/?version=1.3.0","41.7056478888","-75.8661264482","2008","Susquehanna","final_internal","3","","","3","fracking","100","","1","","","1","fracking","100","","2","","1","3","fracking","66","","3","","","3","fracking","100","","","","","","","","","","","","","","",""
"40.79291082-80.08287371---2008","https://mapsengine.google.com/06136759344167181854-00219351362547715467-4/wms/?version=1.3.0","40.7929108154","-80.0828737063","2008","Butler","first_internal","","3","","3","other","100","","","2","","2","other","100","","","3","","3","other","100","","","","","","","","","","","","","","","","","","","","","",""
"41.7564078-76.47009354---2010","https://mapsengine.google.com/06136759344167181854-06191489742681286724-4/wms/?version=1.3.0","41.7564078","-76.47009354","2010","Bradford","first_internal","","3","","3","other","100","","","14","","14","other","100","","","3","","3","other","100","","","","","","","","","","","","","","","","","","","","","",""
"41.7712221-76.68096532---2010","https://mapsengine.google.com/06136759344167181854-06191489742681286724-4/wms/?version=1.3.0","41.7712221","-76.68096532","2010","Bradford","first_internal","","3","","3","other","100","","","9","1","10","other","90","","","3","","3","other","100","","","","","","","","","","","","","","","","","","","","","",""
"40.51112112-79.19305102---2005","https://mapsengine.google.com/06136759344167181854-15960346301379896183-4/wms/?version=1.3.0","40.5111211157","-79.1930510183","2005","Indiana","final_internal","","3","","3","other","100","","","1","","1","other","100","","","","","","","","","","3","","3","other","100","","","","","","","","","","","","","","",""
"41.58012548-77.03212093---2008","https://mapsengine.google.com/06136759344167181854-00219351362547715467-4/wms/?version=1.3.0","41.5801254773","-77.0321209317","2008","Tioga","final_internal","","4","","4","other","100","","","1","","1","other","100","","","","","","","","","","4","","4","other","100","","","","","","","","","","","","","","",""
"41.63671139-76.8207793---2010","https://mapsengine.google.com/06136759344167181854-06191489742681286724-4/wms/?version=1.3.0","41.63671139","-76.8207793","2010","Bradford","first_internal","","3","","3","other","100","","1","13","","14","other","92","","","3","","3","other","100","","","","","","","","","","","","","","","","","","","","","",""
"40.77129125-79.61268327---2005","https://mapsengine.google.com/06136759344167181854-15960346301379896183-4/wms/?version=1.3.0","40.7712912491","-79.6126832698","2005","Armstrong","final_internal","","3","","3","other","100","","","1","","1","other","100","","","","","","","","","","3","","3","other","100","","","","","","","","","","","","","","",""
"41.70714399-76.83822986---2005","https://mapsengine.google.com/06136759344167181854-15960346301379896183-4/wms/?version=1.3.0","41.7071439929","-76.8382298611","2005","Bradford","final_internal","","3","","3","other","100","","","1","","1","other","100","","","3","","3","other","100","","","3","","3","other","100","","","","","","","","","","","","","","",""
"41.53015077-76.53248886---2005","https://mapsengine.google.com/06136759344167181854-15960346301379896183-4/wms/?version=1.3.0","41.5301507681","-76.5324888603","2005","Sullivan","final_internal","","3","","3","other","100","","","1","","1","other","100","","","3","","3","other","100","","","3","","3","other","100","","","","","","","","","","","","","","",""
"41.72760015-75.90327499---2005","https://mapsengine.google.com/06136759344167181854-15960346301379896183-4/wms/?version=1.3.0","41.7276001488","-75.9032749916","2005","Susquehanna","final_internal","","4","","4","other","100","","","1","","1","other","100","","","3","","3","other","100","","","4","","4","other","100","","","","","","","","","","","","","","",""
"41.73027986-76.00727855---2010","https://mapsengine.google.com/06136759344167181854-06191489742681286724-4/wms/?version=1.3.0","41.73027986","-76.00727855","2010","Susquehanna","first_internal","","3","","3","other","100","","","11","","11","other","100","","","3","","3","other","100","","","","","","","","","","","","","","","","","","","","","",""
"41.82129308-76.8748592---2010","https://mapsengine.google.com/06136759344167181854-06191489742681286724-4/wms/?version=1.3.0","41.8212930832","-76.8748592043","2010","Bradford","sweeper_internal","","1","","1","other","100","","3","3","4","10","unknown","40","","","3","","3","other","100","","","","","","","","","","1","","1","other","100","","","","","","","",""
"40.17787996-80.40254568---2008","https://mapsengine.google.com/06136759344167181854-00219351362547715467-4/wms/?version=1.3.0","40.1778799578","-80.402545678","2008","Washington","first_internal","","3","","3","other","100","","1","7","","8","other","87","","","3","","3","other","100","","","","","","","","","","","","","","","","","","","","","",""
"41.94869283-76.9824324---2010","https://mapsengine.google.com/06136759344167181854-06191489742681286724-4/wms/?version=1.3.0","41.9486928337","-76.9824323995","2010","Tioga","public","","11","","11","other","100","","","11","","11","other","100","","","","","","","","","","","","","","","","","","","","","","","","","","","","",""
"39.87930126-80.03119308---2005","https://mapsengine.google.com/06136759344167181854-15960346301379896183-4/wms/?version=1.3.0","39.8793012571","-80.0311930766","2005","Greene","final_internal","1","","2","3","unknown","66","","","","1","1","unknown","100","","","","","","","","","1","","2","3","unknown","66","","","","","","","","","","","","","","",""
"39.72256539-80.01897889---2010","https://mapsengine.google.com/06136759344167181854-06191489742681286724-4/wms/?version=1.3.0","39.7225653898","-80.0189788888","2010","Greene","public","","9","1","10","other","90","","","9","1","10","other","90","","","","","","","","","","","","","","","","","","","","","","","","","","","","",""
"41.75029136-76.85022867---2010","https://mapsengine.google.com/06136759344167181854-06191489742681286724-4/wms/?version=1.3.0","41.7502913586","-76.850228671","2010","Bradford","sweeper_internal","","1","","1","other","100","","4","6","","10","other","60","","","2","1","3","other","66","","","","","","","","","","1","","1","other","100","","","","","","","",""
"41.71321544-75.93876859---2010","https://mapsengine.google.com/06136759344167181854-06191489742681286724-4/wms/?version=1.3.0","41.71321544","-75.93876859","2010","Susquehanna","first_internal","","3","","3","other","100","","","11","","11","other","100","","","3","","3","other","100","","","","","","","","","","","","","","","","","","","","","",""
"41.73105873-75.91262345---2008","https://mapsengine.google.com/06136759344167181854-00219351362547715467-4/wms/?version=1.3.0","41.7310587346","-75.9126234464","2008","Susquehanna","final_internal","","3","","3","other","100","","","1","","1","other","100","","","3","","3","other","100","","","3","","3","other","100","","","","","","","","","","","","","","",""
"39.81984157-80.00689648---2010","https://mapsengine.google.com/06136759344167181854-06191489742681286724-4/wms/?version=1.3.0","39.8198415724","-80.0068964824","2010","Greene","public","","10","","10","other","100","","","10","","10","other","100","","","","","","","","","","","","","","","","","","","","","","","","","","","","",""
"41.66727387-75.6743886---2010","https://mapsengine.google.com/06136759344167181854-06191489742681286724-4/wms/?version=1.3.0","41.66727387","-75.6743886","2010","Susquehanna","first_internal","","3","","3","other","100","","","10","","10","other","100","","","3","","3","other","100","","","","","","","","","","","","","","","","","","","","","",""
"41.71093954-75.88722623---2010","https://mapsengine.google.com/06136759344167181854-06191489742681286724-4/wms/?version=1.3.0","41.7109395386","-75.8872262256","2010","Susquehanna","sweeper_internal","1","","","1","fracking","100","","4","4","4","12","fracking|unknown|other","","33|33|33","","3","","3","other","100","","","","","","","","","1","","","1","fracking","100","","","","","","","",""
"41.83844121-76.84449616---2010","https://mapsengine.google.com/06136759344167181854-06191489742681286724-4/wms/?version=1.3.0","41.83844121","-76.84449616","2010","Bradford","first_internal","","3","","3","other","100","","1","9","","10","other","90","","","3","","3","other","100","","","","","","","","","","","","","","","","","","","","","",""
"40.83002663-79.15366608---2008","https://mapsengine.google.com/06136759344167181854-00219351362547715467-4/wms/?version=1.3.0","40.8300266321","-79.1536660815","2008","Indiana","first_internal","","3","","3","other","100","","","1","","1","other","100","","","3","","3","other","100","","","","","","","","","","","","","","","","","","","","","",""
"41.56932427-76.99683076---2005","https://mapsengine.google.com/06136759344167181854-15960346301379896183-4/wms/?version=1.3.0","41.5693242707","-76.9968307556","2005","Tioga","final_internal","","3","","3","other","100","","","1","","1","other","100","","","","","","","","","","3","","3","other","100","","","","","","","","","","","","","","",""
"41.68061824-76.09849615---2005","https://mapsengine.google.com/06136759344167181854-15960346301379896183-4/wms/?version=1.3.0","41.6806182448","-76.0984961486","2005","Susquehanna","final_internal","","3","","3","other","100","","","1","","1","other","100","","","3","","3","other","100","","","3","","3","other","100","","","","","","","","","","","","","","",""
"41.68892886-76.99616536---2010","https://mapsengine.google.com/06136759344167181854-06191489742681286724-4/wms/?version=1.3.0","41.6889288584","-76.9961653622","2010","Tioga","public","","10","","10","other","100","","","10","","10","other","100","","","","","","","","","","","","","","","","","","","","","","","","","","","","",""
"39.93681416-79.00153878---2010","https://mapsengine.google.com/06136759344167181854-06191489742681286724-4/wms/?version=1.3.0","39.9368141614","-79.0015387796","2010","Somerset","public","","10","","10","other","100","","","10","","10","other","100","","","","","","","","","","","","","","","","","","","","","","","","","","","","",""
"41.47607987-78.92275268---2010","https://mapsengine.google.com/06136759344167181854-06191489742681286724-4/wms/?version=1.3.0","41.4760798651","-78.922752677","2010","Elk","public","29","","1","30","fracking","96","","29","","1","30","fracking","96","","","","","","","","","","","","","","","","","","","","","","","","","","","","",""
"39.82616706-80.50291167---2005","https://mapsengine.google.com/06136759344167181854-15960346301379896183-4/wms/?version=1.3.0","39.8261670566","-80.5029116721","2005","Greene","final_internal","","3","","3","other","100","","","1","","1","other","100","","","","","","","","","","3","","3","other","100","","","","","","","","","","","","","","",""
"40.86229004-79.50401426---2010","https://mapsengine.google.com/06136759344167181854-06191489742681286724-4/wms/?version=1.3.0","40.8622900367","-79.5040142646","2010","Armstrong","sweeper_internal","","1","","1","other","100","","1","7","2","10","other","70","","","","","","","","","","","","","","","","","1","","1","other","100","","","","","","","",""
"41.31767671-76.69008743---2008","https://mapsengine.google.com/06136759344167181854-00219351362547715467-4/wms/?version=1.3.0","41.3176767083","-76.6900874325","2008","Lycoming","final_internal","","3","","3","other","100","","","1","","1","other","100","","","","","","","","","","3","","3","other","100","","","","","","","","","","","","","","",""
"41.86300558-77.39250385---2005","https://mapsengine.google.com/06136759344167181854-15960346301379896183-4/wms/?version=1.3.0","41.8630055793","-77.3925038475","2005","Tioga","missing_internal","","1","","1","other","100","","","","","","fracking|unknown|other","","","","","","","","","","","","","","","","","","","","","","","","","1","","1","other","100",""
"41.77181642-75.92945583---2010","https://mapsengine.google.com/06136759344167181854-06191489742681286724-4/wms/?version=1.3.0","41.77181642","-75.92945583","2010","Susquehanna","first_internal","","3","","3","other","100","","","10","","10","other","100","","","3","","3","other","100","","","","","","","","","","","","","","","","","","","","","",""
"40.25944541-80.23427484---2008","https://mapsengine.google.com/06136759344167181854-00219351362547715467-4/wms/?version=1.3.0","40.2594454094","-80.2342748429","2008","Washington","first_internal","","3","","3","other","100","","","8","","8","other","100","","","3","","3","other","100","","","","","","","","","","","","","","","","","","","","","",""
"40.88110106-79.527164---2005","https://mapsengine.google.com/06136759344167181854-15960346301379896183-4/wms/?version=1.3.0","40.8811010572","-79.5271639999","2005","Armstrong","final_internal","","3","","3","other","100","","","1","","1","other","100","","","","","","","","","","3","","3","other","100","","","","","","","","","","","","","","",""
"39.89281242-80.28944326---2008","https://mapsengine.google.com/06136759344167181854-00219351362547715467-4/wms/?version=1.3.0","39.892812418","-80.2894432625","2008","Greene","sweeper_internal","1","","","1","fracking","100","","4","1","5","10","unknown","50","","3","","","3","fracking","100","","","","","","","","","1","","","1","fracking","100","","","","","","","",""
"41.93938285-77.02010226---2005","https://mapsengine.google.com/06136759344167181854-15960346301379896183-4/wms/?version=1.3.0","41.9393828506","-77.0201022605","2005","Tioga","missing_internal","","1","","1","other","100","","","","","","fracking|unknown|other","","","","","","","","","","","","","","","","","","","","","","","","","1","","1","other","100",""
"40.8781618-79.53047917---2005","https://mapsengine.google.com/06136759344167181854-15960346301379896183-4/wms/?version=1.3.0","40.8781617975","-79.53047917","2005","Armstrong","final_internal","","3","","3","other","100","","","1","","1","other","100","","","","","","","","","","3","","3","other","100","","","","","","","","","","","","","","",""
"40.26261679-80.36018004---2008","https://mapsengine.google.com/06136759344167181854-00219351362547715467-4/wms/?version=1.3.0","40.2626167944","-80.3601800381","2008","Washington","first_internal","","3","","3","other","100","","","10","","10","other","100","","","3","","3","other","100","","","","","","","","","","","","","","","","","","","","","",""
"39.89847335-80.02754078---2008","https://mapsengine.google.com/06136759344167181854-00219351362547715467-4/wms/?version=1.3.0","39.8984733467","-80.0275407755","2008","Greene","sweeper_internal","1","","","1","fracking","100","","5","2","3","10","fracking","50","","3","","","3","fracking","100","","","","","","","","","1","","","1","fracking","100","","","","","","","",""
"39.97621993-80.06898666---2010","https://mapsengine.google.com/06136759344167181854-06191489742681286724-4/wms/?version=1.3.0","39.9762199322","-80.0689866557","2010","Greene","public","","10","","10","other","100","","","10","","10","other","100","","","","","","","","","","","","","","","","","","","","","","","","","","","","",""
"41.71870528-75.65752754---2005","https://mapsengine.google.com/06136759344167181854-15960346301379896183-4/wms/?version=1.3.0","41.7187052821","-75.6575275365","2005","Susquehanna","final_internal","","3","","3","other","100","","","","1","1","unknown","100","","","3","","3","other","100","","","3","","3","other","100","","","","","","","","","","","","","","",""
"41.58010277-77.03220375---2005","https://mapsengine.google.com/06136759344167181854-15960346301379896183-4/wms/?version=1.3.0","41.5801027658","-77.0322037548","2005","Tioga","final_internal","","3","","3","other","100","","","1","","1","other","100","","","","","","","","","","3","","3","other","100","","","","","","","","","","","","","","",""
"39.98394393-80.11655432---2005","https://mapsengine.google.com/06136759344167181854-15960346301379896183-4/wms/?version=1.3.0","39.9839439303","-80.1165543158","2005","Greene","final_internal","","3","","3","other","100","","","1","","1","other","100","","","","","","","","","","3","","3","other","100","","","","","","","","","","","","","","",""
"41.91533342-76.92658407---2008","https://mapsengine.google.com/06136759344167181854-00219351362547715467-4/wms/?version=1.3.0","41.9153334165","-76.9265840702","2008","Tioga","final_internal","","3","","3","other","100","","","1","","1","other","100","","","","","","","","","","3","","3","other","100","","","","","","","","","","","","","","",""
"40.08765606-79.7146104---2008","https://mapsengine.google.com/06136759344167181854-00219351362547715467-4/wms/?version=1.3.0","40.0876560628","-79.7146103988","2008","Fayette","first_internal","","3","","3","other","100","","","6","","6","other","100","","","3","","3","other","100","","","","","","","","","","","","","","","","","","","","","",""
"41.86148796-77.41252128---2010","https://mapsengine.google.com/06136759344167181854-06191489742681286724-4/wms/?version=1.3.0","41.8614879642","-77.4125212766","2010","Tioga","public","","12","","12","other","100","","","12","","12","other","100","","","","","","","","","","","","","","","","","","","","","","","","","","","","",""
"39.92245144-79.84979532---2010","https://mapsengine.google.com/06136759344167181854-06191489742681286724-4/wms/?version=1.3.0","39.9224514402","-79.8497953217","2010","Fayette","public","1","11","","12","other","91","","1","11","","12","other","91","","","","","","","","","","","","","","","","","","","","","","","","","","","","",""
"41.63579662-76.4017495---2005","https://mapsengine.google.com/06136759344167181854-15960346301379896183-4/wms/?version=1.3.0","41.6357966219","-76.4017495011","2005","Bradford","final_internal","","3","","3","other","100","","","1","","1","other","100","","","3","","3","other","100","","","3","","3","other","100","","","","","","","","","","","","","","",""
"39.87134184-79.95143615---2010","https://mapsengine.google.com/06136759344167181854-06191489742681286724-4/wms/?version=1.3.0","39.8713418371","-79.9514361521","2010","Greene","sweeper_internal","","1","","1","other","100","","2","4","4","10","unknown|other","","40|40","","","","","","","","","","","","","","","","1","","1","other","100","","","","","","","",""
"40.79289689-80.08290518---2010","https://mapsengine.google.com/06136759344167181854-06191489742681286724-4/wms/?version=1.3.0","40.7928968948","-80.0829051791","2010","Butler","public","3","16","1","20","other","80","","3","16","1","20","other","80","","","","","","","","","","","","","","","","","","","","","","","","","","","","",""
"41.75086458-76.63212735---2010","https://mapsengine.google.com/06136759344167181854-06191489742681286724-4/wms/?version=1.3.0","41.7508645776","-76.6321273462","2010","Bradford","sweeper_internal","1","","","1","fracking","100","","5","3","2","10","fracking","50","","","1","2","3","unknown","66","","","","","","","","","1","","","1","fracking","100","","","","","","","",""
"41.79443139-76.03627964---2010","https://mapsengine.google.com/06136759344167181854-06191489742681286724-4/wms/?version=1.3.0","41.79443139","-76.03627964","2010","Susquehanna","first_internal","","3","","3","other","100","","","12","","12","other","100","","","3","","3","other","100","","","","","","","","","","","","","","","","","","","","","",""
"39.72912972-79.79946389---2010","https://mapsengine.google.com/06136759344167181854-06191489742681286724-4/wms/?version=1.3.0","39.7291297161","-79.7994638866","2010","Fayette","sweeper_internal","","1","","1","other","100","","1","6","3","10","other","60","","","","","","","","","","","","","","","","","1","","1","other","100","","","","","","","",""
"41.761456-76.01844092---2005","https://mapsengine.google.com/06136759344167181854-15960346301379896183-4/wms/?version=1.3.0","41.7614559988","-76.0184409218","2005","Susquehanna","final_internal","","3","","3","other","100","","","1","","1","other","100","","","3","","3","other","100","","","3","","3","other","100","","","","","","","","","","","","","","",""
"39.9822097-80.29564468---2010","https://mapsengine.google.com/06136759344167181854-06191489742681286724-4/wms/?version=1.3.0","39.9822096983","-80.2956446799","2010","Greene","public","10","","","10","fracking","100","","10","","","10","fracking","100","","","","","","","","","","","","","","","","","","","","","","","","","","","","",""
"41.80027212-77.24846833---2010","https://mapsengine.google.com/06136759344167181854-06191489742681286724-4/wms/?version=1.3.0","41.8002721159","-77.2484683268","2010","Tioga","public","","10","2","12","other","83","","","10","2","12","other","83","","","","","","","","","","","","","","","","","","","","","","","","","","","","",""
"41.59248412-77.02288585---2010","https://mapsengine.google.com/06136759344167181854-06191489742681286724-4/wms/?version=1.3.0","41.5924841175","-77.0228858507","2010","Tioga","public","","11","1","12","other","91","","","11","1","12","other","91","","","","","","","","","","","","","","","","","","","","","","","","","","","","",""
"41.67513543-76.78438821---2010","https://mapsengine.google.com/06136759344167181854-06191489742681286724-4/wms/?version=1.3.0","41.67513543","-76.78438821","2010","Bradford","first_internal","","3","","3","other","100","","","10","","10","other","100","","","3","","3","other","100","","","","","","","","","","","","","","","","","","","","","",""
"41.70240763-75.84152809---2005","https://mapsengine.google.com/06136759344167181854-15960346301379896183-4/wms/?version=1.3.0","41.7024076271","-75.8415280949","2005","Susquehanna","final_internal","","3","","3","other","100","","","1","","1","other","100","","","3","","3","other","100","","","3","","3","other","100","","","","","","","","","","","","","","",""
"41.17143305-78.44739027---2010","https://mapsengine.google.com/06136759344167181854-06191489742681286724-4/wms/?version=1.3.0","41.1714330451","-78.4473902687","2010","Clearfield","sweeper_internal","","1","","1","other","100","","8","2","11","21","unknown","52","","","","","","","","","","","","","","","","","1","","1","other","100","","","","","","","",""
"40.02108377-80.02585831---2008","https://mapsengine.google.com/06136759344167181854-00219351362547715467-4/wms/?version=1.3.0","40.0210837708","-80.0258583127","2008","Washington","first_internal","","3","","3","other","100","","","8","","8","other","100","","","3","","3","other","100","","","","","","","","","","","","","","","","","","","","","",""
"41.57274702-78.62865824---2010","https://mapsengine.google.com/06136759344167181854-06191489742681286724-4/wms/?version=1.3.0","41.572747019","-78.6286582432","2010","Elk","sweeper_internal","","1","","1","other","100","","2","21","7","30","other","70","","","","","","","","","","","","","","","","","1","","1","other","100","","","","","","","",""
"40.51205497-79.18271675---2010","https://mapsengine.google.com/06136759344167181854-06191489742681286724-4/wms/?version=1.3.0","40.5120549683","-79.182716753","2010","Indiana","public","","12","","12","other","100","","","12","","12","other","100","","","","","","","","","","","","","","","","","","","","","","","","","","","","",""
"39.910429-79.86427669---2008","https://mapsengine.google.com/06136759344167181854-00219351362547715467-4/wms/?version=1.3.0","39.910429001","-79.8642766892","2008","Fayette","first_internal","","3","","3","other","100","","1","9","","10","other","90","","","3","","3","other","100","","","","","","","","","","","","","","","","","","","","","",""
"41.68850433-77.26927652---2008","https://mapsengine.google.com/06136759344167181854-00219351362547715467-4/wms/?version=1.3.0","41.6885043273","-77.2692765201","2008","Tioga","final_internal","","3","","3","other","100","","","1","","1","other","100","","","","","","","","","","3","","3","other","100","","","","","","","","","","","","","","",""
"41.6457955-76.33867267---2010","https://mapsengine.google.com/06136759344167181854-06191489742681286724-4/wms/?version=1.3.0","41.6457955","-76.33867267","2010","Bradford","first_internal","","3","","3","other","100","","","10","","10","other","100","","","3","","3","other","100","","","","","","","","","","","","","","","","","","","","","",""
"41.68820957-76.85675212---2005","https://mapsengine.google.com/06136759344167181854-15960346301379896183-4/wms/?version=1.3.0","41.6882095733","-76.8567521209","2005","Bradford","final_internal","","3","","3","other","100","","","1","","1","other","100","","","3","","3","other","100","","","3","","3","other","100","","","","","","","","","","","","","","",""
"41.70053519-75.88946514---2010","https://mapsengine.google.com/06136759344167181854-06191489742681286724-4/wms/?version=1.3.0","41.70053519","-75.88946514","2010","Susquehanna","sweeper_internal","","1","","1","other","100","","6","2","2","10","fracking","60","","2","","2","4","fracking|unknown","","50|50","","","","","","","","","1","","1","other","100","","","","","","","",""
"41.68622945-75.97009091---2005","https://mapsengine.google.com/06136759344167181854-15960346301379896183-4/wms/?version=1.3.0","41.6862294494","-75.9700909062","2005","Susquehanna","final_internal","","3","","3","other","100","","","1","","1","other","100","","","3","","3","other","100","","","3","","3","other","100","","","","","","","","","","","","","","",""
"41.73595772-75.87311357---2008","https://mapsengine.google.com/06136759344167181854-00219351362547715467-4/wms/?version=1.3.0","41.7359577181","-75.8731135663","2008","Susquehanna","final_internal","","3","","3","other","100","","","1","","1","other","100","","","3","","3","other","100","","","3","","3","other","100","","","","","","","","","","","","","","",""
"41.7832813-76.01550649---None","","41.7832812999","-76.0155064894","","","final_internal","","1","2","3","unknown","66","","","1","","1","other","100","","","","","","","","","","1","2","3","unknown","66","","","","","","","","","","","","","","",""
"41.60659155-76.54505139---2010","https://mapsengine.google.com/06136759344167181854-06191489742681286724-4/wms/?version=1.3.0","41.60659155","-76.54505139","2010","Bradford","first_internal","","3","","3","other","100","","","10","","10","other","100","","","3","","3","other","100","","","","","","","","","","","","","","","","","","","","","",""
"39.94469227-78.88987895---2010","https://mapsengine.google.com/06136759344167181854-06191489742681286724-4/wms/?version=1.3.0","39.9446922667","-78.8898789514","2010","Somerset","sweeper_internal","","1","","1","other","100","","2","5","4","11","other","45","","","","","","","","","","","","","","","","","1","","1","other","100","","","","","","","",""
"41.73671006-76.04686139---2008","https://mapsengine.google.com/06136759344167181854-00219351362547715467-4/wms/?version=1.3.0","41.736710063","-76.0468613868","2008","Susquehanna","final_internal","","3","","3","other","100","","","","1","1","unknown","100","","","3","","3","other","100","","","3","","3","other","100","","","","","","","","","","","","","","",""
"40.02497569-80.03629822---2008","https://mapsengine.google.com/06136759344167181854-00219351362547715467-4/wms/?version=1.3.0","40.0249756908","-80.0362982188","2008","Washington","sweeper_internal","","1","","1","other","100","","1","7","2","10","other","70","","","3","","3","other","100","","","","","","","","","","1","","1","other","100","","","","","","","",""
"41.73196516-76.81301351---2010","https://mapsengine.google.com/06136759344167181854-06191489742681286724-4/wms/?version=1.3.0","41.73196516","-76.81301351","2010","Bradford","first_internal","","3","","3","other","100","","","10","","10","other","100","","","3","","3","other","100","","","","","","","","","","","","","","","","","","","","","",""
"41.73119414-76.01590302---2010","https://mapsengine.google.com/06136759344167181854-06191489742681286724-4/wms/?version=1.3.0","41.73119414","-76.01590302","2010","Susquehanna","first_internal","","3","","3","other","100","","","10","","10","other","100","","","3","","3","other","100","","","","","","","","","","","","","","","","","","","","","",""
"41.33228543-77.17506103---2010","https://mapsengine.google.com/06136759344167181854-06191489742681286724-4/wms/?version=1.3.0","41.3322854326","-77.1750610274","2010","Lycoming","public","","12","","12","other","100","","","12","","12","other","100","","","","","","","","","","","","","","","","","","","","","","","","","","","","",""
"41.05379016-77.91019942---2010","https://mapsengine.google.com/06136759344167181854-06191489742681286724-4/wms/?version=1.3.0","41.0537901635","-77.910199417","2010","Centre","public","","9","1","10","other","90","","","9","1","10","other","90","","","","","","","","","","","","","","","","","","","","","","","","","","","","",""
"39.99867355-80.29001755---2010","https://mapsengine.google.com/06136759344167181854-06191489742681286724-4/wms/?version=1.3.0","39.9986735515","-80.2900175513","2010","Greene","sweeper_internal","","1","","1","other","100","","7","","3","10","fracking","70","","","","","","","","","","","","","","","","","1","","1","other","100","","","","","","","",""
"40.29695696-80.30997387---2010","https://mapsengine.google.com/06136759344167181854-06191489742681286724-4/wms/?version=1.3.0","40.2969569566","-80.309973872","2010","Washington","public","","10","","10","other","100","","","10","","10","other","100","","","","","","","","","","","","","","","","","","","","","","","","","","","","",""
"40.76564178-79.74366081---2010","https://mapsengine.google.com/06136759344167181854-06191489742681286724-4/wms/?version=1.3.0","40.7656417808","-79.7436608078","2010","Butler","sweeper_internal","","","1","1","unknown","100","","7","4","4","15","fracking","46","","","","","","","","","","","","","","","","","","1","1","unknown","100","","","","","","","",""
"41.73579179-77.04403898---2008","https://mapsengine.google.com/06136759344167181854-00219351362547715467-4/wms/?version=1.3.0","41.7357917942","-77.0440389828","2008","Tioga","final_internal","","4","","4","other","100","","","1","","1","other","100","","","","","","","","","","4","","4","other","100","","","","","","","","","","","","","","",""
"39.9265608-79.98658388---2008","https://mapsengine.google.com/06136759344167181854-00219351362547715467-4/wms/?version=1.3.0","39.9265607952","-79.986583881","2008","Greene","first_internal","","3","","3","other","100","","","9","1","10","other","90","","","3","","3","other","100","","","","","","","","","","","","","","","","","","","","","",""
"39.8732203-79.99628578---2010","https://mapsengine.google.com/06136759344167181854-06191489742681286724-4/wms/?version=1.3.0","39.8732203039","-79.9962857836","2010","Greene","public","1","8","1","10","other","80","","1","8","1","10","other","80","","","","","","","","","","","","","","","","","","","","","","","","","","","","",""
"40.2245864-80.31479263---2010","https://mapsengine.google.com/06136759344167181854-06191489742681286724-4/wms/?version=1.3.0","40.2245863973","-80.314792629","2010","Washington","public","","10","","10","other","100","","","10","","10","other","100","","","","","","","","","","","","","","","","","","","","","","","","","","","","",""
"39.89098765-80.0026351---2010","https://mapsengine.google.com/06136759344167181854-06191489742681286724-4/wms/?version=1.3.0","39.8909876529","-80.0026351","2010","Greene","public","","10","","10","other","100","","","10","","10","other","100","","","","","","","","","","","","","","","","","","","","","","","","","","","","",""
"41.79152129-76.22477974---2005","https://mapsengine.google.com/06136759344167181854-15960346301379896183-4/wms/?version=1.3.0","41.7915212943","-76.2247797364","2005","Bradford","final_internal","","3","","3","other","100","","","1","","1","other","100","","","3","","3","other","100","","","3","","3","other","100","","","","","","","","","","","","","","",""
"41.27402304-76.65251863---2005","https://mapsengine.google.com/06136759344167181854-15960346301379896183-4/wms/?version=1.3.0","41.2740230423","-76.652518626","2005","Lycoming","missing_internal","","1","","1","other","100","","","","","","fracking|unknown|other","","","","","","","","","","","","","","","","","","","","","","","","","1","","1","other","100",""
"41.7819697-76.65684939---2008","https://mapsengine.google.com/06136759344167181854-00219351362547715467-4/wms/?version=1.3.0","41.7819697037","-76.6568493854","2008","Bradford","final_internal","","3","","3","other","100","","","1","","1","other","100","","","3","","3","other","100","","","3","","3","other","100","","","","","","","","","","","","","","",""
"40.01030401-79.65037486---2010","https://mapsengine.google.com/06136759344167181854-06191489742681286724-4/wms/?version=1.3.0","40.0103040128","-79.6503748564","2010","Fayette","public","10","","","10","fracking","100","","10","","","10","fracking","100","","","","","","","","","","","","","","","","","","","","","","","","","","","","",""
"41.78065022-77.12986295---2008","https://mapsengine.google.com/06136759344167181854-00219351362547715467-4/wms/?version=1.3.0","41.7806502207","-77.12986295","2008","Tioga","final_internal","3","","","3","fracking","100","","1","","","1","fracking","100","","","","","","","","","3","","","3","fracking","100","","","","","","","","","","","","","","",""
"41.76705908-76.84395918---2010","https://mapsengine.google.com/06136759344167181854-06191489742681286724-4/wms/?version=1.3.0","41.76705908","-76.84395918","2010","Bradford","first_internal","","3","","3","other","100","","","9","1","10","other","90","","","3","","3","other","100","","","","","","","","","","","","","","","","","","","","","",""
"41.74608162-77.20280044---2010","https://mapsengine.google.com/06136759344167181854-06191489742681286724-4/wms/?version=1.3.0","41.7460816213","-77.2028004419","2010","Tioga","sweeper_internal","1","","","1","fracking","100","","8","","3","11","fracking","72","","","","","","","","","","","","","","","","1","","","1","fracking","100","","","","","","","",""
"41.76168671-76.49592875---2005","https://mapsengine.google.com/06136759344167181854-15960346301379896183-4/wms/?version=1.3.0","41.7616867129","-76.4959287504","2005","Bradford","final_internal","","3","","3","other","100","","","1","","1","other","100","","","3","","3","other","100","","","3","","3","other","100","","","","","","","","","","","","","","",""
"41.67486725-77.34758061---2008","https://mapsengine.google.com/06136759344167181854-00219351362547715467-4/wms/?version=1.3.0","41.6748672472","-77.347580608","2008","Tioga","final_internal","","3","","3","other","100","","","1","","1","other","100","","","","","","","","","","3","","3","other","100","","","","","","","","","","","","","","",""
"41.65436922-75.96168695---2010","https://mapsengine.google.com/06136759344167181854-06191489742681286724-4/wms/?version=1.3.0","41.65436922","-75.96168695","2010","Susquehanna","first_internal","","3","","3","other","100","","","9","1","10","other","90","","","3","","3","other","100","","","","","","","","","","","","","","","","","","","","","",""
"41.74399177-77.14765696---2010","https://mapsengine.google.com/06136759344167181854-06191489742681286724-4/wms/?version=1.3.0","41.7439917725","-77.1476569556","2010","Tioga","public","","13","","13","other","100","","","13","","13","other","100","","","","","","","","","","","","","","","","","","","","","","","","","","","","",""
"41.80655551-76.63457916---2008","https://mapsengine.google.com/06136759344167181854-00219351362547715467-4/wms/?version=1.3.0","41.8065555133","-76.634579157","2008","Bradford","final_internal","","3","","3","other","100","","","1","","1","other","100","","","3","","3","other","100","","","3","","3","other","100","","","","","","","","","","","","","","",""
"40.86228248-79.53516247---2008","https://mapsengine.google.com/06136759344167181854-00219351362547715467-4/wms/?version=1.3.0","40.8622824837","-79.5351624687","2008","Armstrong","first_internal","","3","","3","other","100","","","6","","6","other","100","","","3","","3","other","100","","","","","","","","","","","","","","","","","","","","","",""
"40.21092863-80.35239872---2010","https://mapsengine.google.com/06136759344167181854-06191489742681286724-4/wms/?version=1.3.0","40.2109286277","-80.3523987198","2010","Washington","public","8","","2","10","fracking","80","","8","","2","10","fracking","80","","","","","","","","","","","","","","","","","","","","","","","","","","","","",""
"41.72498748-75.92102199---2008","https://mapsengine.google.com/06136759344167181854-00219351362547715467-4/wms/?version=1.3.0","41.7249874776","-75.9210219943","2008","Susquehanna","final_internal","","3","","3","other","100","","","1","","1","other","100","","","3","","3","other","100","","","3","","3","other","100","","","","","","","","","","","","","","",""
"40.96165868-78.8723118---2008","https://mapsengine.google.com/06136759344167181854-00219351362547715467-4/wms/?version=1.3.0","40.9616586797","-78.8723117969","2008","Jefferson","sweeper_internal","","1","","1","other","100","","","7","3","10","other","70","","","3","","3","other","100","","","","","","","","","","1","","1","other","100","","","","","","","",""
"41.54929161-76.49544087---2005","https://mapsengine.google.com/06136759344167181854-15960346301379896183-4/wms/?version=1.3.0","41.5492916089","-76.4954408681","2005","Sullivan","final_internal","","3","","3","other","100","","","1","","1","other","100","","","3","","3","other","100","","","3","","3","other","100","","","","","","","","","","","","","","",""
"41.95026358-78.79579824---2010","https://mapsengine.google.com/06136759344167181854-06191489742681286724-4/wms/?version=1.3.0","41.9502635827","-78.7957982388","2010","McKean","public","10","","","10","fracking","100","","10","","","10","fracking","100","","","","","","","","","","","","","","","","","","","","","","","","","","","","",""
"39.76439059-79.89632699---2010","https://mapsengine.google.com/06136759344167181854-06191489742681286724-4/wms/?version=1.3.0","39.7643905896","-79.896326993","2010","Fayette","public","","10","","10","other","100","","","10","","10","other","100","","","","","","","","","","","","","","","","","","","","","","","","","","","","",""
"41.459324-76.91397109---2008","https://mapsengine.google.com/06136759344167181854-00219351362547715467-4/wms/?version=1.3.0","41.4593239987","-76.9139710908","2008","Lycoming","final_internal","","3","","3","other","100","","1","","","1","fracking","100","","","","","","","","","","3","","3","other","100","","","","","","","","","","","","","","",""
"41.70506484-77.31813016---2010","https://mapsengine.google.com/06136759344167181854-06191489742681286724-4/wms/?version=1.3.0","41.7050648436","-77.318130163","2010","Tioga","public","","13","","13","other","100","","","13","","13","other","100","","","","","","","","","","","","","","","","","","","","","","","","","","","","",""
"41.83953444-76.05881962---2010","https://mapsengine.google.com/06136759344167181854-06191489742681286724-4/wms/?version=1.3.0","41.83953444","-76.05881962","2010","Susquehanna","first_internal","","3","","3","other","100","","","10","","10","other","100","","","3","","3","other","100","","","","","","","","","","","","","","","","","","","","","",""
"41.71296781-75.87083261---2008","https://mapsengine.google.com/06136759344167181854-00219351362547715467-4/wms/?version=1.3.0","41.7129678138","-75.8708326141","2008","Susquehanna","final_internal","2","","1","3","fracking","66","","1","","","1","fracking","100","","1","","2","3","unknown","66","","2","","1","3","fracking","66","","","","","","","","","","","","","","",""
"41.73327714-76.08322655---2010","https://mapsengine.google.com/06136759344167181854-06191489742681286724-4/wms/?version=1.3.0","41.733277141","-76.0832265476","2010","Susquehanna","sweeper_internal","","1","","1","other","100","","1","7","3","11","other","63","","","3","","3","other","100","","","","","","","","","","1","","1","other","100","","","","","","","",""
"39.77856487-79.86048208---2005","https://mapsengine.google.com/06136759344167181854-15960346301379896183-4/wms/?version=1.3.0","39.7785648713","-79.860482082","2005","Fayette","final_internal","1","2","","3","other","66","","1","","","1","fracking","100","","","","","","","","","1","2","","3","other","66","","","","","","","","","","","","","","",""
"41.74806959-75.93997584---2010","https://mapsengine.google.com/06136759344167181854-06191489742681286724-4/wms/?version=1.3.0","41.74806959","-75.93997584","2010","Susquehanna","first_internal","","3","","3","other","100","","","10","","10","other","100","","","3","","3","other","100","","","","","","","","","","","","","","","","","","","","","",""
"40.86785458-79.54801878---2010","https://mapsengine.google.com/06136759344167181854-06191489742681286724-4/wms/?version=1.3.0","40.8678545805","-79.5480187833","2010","Armstrong","public","9","","1","10","fracking","90","","9","","1","10","fracking","90","","","","","","","","","","","","","","","","","","","","","","","","","","","","",""
"41.73778051-77.23541774---2008","https://mapsengine.google.com/06136759344167181854-00219351362547715467-4/wms/?version=1.3.0","41.7377805144","-77.2354177361","2008","Tioga","final_internal","","3","","3","other","100","","","1","","1","other","100","","","","","","","","","","3","","3","other","100","","","","","","","","","","","","","","",""
"41.65554422-75.96198534---2010","https://mapsengine.google.com/06136759344167181854-06191489742681286724-4/wms/?version=1.3.0","41.65554422","-75.96198534","2010","Susquehanna","first_internal","","3","","3","other","100","","","9","1","10","other","90","","","3","","3","other","100","","","","","","","","","","","","","","","","","","","","","",""
"40.79983865-79.57360712---2010","https://mapsengine.google.com/06136759344167181854-06191489742681286724-4/wms/?version=1.3.0","40.7998386481","-79.5736071189","2010","Armstrong","public","","10","","10","other","100","","","10","","10","other","100","","","","","","","","","","","","","","","","","","","","","","","","","","","","",""
"40.75731419-79.84019255---2005","https://mapsengine.google.com/06136759344167181854-15960346301379896183-4/wms/?version=1.3.0","40.7573141927","-79.8401925485","2005","Butler","final_internal","","3","","3","other","100","","","1","","1","other","100","","","","","","","","","","3","","3","other","100","","","","","","","","","","","","","","",""
"40.50338871-79.55424329---2010","https://mapsengine.google.com/06136759344167181854-06191489742681286724-4/wms/?version=1.3.0","40.5033887124","-79.5542432899","2010","Westmoreland","public","","10","","10","other","100","","","10","","10","other","100","","","","","","","","","","","","","","","","","","","","","","","","","","","","",""
"41.78857608-77.21604547---2010","https://mapsengine.google.com/06136759344167181854-06191489742681286724-4/wms/?version=1.3.0","41.788576082","-77.2160454663","2010","Tioga","public","9","","1","10","fracking","90","","9","","1","10","fracking","90","","","","","","","","","","","","","","","","","","","","","","","","","","","","",""
"41.13667563-79.74474389---2010","https://mapsengine.google.com/06136759344167181854-06191489742681286724-4/wms/?version=1.3.0","41.1366756343","-79.7447438942","2010","Butler","sweeper_internal","","1","","1","other","100","","1","13","3","17","other","76","","","","","","","","","","","","","","","","","1","","1","other","100","","","","","","","",""
"40.23108222-79.73544919---2010","https://mapsengine.google.com/06136759344167181854-06191489742681286724-4/wms/?version=1.3.0","40.2310822218","-79.735449193","2010","Westmoreland","public","12","","","12","fracking","100","","12","","","12","fracking","100","","","","","","","","","","","","","","","","","","","","","","","","","","","","",""
"41.73801265-76.09233646---2005","https://mapsengine.google.com/06136759344167181854-15960346301379896183-4/wms/?version=1.3.0","41.7380126453","-76.092336455","2005","Susquehanna","final_internal","","3","","3","other","100","","","1","","1","other","100","","","3","","3","other","100","","","3","","3","other","100","","","","","","","","","","","","","","",""
"41.63888446-76.38824731---2010","https://mapsengine.google.com/06136759344167181854-06191489742681286724-4/wms/?version=1.3.0","41.63888446","-76.38824731","2010","Bradford","first_internal","","3","","3","other","100","","","10","","10","other","100","","","3","","3","other","100","","","","","","","","","","","","","","","","","","","","","",""
"40.70603442-79.4089551---2010","https://mapsengine.google.com/06136759344167181854-06191489742681286724-4/wms/?version=1.3.0","40.7060344172","-79.4089550955","2010","Armstrong","public","8","","2","10","fracking","80","","8","","2","10","fracking","80","","","","","","","","","","","","","","","","","","","","","","","","","","","","",""
"41.97172875-77.37833244---2010","https://mapsengine.google.com/06136759344167181854-06191489742681286724-4/wms/?version=1.3.0","41.9717287478","-77.3783324352","2010","Tioga","public","","11","","11","other","100","","","11","","11","other","100","","","","","","","","","","","","","","","","","","","","","","","","","","","","",""
"41.71429782-75.89052663---2010","https://mapsengine.google.com/06136759344167181854-06191489742681286724-4/wms/?version=1.3.0","41.71429782","-75.89052663","2010","Susquehanna","first_internal","","3","","3","other","100","","","10","","10","other","100","","","3","","3","other","100","","","","","","","","","","","","","","","","","","","","","",""
"41.57853605-76.02834636---2008","https://mapsengine.google.com/06136759344167181854-00219351362547715467-4/wms/?version=1.3.0","41.5785360481","-76.0283463647","2008","Wyoming","final_internal","","3","","3","other","100","","","1","","1","other","100","","","3","","3","other","100","","","3","","3","other","100","","","","","","","","","","","","","","",""
"41.84105775-77.05070639---2010","https://mapsengine.google.com/06136759344167181854-06191489742681286724-4/wms/?version=1.3.0","41.8410577527","-77.0507063893","2010","Tioga","public","","12","","12","other","100","","","12","","12","other","100","","","","","","","","","","","","","","","","","","","","","","","","","","","","",""
"41.67206728-76.0975872---2005","https://mapsengine.google.com/06136759344167181854-15960346301379896183-4/wms/?version=1.3.0","41.6720672797","-76.0975872013","2005","Susquehanna","final_internal","","3","","3","other","100","","","1","","1","other","100","","","3","","3","other","100","","","3","","3","other","100","","","","","","","","","","","","","","",""
"41.78580027-78.17289009---2005","https://mapsengine.google.com/06136759344167181854-15960346301379896183-4/wms/?version=1.3.0","41.7858002694","-78.1728900851","2005","Potter","final_internal","","4","","4","other","100","","","1","","1","other","100","","","","","","","","","","4","","4","other","100","","","","","","","","","","","","","","",""
"41.13292409-79.75263128---2005","https://mapsengine.google.com/06136759344167181854-15960346301379896183-4/wms/?version=1.3.0","41.1329240858","-79.7526312821","2005","Butler","final_internal","","3","","3","other","100","","","1","","1","other","100","","","","","","","","","","3","","3","other","100","","","","","","","","","","","","","","",""
"41.65376485-77.41953765---2010","https://mapsengine.google.com/06136759344167181854-06191489742681286724-4/wms/?version=1.3.0","41.6537648496","-77.4195376486","2010","Tioga","sweeper_internal","","1","","1","other","100","","","8","3","11","other","72","","","","","","","","","","","","","","","","","1","","1","other","100","","","","","","","",""
"40.27337908-80.2995855---2008","https://mapsengine.google.com/06136759344167181854-00219351362547715467-4/wms/?version=1.3.0","40.2733790801","-80.2995855015","2008","Washington","first_internal","","3","","3","other","100","","","6","2","8","other","75","","","3","","3","other","100","","","","","","","","","","","","","","","","","","","","","",""
"39.88502381-80.00299379---2008","https://mapsengine.google.com/06136759344167181854-00219351362547715467-4/wms/?version=1.3.0","39.8850238052","-80.0029937864","2008","Greene","first_internal","","3","","3","other","100","","","10","","10","other","100","","","3","","3","other","100","","","","","","","","","","","","","","","","","","","","","",""
"41.09495391-77.95370889---2010","https://mapsengine.google.com/06136759344167181854-06191489742681286724-4/wms/?version=1.3.0","41.0949539126","-77.9537088927","2010","Centre","public","","11","1","12","other","91","","","11","1","12","other","91","","","","","","","","","","","","","","","","","","","","","","","","","","","","",""
"41.79063322-78.17231566---2008","https://mapsengine.google.com/06136759344167181854-00219351362547715467-4/wms/?version=1.3.0","41.7906332155","-78.1723156633","2008","Potter","final_internal","","3","","3","other","100","","","1","","1","other","100","","","","","","","","","","3","","3","other","100","","","","","","","","","","","","","","",""
"41.1345663-79.75210803---2005","https://mapsengine.google.com/06136759344167181854-15960346301379896183-4/wms/?version=1.3.0","41.1345662992","-79.75210803","2005","Butler","final_internal","","3","","3","other","100","","","1","","1","other","100","","","","","","","","","","3","","3","other","100","","","","","","","","","","","","","","",""
"40.29943981-80.30314801---2005","https://mapsengine.google.com/06136759344167181854-15960346301379896183-4/wms/?version=1.3.0","40.299439806","-80.3031480077","2005","Washington","final_internal","","3","","3","other","100","","","1","","1","other","100","","","","","","","","","","3","","3","other","100","","","","","","","","","","","","","","",""
"40.86226263-79.53494778---2005","https://mapsengine.google.com/06136759344167181854-15960346301379896183-4/wms/?version=1.3.0","40.8622626302","-79.5349477846","2005","Armstrong","final_internal","","3","","3","other","100","","","1","","1","other","100","","","","","","","","","","3","","3","other","100","","","","","","","","","","","","","","",""
"41.78573002-78.5458191---2010","https://mapsengine.google.com/06136759344167181854-06191489742681286724-4/wms/?version=1.3.0","41.7857300203","-78.545819102","2010","McKean","public","2","8","","10","other","80","","2","8","","10","other","80","","","","","","","","","","","","","","","","","","","","","","","","","","","","",""
"40.83347044-80.0550543---2010","https://mapsengine.google.com/06136759344167181854-06191489742681286724-4/wms/?version=1.3.0","40.8334704392","-80.0550543034","2010","Butler","public","","13","1","14","other","92","","","13","1","14","other","92","","","","","","","","","","","","","","","","","","","","","","","","","","","","",""
"40.51282324-79.19011623---2008","https://mapsengine.google.com/06136759344167181854-00219351362547715467-4/wms/?version=1.3.0","40.5128232441","-79.1901162312","2008","Indiana","first_internal","","3","","3","other","100","","","1","","1","other","100","","","3","","3","other","100","","","","","","","","","","","","","","","","","","","","","",""
"39.94381346-80.02042341---2008","https://mapsengine.google.com/06136759344167181854-00219351362547715467-4/wms/?version=1.3.0","39.9438134589","-80.0204234114","2008","Greene","first_internal","","3","","3","other","100","","1","9","","10","other","90","","","3","","3","other","100","","","","","","","","","","","","","","","","","","","","","",""
"41.72901526-78.16981367---2010","https://mapsengine.google.com/06136759344167181854-06191489742681286724-4/wms/?version=1.3.0","41.729015257","-78.1698136701","2010","Potter","sweeper_internal","","1","","1","other","100","","1","8","2","11","other","72","","","","","","","","","","","","","","","","","1","","1","other","100","","","","","","","",""
"41.74710967-75.86722551---2005","https://mapsengine.google.com/06136759344167181854-15960346301379896183-4/wms/?version=1.3.0","41.7471096692","-75.8672255145","2005","Susquehanna","final_internal","","3","","3","other","100","","","1","","1","other","100","","","3","","3","other","100","","","3","","3","other","100","","","","","","","","","","","","","","",""
"41.74800918-75.93998815---2008","https://mapsengine.google.com/06136759344167181854-00219351362547715467-4/wms/?version=1.3.0","41.7480091769","-75.9399881517","2008","Susquehanna","final_internal","","4","","4","other","100","","","1","","1","other","100","","","3","","3","other","100","","","4","","4","other","100","","","","","","","","","","","","","","",""
"41.68644657-75.90216623---2005","https://mapsengine.google.com/06136759344167181854-15960346301379896183-4/wms/?version=1.3.0","41.6864465655","-75.9021662345","2005","Susquehanna","final_internal","","3","","3","other","100","","","1","","1","other","100","","","3","","3","other","100","","","3","","3","other","100","","","","","","","","","","","","","","",""
"41.63287777-76.41523414---2005","https://mapsengine.google.com/06136759344167181854-15960346301379896183-4/wms/?version=1.3.0","41.6328777701","-76.4152341409","2005","Bradford","final_internal","","3","","3","other","100","","","1","","1","other","100","","","3","","3","other","100","","","3","","3","other","100","","","","","","","","","","","","","","",""
"41.73233397-76.81341644---2010","https://mapsengine.google.com/06136759344167181854-06191489742681286724-4/wms/?version=1.3.0","41.7323339726","-76.8134164381","2010","Bradford","sweeper_internal","","1","","1","other","100","","1","7","2","10","other","70","","","3","","3","other","100","","","","","","","","","","1","","1","other","100","","","","","","","",""
"39.86699268-80.03001786---2005","https://mapsengine.google.com/06136759344167181854-15960346301379896183-4/wms/?version=1.3.0","39.8669926759","-80.03001786","2005","Greene","final_internal","2","1","","3","fracking","66","","","","1","1","unknown","100","","","","","","","","","2","1","","3","fracking","66","","","","","","","","","","","","","","",""
"39.91297497-79.93392154---2010","https://mapsengine.google.com/06136759344167181854-06191489742681286724-4/wms/?version=1.3.0","39.9129749712","-79.9339215396","2010","Greene","public","","10","","10","other","100","","","10","","10","other","100","","","","","","","","","","","","","","","","","","","","","","","","","","","","",""
"41.7107054-76.67596445---2005","https://mapsengine.google.com/06136759344167181854-15960346301379896183-4/wms/?version=1.3.0","41.7107053973","-76.6759644513","2005","Bradford","final_internal","","3","","3","other","100","","","1","","1","other","100","","","3","","3","other","100","","","3","","3","other","100","","","","","","","","","","","","","","",""
"41.76997364-76.01200622---2008","https://mapsengine.google.com/06136759344167181854-00219351362547715467-4/wms/?version=1.3.0","41.7699736362","-76.0120062218","2008","Susquehanna","final_internal","","3","","3","other","100","","","1","","1","other","100","","","3","","3","other","100","","","3","","3","other","100","","","","","","","","","","","","","","",""
"41.79142772-77.18783591---2005","https://mapsengine.google.com/06136759344167181854-15960346301379896183-4/wms/?version=1.3.0","41.7914277183","-77.1878359119","2005","Tioga","final_internal","","3","","3","other","100","","","1","","1","other","100","","","","","","","","","","3","","3","other","100","","","","","","","","","","","","","","",""
"41.74479718-76.7731896---2010","https://mapsengine.google.com/06136759344167181854-06191489742681286724-4/wms/?version=1.3.0","41.74479718","-76.7731896","2010","Bradford","first_internal","","3","","3","other","100","","","10","","10","other","100","","","3","","3","other","100","","","","","","","","","","","","","","","","","","","","","",""
"41.59929128-75.56792041---2010","https://mapsengine.google.com/06136759344167181854-06191489742681286724-4/wms/?version=1.3.0","41.59929128","-75.56792041","2010","Lackawanna","first_internal","","3","","3","other","100","","","10","","10","other","100","","","3","","3","other","100","","","","","","","","","","","","","","","","","","","","","",""
"41.37117789-77.5654489---2010","https://mapsengine.google.com/06136759344167181854-06191489742681286724-4/wms/?version=1.3.0","41.3711778883","-77.5654488999","2010","Clinton","sweeper_internal","","1","","1","other","100","","2","7","3","12","other","58","","","","","","","","","","","","","","","","","1","","1","other","100","","","","","","","",""
"41.84415746-76.96447264---2008","https://mapsengine.google.com/06136759344167181854-00219351362547715467-4/wms/?version=1.3.0","41.8441574599","-76.9644726435","2008","Tioga","final_internal","","3","","3","other","100","","","1","","1","other","100","","","","","","","","","","3","","3","other","100","","","","","","","","","","","","","","",""
"41.68166241-75.79935863---2010","https://mapsengine.google.com/06136759344167181854-06191489742681286724-4/wms/?version=1.3.0","41.6816624133","-75.7993586253","2010","Susquehanna","sweeper_internal","1","","","1","fracking","100","","4","5","1","10","other","50","","2","1","","3","fracking","66","","","","","","","","","1","","","1","fracking","100","","","","","","","",""
"40.51389149-79.18079944---2008","https://mapsengine.google.com/06136759344167181854-00219351362547715467-4/wms/?version=1.3.0","40.5138914882","-79.1807994383","2008","Indiana","first_internal","2","","1","3","fracking","66","","1","","","1","fracking","100","","2","","1","3","fracking","66","","","","","","","","","","","","","","","","","","","","","",""
"39.93712281-79.83823036---2010","https://mapsengine.google.com/06136759344167181854-06191489742681286724-4/wms/?version=1.3.0","39.9371228052","-79.8382303624","2010","Fayette","public","","9","1","10","other","90","","","9","1","10","other","90","","","","","","","","","","","","","","","","","","","","","","","","","","","","",""
"41.68932669-76.34337992---2008","https://mapsengine.google.com/06136759344167181854-00219351362547715467-4/wms/?version=1.3.0","41.6893266887","-76.3433799194","2008","Bradford","final_internal","","3","","3","other","100","","","1","","1","other","100","","","3","","3","other","100","","","3","","3","other","100","","","","","","","","","","","","","","",""
"41.25031097-76.50094116---2010","https://mapsengine.google.com/06136759344167181854-06191489742681286724-4/wms/?version=1.3.0","41.2503109728","-76.5009411595","2010","Lycoming","sweeper_internal","","1","","1","other","100","","8","2","3","13","fracking","61","","","","","","","","","","","","","","","","","1","","1","other","100","","","","","","","",""
"40.81190245-80.03562505---2008","https://mapsengine.google.com/06136759344167181854-00219351362547715467-4/wms/?version=1.3.0","40.8119024527","-80.0356250496","2008","Butler","first_internal","","3","","3","other","100","","","2","","2","other","100","","","3","","3","other","100","","","","","","","","","","","","","","","","","","","","","",""
"39.87489118-80.05706596---2005","https://mapsengine.google.com/06136759344167181854-15960346301379896183-4/wms/?version=1.3.0","39.8748911776","-80.0570659563","2005","Greene","final_internal","","3","","3","other","100","","","1","","1","other","100","","","","","","","","","","3","","3","other","100","","","","","","","","","","","","","","",""
"39.83253865-80.00721821---2010","https://mapsengine.google.com/06136759344167181854-06191489742681286724-4/wms/?version=1.3.0","39.8325386487","-80.0072182117","2010","Greene","public","10","","","10","fracking","100","","10","","","10","fracking","100","","","","","","","","","","","","","","","","","","","","","","","","","","","","",""
"41.7391638-75.95399545---2008","https://mapsengine.google.com/06136759344167181854-00219351362547715467-4/wms/?version=1.3.0","41.7391637956","-75.9539954543","2008","Susquehanna","final_internal","","3","","3","other","100","","","1","","1","other","100","","","3","","3","other","100","","","3","","3","other","100","","","","","","","","","","","","","","",""
"40.77346081-79.61603127---2008","https://mapsengine.google.com/06136759344167181854-00219351362547715467-4/wms/?version=1.3.0","40.7734608128","-79.6160312739","2008","Armstrong","first_internal","","3","","3","other","100","","","6","","6","other","100","","","3","","3","other","100","","","","","","","","","","","","","","","","","","","","","",""
"39.88268128-80.27396445---2010","https://mapsengine.google.com/06136759344167181854-06191489742681286724-4/wms/?version=1.3.0","39.8826812822","-80.2739644529","2010","Greene","public","1","9","","10","other","90","","1","9","","10","other","90","","","","","","","","","","","","","","","","","","","","","","","","","","","","",""
"40.69793641-78.91759967---2008","https://mapsengine.google.com/06136759344167181854-00219351362547715467-4/wms/?version=1.3.0","40.697936413","-78.9175996663","2008","Indiana","final_internal","","3","","3","other","100","","","3","","3","other","100","","","","","","","","","","3","","3","other","100","","","","","","","","","","","","","","",""
"41.49345975-78.59455329---2008","https://mapsengine.google.com/06136759344167181854-00219351362547715467-4/wms/?version=1.3.0","41.4934597486","-78.5945532872","2008","Elk","final_internal","","2","1","3","other","66","","1","","","1","fracking","100","","","","","","","","","","2","1","3","other","66","","","","","","","","","","","","","","",""
"39.72809371-80.01609289---2010","https://mapsengine.google.com/06136759344167181854-06191489742681286724-4/wms/?version=1.3.0","39.7280937087","-80.0160928882","2010","Greene","public","","10","","10","other","100","","","10","","10","other","100","","","","","","","","","","","","","","","","","","","","","","","","","","","","",""
"40.75811435-79.82639812---2010","https://mapsengine.google.com/06136759344167181854-06191489742681286724-4/wms/?version=1.3.0","40.7581143528","-79.826398117","2010","Butler","public","1","18","","19","other","94","","1","18","","19","other","94","","","","","","","","","","","","","","","","","","","","","","","","","","","","",""
"40.2835178-80.31558452---2005","https://mapsengine.google.com/06136759344167181854-15960346301379896183-4/wms/?version=1.3.0","40.2835178035","-80.3155845151","2005","Washington","final_internal","","3","","3","other","100","","","1","","1","other","100","","","","","","","","","","3","","3","other","100","","","","","","","","","","","","","","",""
"41.74947287-75.93422118---2005","https://mapsengine.google.com/06136759344167181854-15960346301379896183-4/wms/?version=1.3.0","41.7494728728","-75.934221182","2005","Susquehanna","final_internal","","3","","3","other","100","","","1","","1","other","100","","","3","","3","other","100","","","3","","3","other","100","","","","","","","","","","","","","","",""
"41.6807831-77.59793789---2005","https://mapsengine.google.com/06136759344167181854-15960346301379896183-4/wms/?version=1.3.0","41.6807830973","-77.5979378886","2005","Potter","final_internal","","4","","4","other","100","","","1","","1","other","100","","","","","","","","","","4","","4","other","100","","","","","","","","","","","","","","",""
"40.12222759-79.80084206---2005","https://mapsengine.google.com/06136759344167181854-15960346301379896183-4/wms/?version=1.3.0","40.1222275874","-79.80084206","2005","Fayette","final_internal","","3","","3","other","100","","","1","","1","other","100","","","","","","","","","","3","","3","other","100","","","","","","","","","","","","","","",""
"41.71336304-76.0181955---2010","https://mapsengine.google.com/06136759344167181854-06191489742681286724-4/wms/?version=1.3.0","41.71336304","-76.0181955","2010","Susquehanna","first_internal","","3","","3","other","100","","","11","","11","other","100","","","3","","3","other","100","","","","","","","","","","","","","","","","","","","","","",""
"41.6394617-76.38092366---2005","https://mapsengine.google.com/06136759344167181854-15960346301379896183-4/wms/?version=1.3.0","41.6394616988","-76.3809236565","2005","Bradford","final_internal","","3","","3","other","100","","","1","","1","other","100","","","3","","3","other","100","","","3","","3","other","100","","","","","","","","","","","","","","",""
"40.80242642-80.04449594---2010","https://mapsengine.google.com/06136759344167181854-06191489742681286724-4/wms/?version=1.3.0","40.8024264183","-80.0444959374","2010","Butler","public","","12","","12","other","100","","","12","","12","other","100","","","","","","","","","","","","","","","","","","","","","","","","","","","","",""
"41.6775601-75.91360239---2005","https://mapsengine.google.com/06136759344167181854-15960346301379896183-4/wms/?version=1.3.0","41.6775600955","-75.9136023853","2005","Susquehanna","final_internal","","4","","4","other","100","","","1","","1","other","100","","","3","","3","other","100","","","4","","4","other","100","","","","","","","","","","","","","","",""
"41.54294114-76.42206601---2008","https://mapsengine.google.com/06136759344167181854-00219351362547715467-4/wms/?version=1.3.0","41.5429411366","-76.422066006","2008","Sullivan","final_internal","","3","","3","other","100","","","1","","1","other","100","","","3","","3","other","100","","","3","","3","other","100","","","","","","","","","","","","","","",""
"41.27963728-76.62521409---2008","https://mapsengine.google.com/06136759344167181854-00219351362547715467-4/wms/?version=1.3.0","41.2796372761","-76.6252140869","2008","Lycoming","final_internal","","3","","3","other","100","","","1","","1","other","100","","","","","","","","","","3","","3","other","100","","","","","","","","","","","","","","",""
"41.76784655-76.24760036---2010","https://mapsengine.google.com/06136759344167181854-06191489742681286724-4/wms/?version=1.3.0","41.76784655","-76.24760036","2010","Bradford","first_internal","","3","","3","other","100","","","10","","10","other","100","","","3","","3","other","100","","","","","","","","","","","","","","","","","","","","","",""
"41.64099603-77.40687987---2010","https://mapsengine.google.com/06136759344167181854-06191489742681286724-4/wms/?version=1.3.0","41.6409960261","-77.4068798729","2010","Tioga","public","","10","2","12","other","83","","","10","2","12","other","83","","","","","","","","","","","","","","","","","","","","","","","","","","","","",""
"39.97182502-80.00200405---2010","https://mapsengine.google.com/06136759344167181854-06191489742681286724-4/wms/?version=1.3.0","39.9718250211","-80.0020040506","2010","Fayette","public","","10","","10","other","100","","","10","","10","other","100","","","","","","","","","","","","","","","","","","","","","","","","","","","","",""
"39.92286921-79.96765107---2010","https://mapsengine.google.com/06136759344167181854-06191489742681286724-4/wms/?version=1.3.0","39.922869206","-79.9676510678","2010","Greene","public","","10","","10","other","100","","","10","","10","other","100","","","","","","","","","","","","","","","","","","","","","","","","","","","","",""
"41.9338899-75.46855906---2010","https://mapsengine.google.com/06136759344167181854-06191489742681286724-4/wms/?version=1.3.0","41.9338899","-75.46855906","2010","Wayne","first_internal","","3","","3","other","100","","1","11","","12","other","91","","","3","","3","other","100","","","","","","","","","","","","","","","","","","","","","",""
"41.68632612-78.63485566---2010","https://mapsengine.google.com/06136759344167181854-06191489742681286724-4/wms/?version=1.3.0","41.6863261247","-78.6348556572","2010","McKean","public","9","","1","10","fracking","90","","9","","1","10","fracking","90","","","","","","","","","","","","","","","","","","","","","","","","","","","","",""
"39.83705983-79.97144299---2008","https://mapsengine.google.com/06136759344167181854-00219351362547715467-4/wms/?version=1.3.0","39.8370598345","-79.9714429906","2008","Greene","sweeper_internal","1","","","1","fracking","100","","7","1","2","10","fracking","70","","3","","","3","fracking","100","","","","","","","","","1","","","1","fracking","100","","","","","","","",""
"41.52203558-76.54221815---2008","https://mapsengine.google.com/06136759344167181854-00219351362547715467-4/wms/?version=1.3.0","41.5220355806","-76.5422181525","2008","Sullivan","final_internal","","3","","3","other","100","","","1","","1","other","100","","","3","","3","other","100","","","3","","3","other","100","","","","","","","","","","","","","","",""
"41.52955347-77.15638773---2005","https://mapsengine.google.com/06136759344167181854-15960346301379896183-4/wms/?version=1.3.0","41.5295534679","-77.1563877335","2005","Lycoming","missing_internal","","1","","1","other","100","","","","","","fracking|unknown|other","","","","","","","","","","","","","","","","","","","","","","","","","1","","1","other","100",""
"41.73947187-76.0570314---2010","https://mapsengine.google.com/06136759344167181854-06191489742681286724-4/wms/?version=1.3.0","41.73947187","-76.0570314","2010","Susquehanna","first_internal","","3","","3","other","100","","","9","1","10","other","90","","","3","","3","other","100","","","","","","","","","","","","","","","","","","","","","",""
"40.86427552-79.50092205---2008","https://mapsengine.google.com/06136759344167181854-00219351362547715467-4/wms/?version=1.3.0","40.8642755227","-79.5009220525","2008","Armstrong","first_internal","","3","","3","other","100","","1","3","2","6","other","50","","","3","","3","other","100","","","","","","","","","","","","","","","","","","","","","",""
"39.86629088-80.0576593---2010","https://mapsengine.google.com/06136759344167181854-06191489742681286724-4/wms/?version=1.3.0","39.8662908781","-80.0576592994","2010","Greene","public","","9","1","10","other","90","","","9","1","10","other","90","","","","","","","","","","","","","","","","","","","","","","","","","","","","",""
"39.80581218-79.52234669---2010","https://mapsengine.google.com/06136759344167181854-06191489742681286724-4/wms/?version=1.3.0","39.8058121751","-79.5223466931","2010","Fayette","sweeper_internal","","1","","1","other","100","","2","6","2","10","other","60","","","","","","","","","","","","","","","","","1","","1","other","100","","","","","","","",""
"41.60656587-76.54510235---2008","https://mapsengine.google.com/06136759344167181854-00219351362547715467-4/wms/?version=1.3.0","41.6065658718","-76.545102346","2008","Bradford","final_internal","1","2","","3","other","66","","","1","","1","other","100","","","3","","3","other","100","","1","2","","3","other","66","","","","","","","","","","","","","","",""
"40.88025057-79.51890534---2005","https://mapsengine.google.com/06136759344167181854-15960346301379896183-4/wms/?version=1.3.0","40.8802505697","-79.5189053371","2005","Armstrong","final_internal","","3","","3","other","100","","","1","","1","other","100","","","","","","","","","","3","","3","other","100","","","","","","","","","","","","","","",""
"40.13887433-79.76408782---2010","https://mapsengine.google.com/06136759344167181854-06191489742681286724-4/wms/?version=1.3.0","40.1388743326","-79.7640878195","2010","Westmoreland","public","10","","","10","fracking","100","","10","","","10","fracking","100","","","","","","","","","","","","","","","","","","","","","","","","","","","","",""
"41.69661961-75.93668704---2008","https://mapsengine.google.com/06136759344167181854-00219351362547715467-4/wms/?version=1.3.0","41.6966196098","-75.9366870356","2008","Susquehanna","final_internal","","3","","3","other","100","","","1","","1","other","100","","","3","","3","other","100","","","3","","3","other","100","","","","","","","","","","","","","","",""
"40.99963584-78.85356872---2005","https://mapsengine.google.com/06136759344167181854-15960346301379896183-4/wms/?version=1.3.0","40.9996358398","-78.8535687229","2005","Jefferson","final_internal","","3","","3","other","100","","","1","","1","other","100","","","","","","","","","","3","","3","other","100","","","","","","","","","","","","","","",""
"39.90963397-79.85872264---2010","https://mapsengine.google.com/06136759344167181854-06191489742681286724-4/wms/?version=1.3.0","39.9096339712","-79.8587226448","2010","Fayette","public","","8","2","10","other","80","","","8","2","10","other","80","","","","","","","","","","","","","","","","","","","","","","","","","","","","",""
"41.75038-77.3421574---2005","https://mapsengine.google.com/06136759344167181854-15960346301379896183-4/wms/?version=1.3.0","41.7503800005","-77.3421573957","2005","Tioga","missing_internal","","1","","1","other","100","","","","","","fracking|unknown|other","","","","","","","","","","","","","","","","","","","","","","","","","1","","1","other","100",""
"40.85692388-79.53764838---2010","https://mapsengine.google.com/06136759344167181854-06191489742681286724-4/wms/?version=1.3.0","40.856923877","-79.5376483777","2010","Armstrong","public","9","1","","10","fracking","90","","9","1","","10","fracking","90","","","","","","","","","","","","","","","","","","","","","","","","","","","","",""
"40.99930416-78.86290451---2005","https://mapsengine.google.com/06136759344167181854-15960346301379896183-4/wms/?version=1.3.0","40.9993041592","-78.8629045068","2005","Jefferson","final_internal","","3","","3","other","100","","","1","","1","other","100","","","","","","","","","","3","","3","other","100","","","","","","","","","","","","","","",""
"41.72360975-76.78859066---2010","https://mapsengine.google.com/06136759344167181854-06191489742681286724-4/wms/?version=1.3.0","41.72360975","-76.78859066","2010","Bradford","first_internal","","3","","3","other","100","","","10","","10","other","100","","","3","","3","other","100","","","","","","","","","","","","","","","","","","","","","",""
"41.7122041-75.59429318---2010","https://mapsengine.google.com/06136759344167181854-06191489742681286724-4/wms/?version=1.3.0","41.7122041","-75.59429318","2010","Susquehanna","first_internal","","3","","3","other","100","","","10","","10","other","100","","","3","","3","other","100","","","","","","","","","","","","","","","","","","","","","",""
"39.89347325-80.28845849---2008","https://mapsengine.google.com/06136759344167181854-00219351362547715467-4/wms/?version=1.3.0","39.8934732536","-80.2884584893","2008","Greene","sweeper_internal","1","","","1","fracking","100","","3","2","5","10","unknown","50","","2","","1","3","fracking","66","","","","","","","","","1","","","1","fracking","100","","","","","","","",""
"41.32165904-76.69152619---2008","https://mapsengine.google.com/06136759344167181854-00219351362547715467-4/wms/?version=1.3.0","41.3216590437","-76.6915261929","2008","Lycoming","final_internal","","3","","3","other","100","","","1","","1","other","100","","","","","","","","","","3","","3","other","100","","","","","","","","","","","","","","",""
"41.72568834-76.8150266---2008","https://mapsengine.google.com/06136759344167181854-00219351362547715467-4/wms/?version=1.3.0","41.7256883395","-76.8150265983","2008","Bradford","final_internal","","3","","3","other","100","","","1","","1","other","100","","","3","","3","other","100","","","3","","3","other","100","","","","","","","","","","","","","","",""
"41.7201138-75.89104439---2008","https://mapsengine.google.com/06136759344167181854-00219351362547715467-4/wms/?version=1.3.0","41.7201137953","-75.8910443895","2008","Susquehanna","final_internal","","3","","3","other","100","","","1","","1","other","100","","","3","","3","other","100","","","3","","3","other","100","","","","","","","","","","","","","","",""
"41.067087-77.90986656---2010","https://mapsengine.google.com/06136759344167181854-06191489742681286724-4/wms/?version=1.3.0","41.0670870041","-77.90986656","2010","Centre","public","","10","","10","other","100","","","10","","10","other","100","","","","","","","","","","","","","","","","","","","","","","","","","","","","",""
"41.68520195-76.31573331---2008","https://mapsengine.google.com/06136759344167181854-00219351362547715467-4/wms/?version=1.3.0","41.6852019519","-76.3157333117","2008","Bradford","final_internal","","3","","3","other","100","","","1","","1","other","100","","","3","","3","other","100","","","3","","3","other","100","","","","","","","","","","","","","","",""
"39.92261382-79.99830099---2005","https://mapsengine.google.com/06136759344167181854-15960346301379896183-4/wms/?version=1.3.0","39.9226138212","-79.9983009942","2005","Greene","final_internal","","3","","3","other","100","","","1","","1","other","100","","","","","","","","","","3","","3","other","100","","","","","","","","","","","","","","",""
"41.70956853-76.681722---2008","https://mapsengine.google.com/06136759344167181854-00219351362547715467-4/wms/?version=1.3.0","41.7095685341","-76.6817220023","2008","Bradford","final_internal","3","","","3","fracking","100","","1","","","1","fracking","100","","3","","","3","fracking","100","","3","","","3","fracking","100","","","","","","","","","","","","","","",""
"41.73776381-77.2353102---2010","https://mapsengine.google.com/06136759344167181854-06191489742681286724-4/wms/?version=1.3.0","41.7377638087","-77.2353101992","2010","Tioga","public","","10","","10","other","100","","","10","","10","other","100","","","","","","","","","","","","","","","","","","","","","","","","","","","","",""
"41.83881248-76.04966484---2010","https://mapsengine.google.com/06136759344167181854-06191489742681286724-4/wms/?version=1.3.0","41.8388124801","-76.0496648377","2010","Susquehanna","sweeper_internal","","1","","1","other","100","","1","5","4","10","other","50","","","1","3","4","unknown","75","","","","","","","","","","1","","1","other","100","","","","","","","",""
"41.45766576-78.26679866---2010","https://mapsengine.google.com/06136759344167181854-06191489742681286724-4/wms/?version=1.3.0","41.457665765","-78.2667986601","2010","Cameron","sweeper_internal","","1","","1","other","100","","1","7","2","10","other","70","","","","","","","","","","","","","","","","","1","","1","other","100","","","","","","","",""
"39.88072746-80.02407137---2005","https://mapsengine.google.com/06136759344167181854-15960346301379896183-4/wms/?version=1.3.0","39.8807274599","-80.0240713668","2005","Greene","final_internal","","3","","3","other","100","","","1","","1","other","100","","","","","","","","","","3","","3","other","100","","","","","","","","","","","","","","",""
"41.88961484-76.96656079---2010","https://mapsengine.google.com/06136759344167181854-06191489742681286724-4/wms/?version=1.3.0","41.8896148363","-76.966560793","2010","Tioga","public","11","","1","12","fracking","91","","11","","1","12","fracking","91","","","","","","","","","","","","","","","","","","","","","","","","","","","","",""
"39.82240139-80.28071281---2005","https://mapsengine.google.com/06136759344167181854-15960346301379896183-4/wms/?version=1.3.0","39.8224013934","-80.2807128052","2005","Greene","final_internal","","3","","3","other","100","","","1","","1","other","100","","","","","","","","","","3","","3","other","100","","","","","","","","","","","","","","",""
"41.77799988-75.91997184---2008","https://mapsengine.google.com/06136759344167181854-00219351362547715467-4/wms/?version=1.3.0","41.7779998765","-75.9199718433","2008","Susquehanna","final_internal","","3","","3","other","100","","","1","","1","other","100","","","3","","3","other","100","","","3","","3","other","100","","","","","","","","","","","","","","",""
"41.6777633-76.35736468---2005","https://mapsengine.google.com/06136759344167181854-15960346301379896183-4/wms/?version=1.3.0","41.6777633042","-76.3573646822","2005","Bradford","final_internal","","4","","4","other","100","","","1","","1","other","100","","","3","","3","other","100","","","4","","4","other","100","","","","","","","","","","","","","","",""
"41.71093573-75.91525923---2010","https://mapsengine.google.com/06136759344167181854-06191489742681286724-4/wms/?version=1.3.0","41.71093573","-75.91525923","2010","Susquehanna","first_internal","","3","","3","other","100","","","10","","10","other","100","","","3","","3","other","100","","","","","","","","","","","","","","","","","","","","","",""
"41.73753398-76.8104735---2005","https://mapsengine.google.com/06136759344167181854-15960346301379896183-4/wms/?version=1.3.0","41.7375339813","-76.8104734999","2005","Bradford","final_internal","","3","","3","other","100","","","1","","1","other","100","","","3","","3","other","100","","","3","","3","other","100","","","","","","","","","","","","","","",""
"41.28020853-76.65124055---2005","https://mapsengine.google.com/06136759344167181854-15960346301379896183-4/wms/?version=1.3.0","41.2802085278","-76.6512405469","2005","Lycoming","missing_internal","","1","","1","other","100","","","","","","fracking|unknown|other","","","","","","","","","","","","","","","","","","","","","","","","","1","","1","other","100",""
"41.69720885-76.97188131---2010","https://mapsengine.google.com/06136759344167181854-06191489742681286724-4/wms/?version=1.3.0","41.697208849","-76.9718813066","2010","Tioga","public","9","","2","11","fracking","81","","9","","2","11","fracking","81","","","","","","","","","","","","","","","","","","","","","","","","","","","","",""
"41.69562606-75.84339623---2005","https://mapsengine.google.com/06136759344167181854-15960346301379896183-4/wms/?version=1.3.0","41.6956260586","-75.8433962251","2005","Susquehanna","final_internal","","3","","3","other","100","","","1","","1","other","100","","","3","","3","other","100","","","3","","3","other","100","","","","","","","","","","","","","","",""
"41.95778081-76.86778114---2005","https://mapsengine.google.com/06136759344167181854-15960346301379896183-4/wms/?version=1.3.0","41.9577808079","-76.8677811397","2005","Bradford","final_internal","","3","","3","other","100","","","1","","1","other","100","","","3","","3","other","100","","","3","","3","other","100","","","","","","","","","","","","","","",""
"41.67949354-75.8025894---2008","https://mapsengine.google.com/06136759344167181854-00219351362547715467-4/wms/?version=1.3.0","41.6794935432","-75.8025894008","2008","Susquehanna","final_internal","","3","","3","other","100","","","1","","1","other","100","","","3","","3","other","100","","","3","","3","other","100","","","","","","","","","","","","","","",""
"41.75452611-76.98623996---2010","https://mapsengine.google.com/06136759344167181854-06191489742681286724-4/wms/?version=1.3.0","41.7545261089","-76.9862399574","2010","Tioga","sweeper_internal","","1","","1","other","100","","6","3","2","11","fracking","54","","","","","","","","","","","","","","","","","1","","1","other","100","","","","","","","",""
"40.2714184-80.35573987---2010","https://mapsengine.google.com/06136759344167181854-06191489742681286724-4/wms/?version=1.3.0","40.271418396","-80.3557398746","2010","Washington","public","1","9","","10","other","90","","1","9","","10","other","90","","","","","","","","","","","","","","","","","","","","","","","","","","","","",""
"40.17812-80.4011989---2010","https://mapsengine.google.com/06136759344167181854-06191489742681286724-4/wms/?version=1.3.0","40.1781199971","-80.4011989008","2010","Washington","public","","10","","10","other","100","","","10","","10","other","100","","","","","","","","","","","","","","","","","","","","","","","","","","","","",""
"41.69026476-76.8530216---2010","https://mapsengine.google.com/06136759344167181854-06191489742681286724-4/wms/?version=1.3.0","41.69026476","-76.8530216","2010","Bradford","sweeper_internal","","1","","1","other","100","","8","2","","10","fracking","80","","1","1","1","3","fracking|unknown|other","","33|33|33","","","","","","","","","1","","1","other","100","","","","","","","",""
"41.69882917-75.91735764---2010","https://mapsengine.google.com/06136759344167181854-06191489742681286724-4/wms/?version=1.3.0","41.69882917","-75.91735764","2010","Susquehanna","first_internal","","3","","3","other","100","","","11","2","13","other","84","","","3","","3","other","100","","","","","","","","","","","","","","","","","","","","","",""
"39.81651857-79.96873786---2010","https://mapsengine.google.com/06136759344167181854-06191489742681286724-4/wms/?version=1.3.0","39.8165185723","-79.9687378593","2010","Greene","public","","10","","10","other","100","","","10","","10","other","100","","","","","","","","","","","","","","","","","","","","","","","","","","","","",""
"41.66090103-75.95569883---2010","https://mapsengine.google.com/06136759344167181854-06191489742681286724-4/wms/?version=1.3.0","41.66090103","-75.95569883","2010","Susquehanna","first_internal","","3","","3","other","100","","","10","1","11","other","90","","","3","","3","other","100","","","","","","","","","","","","","","","","","","","","","",""
"41.15030622-79.21690094---2010","https://mapsengine.google.com/06136759344167181854-06191489742681286724-4/wms/?version=1.3.0","41.1503062175","-79.2169009409","2010","Clarion","public","10","","","10","fracking","100","","10","","","10","fracking","100","","","","","","","","","","","","","","","","","","","","","","","","","","","","",""
"41.69728971-75.86540378---2010","https://mapsengine.google.com/06136759344167181854-06191489742681286724-4/wms/?version=1.3.0","41.69728971","-75.86540378","2010","Susquehanna","first_internal","1","","2","3","unknown","66","","10","","","10","fracking","100","","1","","2","3","unknown","66","","","","","","","","","","","","","","","","","","","","","",""
"41.84656197-76.38952113---2008","https://mapsengine.google.com/06136759344167181854-00219351362547715467-4/wms/?version=1.3.0","41.8465619669","-76.3895211316","2008","Bradford","final_internal","","4","","4","other","100","","","1","","1","other","100","","","3","","3","other","100","","","4","","4","other","100","","","","","","","","","","","","","","",""
"41.73118639-77.21148666---2010","https://mapsengine.google.com/06136759344167181854-06191489742681286724-4/wms/?version=1.3.0","41.7311863927","-77.2114866603","2010","Tioga","public","","12","","12","other","100","","","12","","12","other","100","","","","","","","","","","","","","","","","","","","","","","","","","","","","",""
"41.70107321-75.90863901---2010","https://mapsengine.google.com/06136759344167181854-06191489742681286724-4/wms/?version=1.3.0","41.7010732105","-75.9086390116","2010","Susquehanna","sweeper_internal","","1","","1","other","100","","7","6","1","14","fracking","50","","","3","","3","other","100","","","","","","","","","","1","","1","other","100","","","","","","","",""
"41.77025183-76.80477461---2008","https://mapsengine.google.com/06136759344167181854-00219351362547715467-4/wms/?version=1.3.0","41.7702518323","-76.8047746052","2008","Bradford","final_internal","","3","","3","other","100","","","1","","1","other","100","","","3","","3","other","100","","","3","","3","other","100","","","","","","","","","","","","","","",""
"41.52814049-76.3561123---2005","https://mapsengine.google.com/06136759344167181854-15960346301379896183-4/wms/?version=1.3.0","41.5281404887","-76.3561123","2005","Sullivan","final_internal","","3","","3","other","100","","","1","","1","other","100","","","3","","3","other","100","","","3","","3","other","100","","","","","","","","","","","","","","",""
"41.61138912-76.98146584---2010","https://mapsengine.google.com/06136759344167181854-06191489742681286724-4/wms/?version=1.3.0","41.6113891197","-76.981465843","2010","Tioga","public","","10","2","12","other","83","","","10","2","12","other","83","","","","","","","","","","","","","","","","","","","","","","","","","","","","",""
"40.99277002-78.85770362---2010","https://mapsengine.google.com/06136759344167181854-06191489742681286724-4/wms/?version=1.3.0","40.9927700235","-78.857703625","2010","Jefferson","public","","9","1","10","other","90","","","9","1","10","other","90","","","","","","","","","","","","","","","","","","","","","","","","","","","","",""
"41.85803605-76.69215599---2008","https://mapsengine.google.com/06136759344167181854-00219351362547715467-4/wms/?version=1.3.0","41.8580360524","-76.6921559901","2008","Bradford","final_internal","1","2","","3","other","66","","","","1","1","unknown","100","","1","","2","3","unknown","66","","1","2","","3","other","66","","","","","","","","","","","","","","",""
"41.2480784-76.57574079---2008","https://mapsengine.google.com/06136759344167181854-00219351362547715467-4/wms/?version=1.3.0","41.2480783976","-76.575740792","2008","Lycoming","final_internal","","3","","3","other","100","","","1","","1","other","100","","","","","","","","","","3","","3","other","100","","","","","","","","","","","","","","",""
"41.70941851-75.89306865---2008","https://mapsengine.google.com/06136759344167181854-00219351362547715467-4/wms/?version=1.3.0","41.7094185109","-75.8930686457","2008","Susquehanna","final_internal","","3","","3","other","100","","","1","","1","other","100","","","2","1","3","other","66","","","3","","3","other","100","","","","","","","","","","","","","","",""
"41.63160842-76.43035927---2010","https://mapsengine.google.com/06136759344167181854-06191489742681286724-4/wms/?version=1.3.0","41.63160842","-76.43035927","2010","Bradford","first_internal","","3","","3","other","100","","","10","","10","other","100","","","3","","3","other","100","","","","","","","","","","","","","","","","","","","","","",""
"41.73054109-77.37136071---2010","https://mapsengine.google.com/06136759344167181854-06191489742681286724-4/wms/?version=1.3.0","41.7305410898","-77.3713607145","2010","Tioga","public","","11","","11","other","100","","","11","","11","other","100","","","","","","","","","","","","","","","","","","","","","","","","","","","","",""
"41.68759854-75.89880593---2005","https://mapsengine.google.com/06136759344167181854-15960346301379896183-4/wms/?version=1.3.0","41.687598544","-75.8988059285","2005","Susquehanna","final_internal","","3","","3","other","100","","","1","","1","other","100","","","3","","3","other","100","","","3","","3","other","100","","","","","","","","","","","","","","",""
"41.71410913-75.92373837---2008","https://mapsengine.google.com/06136759344167181854-00219351362547715467-4/wms/?version=1.3.0","41.7141091297","-75.9237383744","2008","Susquehanna","final_internal","","3","","3","other","100","","","1","","1","other","100","","","3","","3","other","100","","","3","","3","other","100","","","","","","","","","","","","","","",""
"41.73510882-75.87348793---2005","https://mapsengine.google.com/06136759344167181854-15960346301379896183-4/wms/?version=1.3.0","41.7351088177","-75.8734879324","2005","Susquehanna","final_internal","","3","","3","other","100","","","1","","1","other","100","","","3","","3","other","100","","","3","","3","other","100","","","","","","","","","","","","","","",""
"39.83762015-79.54031825---2010","https://mapsengine.google.com/06136759344167181854-06191489742681286724-4/wms/?version=1.3.0","39.8376201547","-79.5403182496","2010","Fayette","public","1","9","","10","other","90","","1","9","","10","other","90","","","","","","","","","","","","","","","","","","","","","","","","","","","","",""
"39.81004891-79.96596405---2008","https://mapsengine.google.com/06136759344167181854-00219351362547715467-4/wms/?version=1.3.0","39.8100489124","-79.9659640473","2008","Greene","first_internal","","3","","3","other","100","","","10","","10","other","100","","","3","","3","other","100","","","","","","","","","","","","","","","","","","","","","",""
"41.11031098-78.97223714---2010","https://mapsengine.google.com/06136759344167181854-06191489742681286724-4/wms/?version=1.3.0","41.1103109772","-78.9722371427","2010","Jefferson","public","","10","","10","other","100","","","10","","10","other","100","","","","","","","","","","","","","","","","","","","","","","","","","","","","",""
"41.66702472-75.66933157---2008","https://mapsengine.google.com/06136759344167181854-00219351362547715467-4/wms/?version=1.3.0","41.6670247203","-75.6693315737","2008","Susquehanna","final_internal","","3","","3","other","100","","","","1","1","unknown","100","","","3","","3","other","100","","","3","","3","other","100","","","","","","","","","","","","","","",""
"41.75999545-76.46735435---2010","https://mapsengine.google.com/06136759344167181854-06191489742681286724-4/wms/?version=1.3.0","41.7599954451","-76.4673543463","2010","Bradford","sweeper_internal","","1","","1","other","100","","2","5","4","11","other","45","","","3","","3","other","100","","","","","","","","","","1","","1","other","100","","","","","","","",""
"41.69778858-76.72986651---2005","https://mapsengine.google.com/06136759344167181854-15960346301379896183-4/wms/?version=1.3.0","41.6977885775","-76.7298665112","2005","Bradford","final_internal","","3","","3","other","100","","","1","","1","other","100","","","3","","3","other","100","","","3","","3","other","100","","","","","","","","","","","","","","",""
"41.62911629-76.41023522---2008","https://mapsengine.google.com/06136759344167181854-00219351362547715467-4/wms/?version=1.3.0","41.6291162898","-76.4102352156","2008","Bradford","final_internal","","3","","3","other","100","","","1","","1","other","100","","","3","","3","other","100","","","3","","3","other","100","","","","","","","","","","","","","","",""
"41.72363405-75.87840428---2008","https://mapsengine.google.com/06136759344167181854-00219351362547715467-4/wms/?version=1.3.0","41.7236340532","-75.8784042809","2008","Susquehanna","final_internal","","3","","3","other","100","","","","1","1","unknown","100","","","3","","3","other","100","","","3","","3","other","100","","","","","","","","","","","","","","",""
"39.90310889-79.99442845---2008","https://mapsengine.google.com/06136759344167181854-00219351362547715467-4/wms/?version=1.3.0","39.903108888","-79.9944284529","2008","Greene","first_internal","","3","","3","other","100","","1","9","","10","other","90","","","3","","3","other","100","","","","","","","","","","","","","","","","","","","","","",""
"41.58128049-77.06659826---2008","https://mapsengine.google.com/06136759344167181854-00219351362547715467-4/wms/?version=1.3.0","41.5812804892","-77.0665982607","2008","Tioga","final_internal","","3","","3","other","100","","","1","","1","other","100","","","","","","","","","","3","","3","other","100","","","","","","","","","","","","","","",""
"40.67364721-79.74288402---2008","https://mapsengine.google.com/06136759344167181854-00219351362547715467-4/wms/?version=1.3.0","40.6736472077","-79.7428840167","2008","Butler","first_internal","","3","","3","other","100","","","2","","2","other","100","","","3","","3","other","100","","","","","","","","","","","","","","","","","","","","","",""
"39.83713323-79.97119784---2010","https://mapsengine.google.com/06136759344167181854-06191489742681286724-4/wms/?version=1.3.0","39.8371332285","-79.9711978419","2010","Greene","sweeper_internal","","1","","1","other","100","","2","4","4","10","unknown|other","","40|40","","","","","","","","","","","","","","","","1","","1","other","100","","","","","","","",""
"41.83874533-76.37977151---2008","https://mapsengine.google.com/06136759344167181854-00219351362547715467-4/wms/?version=1.3.0","41.8387453332","-76.3797715113","2008","Bradford","final_internal","","4","","4","other","100","","","1","","1","other","100","","","3","","3","other","100","","","4","","4","other","100","","","","","","","","","","","","","","",""
"40.26138773-80.35252227---2010","https://mapsengine.google.com/06136759344167181854-06191489742681286724-4/wms/?version=1.3.0","40.2613877323","-80.3525222689","2010","Washington","public","","10","","10","other","100","","","10","","10","other","100","","","","","","","","","","","","","","","","","","","","","","","","","","","","",""
"41.11909667-79.73688004---2010","https://mapsengine.google.com/06136759344167181854-06191489742681286724-4/wms/?version=1.3.0","41.1190966718","-79.7368800422","2010","Butler","sweeper_internal","","1","","1","other","100","","2","6","3","11","other","54","","","","","","","","","","","","","","","","","1","","1","other","100","","","","","","","",""
"41.56287621-76.99961995---2008","https://mapsengine.google.com/06136759344167181854-00219351362547715467-4/wms/?version=1.3.0","41.5628762127","-76.9996199548","2008","Tioga","final_internal","","3","","3","other","100","","","1","","1","other","100","","","","","","","","","","3","","3","other","100","","","","","","","","","","","","","","",""
"39.93342526-80.00434027---2008","https://mapsengine.google.com/06136759344167181854-00219351362547715467-4/wms/?version=1.3.0","39.9334252596","-80.0043402656","2008","Greene","sweeper_internal","","1","","1","other","100","","3","4","3","10","other","40","","","2","1","3","other","66","","","","","","","","","","1","","1","other","100","","","","","","","",""
"40.22571439-80.28376586---2010","https://mapsengine.google.com/06136759344167181854-06191489742681286724-4/wms/?version=1.3.0","40.2257143933","-80.2837658577","2010","Washington","public","1","9","","10","other","90","","1","9","","10","other","90","","","","","","","","","","","","","","","","","","","","","","","","","","","","",""
"41.77116708-75.93287637---2010","https://mapsengine.google.com/06136759344167181854-06191489742681286724-4/wms/?version=1.3.0","41.77116708","-75.93287637","2010","Susquehanna","first_internal","1","","2","3","unknown","66","","8","","2","10","fracking","80","","1","","2","3","unknown","66","","","","","","","","","","","","","","","","","","","","","",""
"41.93040018-77.06910938---2010","https://mapsengine.google.com/06136759344167181854-06191489742681286724-4/wms/?version=1.3.0","41.9304001764","-77.06910938","2010","Tioga","public","","10","1","11","other","90","","","10","1","11","other","90","","","","","","","","","","","","","","","","","","","","","","","","","","","","",""
"41.58807137-76.8575798---2008","https://mapsengine.google.com/06136759344167181854-00219351362547715467-4/wms/?version=1.3.0","41.5880713665","-76.857579797","2008","Lycoming","final_internal","","3","","3","other","100","","","1","","1","other","100","","","","","","","","","","3","","3","other","100","","","","","","","","","","","","","","",""
"41.84323437-76.05113797---2008","https://mapsengine.google.com/06136759344167181854-00219351362547715467-4/wms/?version=1.3.0","41.8432343697","-76.0511379711","2008","Susquehanna","final_internal","","3","","3","other","100","","","1","","1","other","100","","","3","","3","other","100","","","3","","3","other","100","","","","","","","","","","","","","","",""
"39.91387697-79.95516974---2008","https://mapsengine.google.com/06136759344167181854-00219351362547715467-4/wms/?version=1.3.0","39.9138769674","-79.9551697401","2008","Greene","first_internal","","3","","3","other","100","","1","8","1","10","other","80","","","3","","3","other","100","","","","","","","","","","","","","","","","","","","","","",""
"41.69375028-77.12151695---2010","https://mapsengine.google.com/06136759344167181854-06191489742681286724-4/wms/?version=1.3.0","41.6937502798","-77.121516947","2010","Tioga","sweeper_internal","","1","","1","other","100","","2","5","3","10","other","50","","","","","","","","","","","","","","","","","1","","1","other","100","","","","","","","",""
"41.13141647-79.75171101---2010","https://mapsengine.google.com/06136759344167181854-06191489742681286724-4/wms/?version=1.3.0","41.1314164723","-79.7517110051","2010","Butler","public","","19","1","20","other","95","","","19","1","20","other","95","","","","","","","","","","","","","","","","","","","","","","","","","","","","",""
"40.83108215-79.66127612---2010","https://mapsengine.google.com/06136759344167181854-06191489742681286724-4/wms/?version=1.3.0","40.8310821467","-79.6612761182","2010","Armstrong","public","","10","","10","other","100","","","10","","10","other","100","","","","","","","","","","","","","","","","","","","","","","","","","","","","",""
"41.34189507-77.17146337---2010","https://mapsengine.google.com/06136759344167181854-06191489742681286724-4/wms/?version=1.3.0","41.3418950722","-77.1714633699","2010","Lycoming","public","","10","","10","other","100","","","10","","10","other","100","","","","","","","","","","","","","","","","","","","","","","","","","","","","",""
"41.64638741-76.33920122---2008","https://mapsengine.google.com/06136759344167181854-00219351362547715467-4/wms/?version=1.3.0","41.6463874119","-76.3392012216","2008","Bradford","final_internal","","3","","3","other","100","","","1","","1","other","100","","","3","","3","other","100","","","3","","3","other","100","","","","","","","","","","","","","","",""
"41.71491145-76.05409298---2008","https://mapsengine.google.com/06136759344167181854-00219351362547715467-4/wms/?version=1.3.0","41.7149114539","-76.0540929797","2008","Susquehanna","final_internal","","3","","3","other","100","","","1","","1","other","100","","","3","","3","other","100","","","3","","3","other","100","","","","","","","","","","","","","","",""
"41.745549-76.76843166---2008","https://mapsengine.google.com/06136759344167181854-00219351362547715467-4/wms/?version=1.3.0","41.7455489962","-76.7684316554","2008","Bradford","final_internal","","3","","3","other","100","","","1","","1","other","100","","","3","","3","other","100","","","3","","3","other","100","","","","","","","","","","","","","","",""
"39.89646635-80.12498833---2010","https://mapsengine.google.com/06136759344167181854-06191489742681286724-4/wms/?version=1.3.0","39.8964663478","-80.1249883312","2010","Greene","sweeper_internal","1","","","1","fracking","100","","6","3","1","10","fracking","60","","","","","","","","","","","","","","","","1","","","1","fracking","100","","","","","","","",""
"39.72978576-79.99186783---2010","https://mapsengine.google.com/06136759344167181854-06191489742681286724-4/wms/?version=1.3.0","39.7297857612","-79.9918678348","2010","Greene","public","1","8","1","10","other","80","","1","8","1","10","other","80","","","","","","","","","","","","","","","","","","","","","","","","","","","","",""
"41.72066037-75.86761281---2010","https://mapsengine.google.com/06136759344167181854-06191489742681286724-4/wms/?version=1.3.0","41.72066037","-75.86761281","2010","Susquehanna","first_internal","","3","","3","other","100","","","10","","10","other","100","","","3","","3","other","100","","","","","","","","","","","","","","","","","","","","","",""
"41.79244762-77.2618618---2005","https://mapsengine.google.com/06136759344167181854-15960346301379896183-4/wms/?version=1.3.0","41.7924476215","-77.2618617975","2005","Tioga","final_internal","","3","","3","other","100","","","1","","1","other","100","","","","","","","","","","3","","3","other","100","","","","","","","","","","","","","","",""
"41.76635523-76.10476595---2010","https://mapsengine.google.com/06136759344167181854-06191489742681286724-4/wms/?version=1.3.0","41.76635523","-76.10476595","2010","Susquehanna","first_internal","3","","","3","fracking","100","","12","","","12","fracking","100","","3","","","3","fracking","100","","","","","","","","","","","","","","","","","","","","","",""
"39.84059603-79.96521771---2008","https://mapsengine.google.com/06136759344167181854-00219351362547715467-4/wms/?version=1.3.0","39.8405960284","-79.96521771","2008","Greene","first_internal","","3","","3","other","100","","1","9","","10","other","90","","","3","","3","other","100","","","","","","","","","","","","","","","","","","","","","",""
"39.93850447-80.26506164---2010","https://mapsengine.google.com/06136759344167181854-06191489742681286724-4/wms/?version=1.3.0","39.9385044708","-80.2650616376","2010","Greene","public","9","","1","10","fracking","90","","9","","1","10","fracking","90","","","","","","","","","","","","","","","","","","","","","","","","","","","","",""
"41.47350725-78.92854717---2010","https://mapsengine.google.com/06136759344167181854-06191489742681286724-4/wms/?version=1.3.0","41.4735072489","-78.9285471713","2010","Elk","public","","13","","13","other","100","","","13","","13","other","100","","","","","","","","","","","","","","","","","","","","","","","","","","","","",""
"41.74966535-75.93425641---2010","https://mapsengine.google.com/06136759344167181854-06191489742681286724-4/wms/?version=1.3.0","41.74966535","-75.93425641","2010","Susquehanna","first_internal","","4","","4","other","100","","","10","","10","other","100","","","4","","4","other","100","","","","","","","","","","","","","","","","","","","","","",""
"39.87238627-79.9973409---2010","https://mapsengine.google.com/06136759344167181854-06191489742681286724-4/wms/?version=1.3.0","39.8723862678","-79.9973409021","2010","Greene","public","","10","","10","other","100","","","10","","10","other","100","","","","","","","","","","","","","","","","","","","","","","","","","","","","",""
"39.97832204-80.08460363---2005","https://mapsengine.google.com/06136759344167181854-15960346301379896183-4/wms/?version=1.3.0","39.9783220421","-80.0846036281","2005","Greene","final_internal","","3","","3","other","100","","","1","","1","other","100","","","","","","","","","","3","","3","other","100","","","","","","","","","","","","","","",""
"41.41417183-78.27150899---2008","https://mapsengine.google.com/06136759344167181854-00219351362547715467-4/wms/?version=1.3.0","41.4141718264","-78.2715089859","2008","Cameron","sweeper_internal","1","","","1","fracking","100","","4","2","4","10","fracking|unknown","","40|40","2","1","","3","fracking","66","","","","","","","","","1","","","1","fracking","100","","","","","","","",""
"41.70874535-75.87305501---2010","https://mapsengine.google.com/06136759344167181854-06191489742681286724-4/wms/?version=1.3.0","41.70874535","-75.87305501","2010","Susquehanna","first_internal","","3","","3","other","100","","","10","","10","other","100","","","3","","3","other","100","","","","","","","","","","","","","","","","","","","","","",""
"40.60095149-79.18946708---2010","https://mapsengine.google.com/06136759344167181854-06191489742681286724-4/wms/?version=1.3.0","40.600951489","-79.1894670755","2010","Indiana","sweeper_internal","","1","","1","other","100","","2","8","1","11","other","72","","","","","","","","","","","","","","","","","1","","1","other","100","","","","","","","",""
"41.55944582-77.06639019---2008","https://mapsengine.google.com/06136759344167181854-00219351362547715467-4/wms/?version=1.3.0","41.559445822","-77.0663901902","2008","Tioga","final_internal","","3","","3","other","100","","","1","","1","other","100","","","","","","","","","","3","","3","other","100","","","","","","","","","","","","","","",""
"41.72359313-76.85143518---2008","https://mapsengine.google.com/06136759344167181854-00219351362547715467-4/wms/?version=1.3.0","41.7235931296","-76.8514351798","2008","Bradford","final_internal","","3","","3","other","100","","","1","","1","other","100","","","3","","3","other","100","","","3","","3","other","100","","","","","","","","","","","","","","",""
"40.7919663-79.99527248---2008","https://mapsengine.google.com/06136759344167181854-00219351362547715467-4/wms/?version=1.3.0","40.7919663027","-79.9952724845","2008","Butler","first_internal","","3","","3","other","100","","","2","","2","other","100","","","3","","3","other","100","","","","","","","","","","","","","","","","","","","","","",""
"41.16816508-78.45330033---2010","https://mapsengine.google.com/06136759344167181854-06191489742681286724-4/wms/?version=1.3.0","41.1681650836","-78.4533003297","2010","Clearfield","sweeper_internal","","1","","1","other","100","","13","2","7","22","fracking","59","","","","","","","","","","","","","","","","","1","","1","other","100","","","","","","","",""
"39.9002804-80.03668712---2008","https://mapsengine.google.com/06136759344167181854-00219351362547715467-4/wms/?version=1.3.0","39.9002804","-80.0366871194","2008","Greene","sweeper_internal","1","","","1","fracking","100","","7","1","2","10","fracking","70","","2","","1","3","fracking","66","","","","","","","","","1","","","1","fracking","100","","","","","","","",""
"41.64176174-76.37866749---2008","https://mapsengine.google.com/06136759344167181854-00219351362547715467-4/wms/?version=1.3.0","41.6417617376","-76.3786674865","2008","Bradford","final_internal","","3","","3","other","100","","","1","","1","other","100","","","3","","3","other","100","","","3","","3","other","100","","","","","","","","","","","","","","",""
"40.95358076-78.81868539---2010","https://mapsengine.google.com/06136759344167181854-06191489742681286724-4/wms/?version=1.3.0","40.9535807579","-78.8186853872","2010","Jefferson","public","","10","","10","other","100","","","10","","10","other","100","","","","","","","","","","","","","","","","","","","","","","","","","","","","",""
"39.83223592-79.99014606---2010","https://mapsengine.google.com/06136759344167181854-06191489742681286724-4/wms/?version=1.3.0","39.8322359248","-79.990146058","2010","Greene","public","","10","","10","other","100","","","10","","10","other","100","","","","","","","","","","","","","","","","","","","","","","","","","","","","",""
"41.7341492-75.91144205---2008","https://mapsengine.google.com/06136759344167181854-00219351362547715467-4/wms/?version=1.3.0","41.7341492036","-75.9114420483","2008","Susquehanna","final_internal","","3","","3","other","100","","","1","","1","other","100","","","3","","3","other","100","","","3","","3","other","100","","","","","","","","","","","","","","",""
"41.69707951-76.44048292---2008","https://mapsengine.google.com/06136759344167181854-00219351362547715467-4/wms/?version=1.3.0","41.6970795083","-76.4404829182","2008","Bradford","final_internal","","4","","4","other","100","","","1","","1","other","100","","","3","","3","other","100","","","4","","4","other","100","","","","","","","","","","","","","","",""
"41.73746081-77.21447849---2005","https://mapsengine.google.com/06136759344167181854-15960346301379896183-4/wms/?version=1.3.0","41.7374608111","-77.2144784893","2005","Tioga","final_internal","","3","","3","other","100","","","1","","1","other","100","","","","","","","","","","3","","3","other","100","","","","","","","","","","","","","","",""
"39.96806302-79.84984466---2005","https://mapsengine.google.com/06136759344167181854-15960346301379896183-4/wms/?version=1.3.0","39.9680630217","-79.8498446632","2005","Fayette","final_internal","","3","","3","other","100","","","1","","1","other","100","","","","","","","","","","3","","3","other","100","","","","","","","","","","","","","","",""
"39.81013358-79.96599403---2010","https://mapsengine.google.com/06136759344167181854-06191489742681286724-4/wms/?version=1.3.0","39.8101335813","-79.9659940298","2010","Greene","public","","9","1","10","other","90","","","9","1","10","other","90","","","","","","","","","","","","","","","","","","","","","","","","","","","","",""
"41.56119819-76.10975639---2005","https://mapsengine.google.com/06136759344167181854-15960346301379896183-4/wms/?version=1.3.0","41.5611981934","-76.1097563909","2005","Wyoming","final_internal","","3","","3","other","100","","","1","","1","other","100","","","3","","3","other","100","","","3","","3","other","100","","","","","","","","","","","","","","",""
"40.25467369-80.23216477---2010","https://mapsengine.google.com/06136759344167181854-06191489742681286724-4/wms/?version=1.3.0","40.2546736851","-80.2321647743","2010","Washington","public","","9","1","10","other","90","","","9","1","10","other","90","","","","","","","","","","","","","","","","","","","","","","","","","","","","",""
"41.52944569-76.68315293---2010","https://mapsengine.google.com/06136759344167181854-06191489742681286724-4/wms/?version=1.3.0","41.5294456932","-76.6831529284","2010","Sullivan","sweeper_internal","","1","","1","other","100","","3","5","2","10","other","50","","","3","","3","other","100","","","","","","","","","","1","","1","other","100","","","","","","","",""
"41.77955407-77.12421799---2005","https://mapsengine.google.com/06136759344167181854-15960346301379896183-4/wms/?version=1.3.0","41.7795540705","-77.1242179867","2005","Tioga","missing_internal","","1","","1","other","100","","","","","","fracking|unknown|other","","","","","","","","","","","","","","","","","","","","","","","","","1","","1","other","100",""
"41.89146173-75.40584835---2005","https://mapsengine.google.com/06136759344167181854-15960346301379896183-4/wms/?version=1.3.0","41.8914617305","-75.4058483549","2005","Wayne","missing_internal","","1","","1","other","100","","","","","","fracking|unknown|other","","","","3","","3","other","100","","","","","","","","","","","","","","","","","1","","1","other","100",""
"41.71272189-75.88350611---2005","https://mapsengine.google.com/06136759344167181854-15960346301379896183-4/wms/?version=1.3.0","41.7127218936","-75.8835061087","2005","Susquehanna","final_internal","","3","","3","other","100","","","1","","1","other","100","","","3","","3","other","100","","","3","","3","other","100","","","","","","","","","","","","","","",""
"41.70945424-75.87295634---2005","https://mapsengine.google.com/06136759344167181854-15960346301379896183-4/wms/?version=1.3.0","41.7094542396","-75.8729563409","2005","Susquehanna","final_internal","","4","","4","other","100","","","1","","1","other","100","","","3","","3","other","100","","","4","","4","other","100","","","","","","","","","","","","","","",""
"41.70146985-76.45385133---2005","https://mapsengine.google.com/06136759344167181854-15960346301379896183-4/wms/?version=1.3.0","41.7014698478","-76.4538513344","2005","Bradford","final_internal","","3","","3","other","100","","","1","","1","other","100","","","3","","3","other","100","","","3","","3","other","100","","","","","","","","","","","","","","",""
"41.72937064-76.83728589---2010","https://mapsengine.google.com/06136759344167181854-06191489742681286724-4/wms/?version=1.3.0","41.7293706359","-76.8372858872","2010","Bradford","sweeper_internal","","1","","1","other","100","","2","6","2","10","other","60","","","3","","3","other","100","","","","","","","","","","1","","1","other","100","","","","","","","",""
"39.89442936-80.06500757---2010","https://mapsengine.google.com/06136759344167181854-06191489742681286724-4/wms/?version=1.3.0","39.8944293644","-80.0650075729","2010","Greene","public","1","9","","10","other","90","","1","9","","10","other","90","","","","","","","","","","","","","","","","","","","","","","","","","","","","",""
"41.35329171-78.53268218---2010","https://mapsengine.google.com/06136759344167181854-06191489742681286724-4/wms/?version=1.3.0","41.3532917109","-78.5326821842","2010","Elk","sweeper_internal","","1","","1","other","100","","5","4","1","10","fracking","50","","","","","","","","","","","","","","","","","1","","1","other","100","","","","","","","",""
"41.70821412-75.92295563---2005","https://mapsengine.google.com/06136759344167181854-15960346301379896183-4/wms/?version=1.3.0","41.7082141192","-75.9229556298","2005","Susquehanna","final_internal","","3","","3","other","100","","","1","","1","other","100","","","3","","3","other","100","","","3","","3","other","100","","","","","","","","","","","","","","",""
"39.74261197-79.43640026---2010","https://mapsengine.google.com/06136759344167181854-06191489742681286724-4/wms/?version=1.3.0","39.7426119681","-79.4364002605","2010","Fayette","public","","10","","10","other","100","","","10","","10","other","100","","","","","","","","","","","","","","","","","","","","","","","","","","","","",""
"41.68613615-76.34720438---2008","https://mapsengine.google.com/06136759344167181854-00219351362547715467-4/wms/?version=1.3.0","41.6861361544","-76.347204384","2008","Bradford","final_internal","","3","","3","other","100","","","1","","1","other","100","","","3","","3","other","100","","","3","","3","other","100","","","","","","","","","","","","","","",""
"40.43210087-79.07023265---2010","https://mapsengine.google.com/06136759344167181854-06191489742681286724-4/wms/?version=1.3.0","40.4321008739","-79.070232654","2010","Indiana","public","","11","","11","other","100","","","11","","11","other","100","","","","","","","","","","","","","","","","","","","","","","","","","","","","",""
"39.90711363-79.98651106---2005","https://mapsengine.google.com/06136759344167181854-15960346301379896183-4/wms/?version=1.3.0","39.9071136296","-79.986511065","2005","Greene","final_internal","","3","","3","other","100","","","1","","1","other","100","","","","","","","","","","3","","3","other","100","","","","","","","","","","","","","","",""
"41.76166066-76.07604232---2005","https://mapsengine.google.com/06136759344167181854-15960346301379896183-4/wms/?version=1.3.0","41.761660665","-76.0760423221","2005","Susquehanna","final_internal","","3","","3","other","100","","","1","","1","other","100","","","","","","","","","","3","","3","other","100","","","","","","","","","","","","","","",""
"41.74077113-75.9486373---2008","https://mapsengine.google.com/06136759344167181854-00219351362547715467-4/wms/?version=1.3.0","41.7407711277","-75.9486372956","2008","Susquehanna","final_internal","","3","","3","other","100","","","1","","1","other","100","","","3","","3","other","100","","","3","","3","other","100","","","","","","","","","","","","","","",""
"41.71819782-76.82461087---2008","https://mapsengine.google.com/06136759344167181854-00219351362547715467-4/wms/?version=1.3.0","41.7181978235","-76.8246108702","2008","Bradford","final_internal","","3","","3","other","100","","","1","","1","other","100","","","3","","3","other","100","","","3","","3","other","100","","","","","","","","","","","","","","",""
"40.86127745-79.50146418---2008","https://mapsengine.google.com/06136759344167181854-00219351362547715467-4/wms/?version=1.3.0","40.8612774462","-79.5014641775","2008","Armstrong","first_internal","","3","","3","other","100","","","6","","6","other","100","","","3","","3","other","100","","","","","","","","","","","","","","","","","","","","","",""
"40.28378663-80.34182888---2008","https://mapsengine.google.com/06136759344167181854-00219351362547715467-4/wms/?version=1.3.0","40.2837866326","-80.3418288825","2008","Washington","first_internal","","3","","3","other","100","","","10","","10","other","100","","","3","","3","other","100","","","","","","","","","","","","","","","","","","","","","",""
"40.75410324-79.79495486---2008","https://mapsengine.google.com/06136759344167181854-00219351362547715467-4/wms/?version=1.3.0","40.754103238","-79.794954856","2008","Butler","first_internal","","3","","3","other","100","","","2","","2","other","100","","","3","","3","other","100","","","","","","","","","","","","","","","","","","","","","",""
"41.71413606-76.30566189---2008","https://mapsengine.google.com/06136759344167181854-00219351362547715467-4/wms/?version=1.3.0","41.7141360616","-76.3056618902","2008","Bradford","final_internal","","3","","3","other","100","","","1","","1","other","100","","","3","","3","other","100","","","3","","3","other","100","","","","","","","","","","","","","","",""
"39.94023196-79.24695432---2010","https://mapsengine.google.com/06136759344167181854-06191489742681286724-4/wms/?version=1.3.0","39.9402319553","-79.2469543245","2010","Somerset","sweeper_internal","","1","","1","other","100","","5","5","3","13","fracking|other","","38|38","","","","","","","","","","","","","","","","1","","1","other","100","","","","","","","",""
"41.9313312-75.87307459---2008","https://mapsengine.google.com/06136759344167181854-00219351362547715467-4/wms/?version=1.3.0","41.9313312048","-75.8730745855","2008","Susquehanna","final_internal","","3","","3","other","100","","","1","","1","other","100","","","3","","3","other","100","","","3","","3","other","100","","","","","","","","","","","","","","",""
"41.70618939-75.87645378---2010","https://mapsengine.google.com/06136759344167181854-06191489742681286724-4/wms/?version=1.3.0","41.70618939","-75.87645378","2010","Susquehanna","first_internal","","3","","3","other","100","","","10","","10","other","100","","","3","","3","other","100","","","","","","","","","","","","","","","","","","","","","",""
"41.6970762-76.44044039---2005","https://mapsengine.google.com/06136759344167181854-15960346301379896183-4/wms/?version=1.3.0","41.6970761961","-76.4404403948","2005","Bradford","final_internal","","3","","3","other","100","","","1","","1","other","100","","","3","","3","other","100","","","3","","3","other","100","","","","","","","","","","","","","","",""
"40.4476608-79.54682693---2010","https://mapsengine.google.com/06136759344167181854-06191489742681286724-4/wms/?version=1.3.0","40.4476608003","-79.5468269321","2010","Westmoreland","public","","10","","10","other","100","","","10","","10","other","100","","","","","","","","","","","","","","","","","","","","","","","","","","","","",""
"41.74833302-76.83734533---2008","https://mapsengine.google.com/06136759344167181854-00219351362547715467-4/wms/?version=1.3.0","41.7483330236","-76.8373453284","2008","Bradford","final_internal","","3","","3","other","100","","","1","","1","other","100","","","3","","3","other","100","","","3","","3","other","100","","","","","","","","","","","","","","",""
"41.59724769-75.56822079---2005","https://mapsengine.google.com/06136759344167181854-15960346301379896183-4/wms/?version=1.3.0","41.5972476904","-75.5682207936","2005","Lackawanna","final_internal","","3","","3","other","100","","","1","","1","other","100","","","3","","3","other","100","","","3","","3","other","100","","","","","","","","","","","","","","",""
"40.16263054-79.33933024---2008","https://mapsengine.google.com/06136759344167181854-00219351362547715467-4/wms/?version=1.3.0","40.1626305377","-79.3393302377","2008","Westmoreland","first_internal","","4","","4","other","100","","","1","","1","other","100","","","4","","4","other","100","","","","","","","","","","","","","","","","","","","","","",""
"41.88619088-75.66729586---2005","https://mapsengine.google.com/06136759344167181854-15960346301379896183-4/wms/?version=1.3.0","41.8861908785","-75.6672958596","2005","Susquehanna","final_internal","","3","","3","other","100","","","1","","1","other","100","","","3","","3","other","100","","","3","","3","other","100","","","","","","","","","","","","","","",""
"41.62015943-76.82269983---2010","https://mapsengine.google.com/06136759344167181854-06191489742681286724-4/wms/?version=1.3.0","41.62015943","-76.82269983","2010","Bradford","first_internal","","3","","3","other","100","","","9","1","10","other","90","","","3","","3","other","100","","","","","","","","","","","","","","","","","","","","","",""
"39.81933624-79.97588276---2010","https://mapsengine.google.com/06136759344167181854-06191489742681286724-4/wms/?version=1.3.0","39.8193362361","-79.9758827615","2010","Greene","public","9","","1","10","fracking","90","","9","","1","10","fracking","90","","","","","","","","","","","","","","","","","","","","","","","","","","","","",""
"41.78328074-76.67627528---2005","https://mapsengine.google.com/06136759344167181854-15960346301379896183-4/wms/?version=1.3.0","41.783280741","-76.6762752755","2005","Bradford","final_internal","","3","","3","other","100","","","1","","1","other","100","","","3","","3","other","100","","","3","","3","other","100","","","","","","","","","","","","","","",""
"40.85325356-79.51392415---2010","https://mapsengine.google.com/06136759344167181854-06191489742681286724-4/wms/?version=1.3.0","40.8532535561","-79.5139241458","2010","Armstrong","public","","10","","10","other","100","","","10","","10","other","100","","","","","","","","","","","","","","","","","","","","","","","","","","","","",""
"41.56827082-76.0945797---2008","https://mapsengine.google.com/06136759344167181854-00219351362547715467-4/wms/?version=1.3.0","41.5682708209","-76.0945796982","2008","Wyoming","final_internal","","4","","4","other","100","","","1","","1","other","100","","","3","","3","other","100","","","4","","4","other","100","","","","","","","","","","","","","","",""
"41.71905261-76.3604783---2010","https://mapsengine.google.com/06136759344167181854-06191489742681286724-4/wms/?version=1.3.0","41.71905261","-76.3604783","2010","Bradford","first_internal","","3","","3","other","100","","","10","","10","other","100","","","3","","3","other","100","","","","","","","","","","","","","","","","","","","","","",""
"41.67915211-76.04723155---2010","https://mapsengine.google.com/06136759344167181854-06191489742681286724-4/wms/?version=1.3.0","41.6791521134","-76.0472315533","2010","Susquehanna","sweeper_internal","","1","","1","other","100","","2","7","1","10","other","70","","","3","","3","other","100","","","","","","","","","","1","","1","other","100","","","","","","","",""
"41.54404718-77.10073645---2005","https://mapsengine.google.com/06136759344167181854-15960346301379896183-4/wms/?version=1.3.0","41.5440471764","-77.1007364528","2005","Lycoming","missing_internal","","1","","1","other","100","","","","","","fracking|unknown|other","","","","","","","","","","","","","","","","","","","","","","","","","1","","1","other","100",""
"41.78452202-77.27798384---2010","https://mapsengine.google.com/06136759344167181854-06191489742681286724-4/wms/?version=1.3.0","41.7845220168","-77.2779838359","2010","Tioga","public","","10","","10","other","100","","","10","","10","other","100","","","","","","","","","","","","","","","","","","","","","","","","","","","","",""
"39.92263614-79.88562486---2008","https://mapsengine.google.com/06136759344167181854-00219351362547715467-4/wms/?version=1.3.0","39.9226361378","-79.8856248631","2008","Fayette","first_internal","2","","1","3","fracking","66","","4","","2","6","fracking","66","","2","","1","3","fracking","66","","","","","","","","","","","","","","","","","","","","","",""
"41.68911066-76.35709586---2010","https://mapsengine.google.com/06136759344167181854-06191489742681286724-4/wms/?version=1.3.0","41.68911066","-76.35709586","2010","Bradford","first_internal","","3","","3","other","100","","","10","","10","other","100","","","3","","3","other","100","","","","","","","","","","","","","","","","","","","","","",""
"39.83710781-79.97070229---2008","https://mapsengine.google.com/06136759344167181854-00219351362547715467-4/wms/?version=1.3.0","39.8371078135","-79.9707022889","2008","Greene","first_internal","3","","","3","fracking","100","","9","","1","10","fracking","90","","3","","","3","fracking","100","","","","","","","","","","","","","","","","","","","","","",""
"40.29471666-80.29981019---2008","https://mapsengine.google.com/06136759344167181854-00219351362547715467-4/wms/?version=1.3.0","40.2947166562","-80.2998101856","2008","Washington","first_internal","","3","","3","other","100","","2","3","3","8","unknown|other","","37|37","","3","","3","other","100","","","","","","","","","","","","","","","","","","","","","",""
"40.27141033-80.29803227---2010","https://mapsengine.google.com/06136759344167181854-06191489742681286724-4/wms/?version=1.3.0","40.2714103257","-80.2980322667","2010","Washington","sweeper_internal","","1","","1","other","100","","2","5","3","10","other","50","","","","","","","","","","","","","","","","","1","","1","other","100","","","","","","","",""
"41.76633616-75.94013922---2010","https://mapsengine.google.com/06136759344167181854-06191489742681286724-4/wms/?version=1.3.0","41.76633616","-75.94013922","2010","Susquehanna","first_internal","","3","","3","other","100","","","11","","11","other","100","","","3","","3","other","100","","","","","","","","","","","","","","","","","","","","","",""
"41.75685437-76.48125416---2005","https://mapsengine.google.com/06136759344167181854-15960346301379896183-4/wms/?version=1.3.0","41.7568543664","-76.4812541632","2005","Bradford","final_internal","","3","","3","other","100","","","1","","1","other","100","","","3","","3","other","100","","","3","","3","other","100","","","","","","","","","","","","","","",""
"41.24537976-76.5119965---2010","https://mapsengine.google.com/06136759344167181854-06191489742681286724-4/wms/?version=1.3.0","41.2453797629","-76.5119964993","2010","Lycoming","public","","10","","10","other","100","","","10","","10","other","100","","","","","","","","","","","","","","","","","","","","","","","","","","","","",""
"41.63623879-76.3466959---2010","https://mapsengine.google.com/06136759344167181854-06191489742681286724-4/wms/?version=1.3.0","41.63623879","-76.3466959","2010","Bradford","first_internal","","3","","3","other","100","","","13","","13","other","100","","","3","","3","other","100","","","","","","","","","","","","","","","","","","","","","",""
"39.90161597-80.30555531---2008","https://mapsengine.google.com/06136759344167181854-00219351362547715467-4/wms/?version=1.3.0","39.9016159651","-80.3055553089","2008","Greene","first_internal","","3","","3","other","100","","","9","1","10","other","90","","","3","","3","other","100","","","","","","","","","","","","","","","","","","","","","",""
"41.62842009-76.44173161---2005","https://mapsengine.google.com/06136759344167181854-15960346301379896183-4/wms/?version=1.3.0","41.6284200912","-76.4417316126","2005","Bradford","final_internal","","3","","3","other","100","","","1","","1","other","100","","","3","","3","other","100","","","3","","3","other","100","","","","","","","","","","","","","","",""
"41.80274669-77.23148713---2008","https://mapsengine.google.com/06136759344167181854-00219351362547715467-4/wms/?version=1.3.0","41.8027466898","-77.2314871334","2008","Tioga","final_internal","","3","","3","other","100","","","1","","1","other","100","","","","","","","","","","3","","3","other","100","","","","","","","","","","","","","","",""
"41.8888622-75.66087739---2008","https://mapsengine.google.com/06136759344167181854-00219351362547715467-4/wms/?version=1.3.0","41.8888622007","-75.6608773926","2008","Susquehanna","final_internal","","2","1","3","other","66","","","1","","1","other","100","","","2","1","3","other","66","","","2","1","3","other","66","","","","","","","","","","","","","","",""
"40.88154304-79.7297934---2010","https://mapsengine.google.com/06136759344167181854-06191489742681286724-4/wms/?version=1.3.0","40.8815430407","-79.7297934034","2010","Butler","public","","23","","23","other","100","","","23","","23","other","100","","","","","","","","","","","","","","","","","","","","","","","","","","","","",""
"40.54691341-79.02693497---2010","https://mapsengine.google.com/06136759344167181854-06191489742681286724-4/wms/?version=1.3.0","40.546913408","-79.0269349734","2010","Indiana","public","","11","","11","other","100","","","11","","11","other","100","","","","","","","","","","","","","","","","","","","","","","","","","","","","",""
"40.81133641-80.03968254---2005","https://mapsengine.google.com/06136759344167181854-15960346301379896183-4/wms/?version=1.3.0","40.8113364059","-80.0396825412","2005","Butler","final_internal","","3","","3","other","100","","","1","","1","other","100","","","","","","","","","","3","","3","other","100","","","","","","","","","","","","","","",""
"39.82622822-79.97385283---2010","https://mapsengine.google.com/06136759344167181854-06191489742681286724-4/wms/?version=1.3.0","39.8262282199","-79.973852825","2010","Greene","public","","9","1","10","other","90","","","9","1","10","other","90","","","","","","","","","","","","","","","","","","","","","","","","","","","","",""
"39.89616263-80.2790615---2008","https://mapsengine.google.com/06136759344167181854-00219351362547715467-4/wms/?version=1.3.0","39.8961626335","-80.2790614981","2008","Greene","first_internal","","3","","3","other","100","","","9","2","11","other","81","","","3","","3","other","100","","","","","","","","","","","","","","","","","","","","","",""
"41.45920708-76.39499295---2010","https://mapsengine.google.com/06136759344167181854-06191489742681286724-4/wms/?version=1.3.0","41.4592070804","-76.394992955","2010","Sullivan","public","","9","1","10","other","90","","","9","1","10","other","90","","","","","","","","","","","","","","","","","","","","","","","","","","","","",""
"41.67266879-76.72605524---2008","https://mapsengine.google.com/06136759344167181854-00219351362547715467-4/wms/?version=1.3.0","41.6726687876","-76.7260552404","2008","Bradford","final_internal","","3","","3","other","100","","","1","","1","other","100","","","3","","3","other","100","","","3","","3","other","100","","","","","","","","","","","","","","",""
"40.87778122-79.51443228---2005","https://mapsengine.google.com/06136759344167181854-15960346301379896183-4/wms/?version=1.3.0","40.8777812232","-79.5144322756","2005","Armstrong","final_internal","","3","","3","other","100","","","1","","1","other","100","","","","","","","","","","3","","3","other","100","","","","","","","","","","","","","","",""
"41.02550384-78.8166082---2010","https://mapsengine.google.com/06136759344167181854-06191489742681286724-4/wms/?version=1.3.0","41.0255038422","-78.8166081977","2010","Jefferson","public","10","","","10","fracking","100","","10","","","10","fracking","100","","","","","","","","","","","","","","","","","","","","","","","","","","","","",""
"40.00463907-79.71388265---2005","https://mapsengine.google.com/06136759344167181854-15960346301379896183-4/wms/?version=1.3.0","40.0046390656","-79.7138826541","2005","Fayette","final_internal","","3","","3","other","100","","","1","","1","other","100","","","","","","","","","","3","","3","other","100","","","","","","","","","","","","","","",""
"41.76297006-77.1298075---2008","https://mapsengine.google.com/06136759344167181854-00219351362547715467-4/wms/?version=1.3.0","41.7629700577","-77.1298074975","2008","Tioga","final_internal","","3","","3","other","100","","","1","","1","other","100","","","","","","","","","","3","","3","other","100","","","","","","","","","","","","","","",""
"39.73584153-80.02681132---2005","https://mapsengine.google.com/06136759344167181854-15960346301379896183-4/wms/?version=1.3.0","39.7358415298","-80.0268113152","2005","Greene","final_internal","","3","","3","other","100","","","1","","1","other","100","","","","","","","","","","3","","3","other","100","","","","","","","","","","","","","","",""
"39.83067823-80.03884686---2008","https://mapsengine.google.com/06136759344167181854-00219351362547715467-4/wms/?version=1.3.0","39.8306782294","-80.0388468626","2008","Greene","first_internal","","2","1","3","other","66","","","8","2","10","other","80","","","2","1","3","other","66","","","","","","","","","","","","","","","","","","","","","",""
"41.71212484-75.92307937---2010","https://mapsengine.google.com/06136759344167181854-06191489742681286724-4/wms/?version=1.3.0","41.71212484","-75.92307937","2010","Susquehanna","first_internal","","3","","3","other","100","","","9","1","10","other","90","","","3","","3","other","100","","","","","","","","","","","","","","","","","","","","","",""
"41.26853832-77.29851643---2010","https://mapsengine.google.com/06136759344167181854-06191489742681286724-4/wms/?version=1.3.0","41.2685383221","-77.2985164306","2010","Lycoming","sweeper_internal","","1","","1","other","100","","8","1","2","11","fracking","72","","","","","","","","","","","","","","","","","1","","1","other","100","","","","","","","",""
"41.2413465-76.61331201---2010","https://mapsengine.google.com/06136759344167181854-06191489742681286724-4/wms/?version=1.3.0","41.2413464992","-76.6133120074","2010","Lycoming","public","","10","","10","other","100","","","10","","10","other","100","","","","","","","","","","","","","","","","","","","","","","","","","","","","",""
"41.25050124-76.65012573---2005","https://mapsengine.google.com/06136759344167181854-15960346301379896183-4/wms/?version=1.3.0","41.250501237","-76.650125734","2005","Lycoming","missing_internal","","1","","1","other","100","","","","","","fracking|unknown|other","","","","","","","","","","","","","","","","","","","","","","","","","1","","1","other","100",""
"41.80381694-76.53140854---2005","https://mapsengine.google.com/06136759344167181854-15960346301379896183-4/wms/?version=1.3.0","41.8038169358","-76.5314085407","2005","Bradford","final_internal","","3","","3","other","100","","","1","","1","other","100","","","3","","3","other","100","","","3","","3","other","100","","","","","","","","","","","","","","",""
"40.26885899-80.35140281---2010","https://mapsengine.google.com/06136759344167181854-06191489742681286724-4/wms/?version=1.3.0","40.2688589927","-80.3514028118","2010","Washington","public","1","9","","10","other","90","","1","9","","10","other","90","","","","","","","","","","","","","","","","","","","","","","","","","","","","",""
"41.76989958-76.06838368---2005","https://mapsengine.google.com/06136759344167181854-15960346301379896183-4/wms/?version=1.3.0","41.7698995833","-76.06838368","2005","Susquehanna","final_internal","","3","","3","other","100","","","1","","1","other","100","","","3","","3","other","100","","","3","","3","other","100","","","","","","","","","","","","","","",""
"40.00812009-79.63168708---2008","https://mapsengine.google.com/06136759344167181854-00219351362547715467-4/wms/?version=1.3.0","40.0081200878","-79.6316870801","2008","Fayette","sweeper_internal","","1","","1","other","100","","4","3","3","10","fracking","40","","","1","2","3","unknown","66","","","","","","","","","","1","","1","other","100","","","","","","","",""
"39.80210399-79.9704052---2005","https://mapsengine.google.com/06136759344167181854-15960346301379896183-4/wms/?version=1.3.0","39.802103991","-79.9704052044","2005","Greene","final_internal","","3","","3","other","100","","","1","","1","other","100","","","","","","","","","","3","","3","other","100","","","","","","","","","","","","","","",""
"39.91927314-79.97634344---2010","https://mapsengine.google.com/06136759344167181854-06191489742681286724-4/wms/?version=1.3.0","39.9192731396","-79.976343439","2010","Greene","sweeper_internal","","1","","1","other","100","","3","4","3","10","other","40","","","","","","","","","","","","","","","","","1","","1","other","100","","","","","","","",""
"41.69397119-75.83667437---2008","https://mapsengine.google.com/06136759344167181854-00219351362547715467-4/wms/?version=1.3.0","41.6939711853","-75.8366743685","2008","Susquehanna","final_internal","","3","","3","other","100","","","1","","1","other","100","","","3","","3","other","100","","","3","","3","other","100","","","","","","","","","","","","","","",""
"40.30391153-80.33268459---2008","https://mapsengine.google.com/06136759344167181854-00219351362547715467-4/wms/?version=1.3.0","40.3039115331","-80.3326845916","2008","Washington","first_internal","","3","","3","other","100","","","7","1","8","other","87","","","3","","3","other","100","","","","","","","","","","","","","","","","","","","","","",""
"41.80541316-78.12684787---2010","https://mapsengine.google.com/06136759344167181854-06191489742681286724-4/wms/?version=1.3.0","41.8054131592","-78.1268478716","2010","Potter","public","","11","","11","other","100","","","11","","11","other","100","","","","","","","","","","","","","","","","","","","","","","","","","","","","",""
"41.67095891-76.97124116---2010","https://mapsengine.google.com/06136759344167181854-06191489742681286724-4/wms/?version=1.3.0","41.6709589068","-76.9712411564","2010","Tioga","public","10","","","10","fracking","100","","10","","","10","fracking","100","","","","","","","","","","","","","","","","","","","","","","","","","","","","",""
"41.56176727-76.52350195---2008","https://mapsengine.google.com/06136759344167181854-00219351362547715467-4/wms/?version=1.3.0","41.5617672705","-76.5235019519","2008","Sullivan","final_internal","","3","","3","other","100","","","1","","1","other","100","","","3","","3","other","100","","","3","","3","other","100","","","","","","","","","","","","","","",""
"39.92608765-79.85898819---2005","https://mapsengine.google.com/06136759344167181854-15960346301379896183-4/wms/?version=1.3.0","39.9260876493","-79.858988189","2005","Fayette","final_internal","","3","","3","other","100","","","1","","1","other","100","","","","","","","","","","3","","3","other","100","","","","","","","","","","","","","","",""
"41.76185962-76.01373437---2010","https://mapsengine.google.com/06136759344167181854-06191489742681286724-4/wms/?version=1.3.0","41.76185962","-76.01373437","2010","Susquehanna","first_internal","","3","","3","other","100","","","10","","10","other","100","","","3","","3","other","100","","","","","","","","","","","","","","","","","","","","","",""
"41.75163854-76.83619426---2008","https://mapsengine.google.com/06136759344167181854-00219351362547715467-4/wms/?version=1.3.0","41.7516385413","-76.8361942645","2008","Bradford","final_internal","","3","","3","other","100","","","1","","1","other","100","","","3","","3","other","100","","","3","","3","other","100","","","","","","","","","","","","","","",""
"41.0035586-78.86217745---2008","https://mapsengine.google.com/06136759344167181854-00219351362547715467-4/wms/?version=1.3.0","41.0035585985","-78.8621774468","2008","Jefferson","sweeper_internal","","1","","1","other","100","","2","7","1","10","other","70","","","3","","3","other","100","","","","","","","","","","1","","1","other","100","","","","","","","",""
"41.72979978-75.87832314---2010","https://mapsengine.google.com/06136759344167181854-06191489742681286724-4/wms/?version=1.3.0","41.72979978","-75.87832314","2010","Susquehanna","first_internal","","3","","3","other","100","","","10","","10","other","100","","","3","","3","other","100","","","","","","","","","","","","","","","","","","","","","",""
"41.70048079-77.31040664---2005","https://mapsengine.google.com/06136759344167181854-15960346301379896183-4/wms/?version=1.3.0","41.7004807889","-77.3104066439","2005","Tioga","final_internal","","3","","3","other","100","","","1","","1","other","100","","","","","","","","","","3","","3","other","100","","","","","","","","","","","","","","",""
"40.23956665-80.30817111---2005","https://mapsengine.google.com/06136759344167181854-15960346301379896183-4/wms/?version=1.3.0","40.2395666476","-80.3081711107","2005","Washington","final_internal","","3","","3","other","100","","","1","","1","other","100","","","","","","","","","","3","","3","other","100","","","","","","","","","","","","","","",""
"40.28626403-79.70835615---2010","https://mapsengine.google.com/06136759344167181854-06191489742681286724-4/wms/?version=1.3.0","40.2862640311","-79.7083561478","2010","Westmoreland","public","","10","","10","other","100","","","10","","10","other","100","","","","","","","","","","","","","","","","","","","","","","","","","","","","",""
"41.88564824-75.89442021---2008","https://mapsengine.google.com/06136759344167181854-00219351362547715467-4/wms/?version=1.3.0","41.8856482392","-75.8944202111","2008","Susquehanna","final_internal","","3","","3","other","100","","","1","","1","other","100","","","3","","3","other","100","","","3","","3","other","100","","","","","","","","","","","","","","",""
"41.96342167-77.61472771---2010","https://mapsengine.google.com/06136759344167181854-06191489742681286724-4/wms/?version=1.3.0","41.9634216696","-77.6147277145","2010","Tioga","public","","10","","10","other","100","","","10","","10","other","100","","","","","","","","","","","","","","","","","","","","","","","","","","","","",""
"40.83518915-79.68171922---2008","https://mapsengine.google.com/06136759344167181854-00219351362547715467-4/wms/?version=1.3.0","40.8351891452","-79.681719223","2008","Armstrong","first_internal","1","2","","3","other","66","","","6","","6","other","100","","1","2","","3","other","66","","","","","","","","","","","","","","","","","","","","","",""
"41.67986215-76.99056168---2010","https://mapsengine.google.com/06136759344167181854-06191489742681286724-4/wms/?version=1.3.0","41.6798621546","-76.9905616782","2010","Tioga","public","","10","","10","other","100","","","10","","10","other","100","","","","","","","","","","","","","","","","","","","","","","","","","","","","",""
"41.26413449-76.58299354---2008","https://mapsengine.google.com/06136759344167181854-00219351362547715467-4/wms/?version=1.3.0","41.2641344897","-76.5829935362","2008","Lycoming","final_internal","","3","","3","other","100","","","1","","1","other","100","","","","","","","","","","3","","3","other","100","","","","","","","","","","","","","","",""
"41.77452773-76.10282876---2010","https://mapsengine.google.com/06136759344167181854-06191489742681286724-4/wms/?version=1.3.0","41.77452773","-76.10282876","2010","Susquehanna","first_internal","","3","","3","other","100","","","11","","11","other","100","","","3","","3","other","100","","","","","","","","","","","","","","","","","","","","","",""
"41.75172163-75.93470126---2010","https://mapsengine.google.com/06136759344167181854-06191489742681286724-4/wms/?version=1.3.0","41.75172163","-75.93470126","2010","Susquehanna","first_internal","","3","","3","other","100","","","10","","10","other","100","","","3","","3","other","100","","","","","","","","","","","","","","","","","","","","","",""
"39.88836459-80.00302824---2005","https://mapsengine.google.com/06136759344167181854-15960346301379896183-4/wms/?version=1.3.0","39.8883645909","-80.0030282432","2005","Greene","final_internal","2","1","","3","fracking","66","","1","","","1","fracking","100","","","","","","","","","2","1","","3","fracking","66","","","","","","","","","","","","","","",""
"41.71378396-76.42743043---2008","https://mapsengine.google.com/06136759344167181854-00219351362547715467-4/wms/?version=1.3.0","41.7137839621","-76.4274304335","2008","Bradford","final_internal","","3","","3","other","100","","","1","","1","other","100","","","3","","3","other","100","","","3","","3","other","100","","","","","","","","","","","","","","",""
"40.14879202-79.35108432---2010","https://mapsengine.google.com/06136759344167181854-06191489742681286724-4/wms/?version=1.3.0","40.1487920248","-79.3510843242","2010","Westmoreland","public","10","","","10","fracking","100","","10","","","10","fracking","100","","","","","","","","","","","","","","","","","","","","","","","","","","","","",""
"40.99613206-78.86339118---2008","https://mapsengine.google.com/06136759344167181854-00219351362547715467-4/wms/?version=1.3.0","40.9961320606","-78.8633911782","2008","Jefferson","first_internal","","3","","3","other","100","","1","8","1","10","other","80","","","3","","3","other","100","","","","","","","","","","","","","","","","","","","","","",""
"41.78634221-77.21184773---2010","https://mapsengine.google.com/06136759344167181854-06191489742681286724-4/wms/?version=1.3.0","41.7863422123","-77.2118477345","2010","Tioga","public","","13","","13","other","100","","","13","","13","other","100","","","","","","","","","","","","","","","","","","","","","","","","","","","","",""
"40.81403777-80.0395205---2008","https://mapsengine.google.com/06136759344167181854-00219351362547715467-4/wms/?version=1.3.0","40.8140377729","-80.0395204958","2008","Butler","first_internal","","3","","3","other","100","","","2","","2","other","100","","","3","","3","other","100","","","","","","","","","","","","","","","","","","","","","",""
"41.73929472-76.0564067---2005","https://mapsengine.google.com/06136759344167181854-15960346301379896183-4/wms/?version=1.3.0","41.7392947176","-76.0564066953","2005","Susquehanna","final_internal","1","3","","4","other","75","","","1","","1","other","100","","","3","","3","other","100","","1","3","","4","other","75","","","","","","","","","","","","","","",""
"41.70282143-77.31442565---2005","https://mapsengine.google.com/06136759344167181854-15960346301379896183-4/wms/?version=1.3.0","41.7028214327","-77.3144256452","2005","Tioga","final_internal","","3","","3","other","100","","","1","","1","other","100","","","","","","","","","","3","","3","other","100","","","","","","","","","","","","","","",""
"39.73964112-79.43981236---2010","https://mapsengine.google.com/06136759344167181854-06191489742681286724-4/wms/?version=1.3.0","39.7396411174","-79.4398123617","2010","Fayette","public","8","1","1","10","fracking","80","","8","1","1","10","fracking","80","","","","","","","","","","","","","","","","","","","","","","","","","","","","",""
"40.11856732-79.80012725---2008","https://mapsengine.google.com/06136759344167181854-00219351362547715467-4/wms/?version=1.3.0","40.1185673199","-79.8001272472","2008","Fayette","first_internal","1","2","","3","other","66","","2","4","","6","other","66","","1","2","","3","other","66","","","","","","","","","","","","","","","","","","","","","",""
"39.90705245-79.98644489---2008","https://mapsengine.google.com/06136759344167181854-00219351362547715467-4/wms/?version=1.3.0","39.9070524535","-79.986444894","2008","Greene","first_internal","","3","","3","other","100","","","8","2","10","other","80","","","3","","3","other","100","","","","","","","","","","","","","","","","","","","","","",""
"41.74257141-76.10124286---2008","https://mapsengine.google.com/06136759344167181854-00219351362547715467-4/wms/?version=1.3.0","41.7425714064","-76.1012428569","2008","Susquehanna","final_internal","","3","","3","other","100","","","1","","1","other","100","","","3","","3","other","100","","","3","","3","other","100","","","","","","","","","","","","","","",""
"41.71690684-77.43142562---2010","https://mapsengine.google.com/06136759344167181854-06191489742681286724-4/wms/?version=1.3.0","41.7169068356","-77.4314256243","2010","Tioga","public","","11","","11","other","100","","","11","","11","other","100","","","","","","","","","","","","","","","","","","","","","","","","","","","","",""
"39.83259939-80.00398399---2005","https://mapsengine.google.com/06136759344167181854-15960346301379896183-4/wms/?version=1.3.0","39.8325993948","-80.0039839875","2005","Greene","final_internal","","3","","3","other","100","","","1","","1","other","100","","","","","","","","","","3","","3","other","100","","","","","","","","","","","","","","",""
"41.43753857-77.22077474---2005","https://mapsengine.google.com/06136759344167181854-15960346301379896183-4/wms/?version=1.3.0","41.4375385712","-77.2207747433","2005","Lycoming","missing_internal","","1","","1","other","100","","","","","","fracking|unknown|other","","","","","","","","","","","","","","","","","","","","","","","","","1","","1","other","100",""
"40.02540843-79.67835321---2010","https://mapsengine.google.com/06136759344167181854-06191489742681286724-4/wms/?version=1.3.0","40.025408435","-79.6783532102","2010","Fayette","sweeper_internal","","1","","1","other","100","","3","4","3","10","other","40","","","","","","","","","","","","","","","","","1","","1","other","100","","","","","","","",""
"41.72474629-76.17300929---2010","https://mapsengine.google.com/06136759344167181854-06191489742681286724-4/wms/?version=1.3.0","41.72474629","-76.17300929","2010","Bradford","first_internal","","3","","3","other","100","","","10","","10","other","100","","","3","","3","other","100","","","","","","","","","","","","","","","","","","","","","",""
"39.82555506-80.28284282---2005","https://mapsengine.google.com/06136759344167181854-15960346301379896183-4/wms/?version=1.3.0","39.8255550605","-80.2828428164","2005","Greene","final_internal","","3","","3","other","100","","","1","","1","other","100","","","","","","","","","","3","","3","other","100","","","","","","","","","","","","","","",""
"41.77593551-75.95256904---2005","https://mapsengine.google.com/06136759344167181854-15960346301379896183-4/wms/?version=1.3.0","41.7759355123","-75.9525690368","2005","Susquehanna","final_internal","","3","","3","other","100","","","1","","1","other","100","","","3","","3","other","100","","","3","","3","other","100","","","","","","","","","","","","","","",""
"41.44561326-77.13765914---2010","https://mapsengine.google.com/06136759344167181854-06191489742681286724-4/wms/?version=1.3.0","41.4456132557","-77.1376591434","2010","Lycoming","public","","11","","11","other","100","","","11","","11","other","100","","","","","","","","","","","","","","","","","","","","","","","","","","","","",""
"41.00227761-78.85053988---2010","https://mapsengine.google.com/06136759344167181854-06191489742681286724-4/wms/?version=1.3.0","41.002277611","-78.8505398844","2010","Jefferson","public","","10","","10","other","100","","","10","","10","other","100","","","","","","","","","","","","","","","","","","","","","","","","","","","","",""
"39.7279172-79.99388168---2010","https://mapsengine.google.com/06136759344167181854-06191489742681286724-4/wms/?version=1.3.0","39.7279172046","-79.9938816763","2010","Greene","public","","9","1","10","other","90","","","9","1","10","other","90","","","","","","","","","","","","","","","","","","","","","","","","","","","","",""
"40.77614737-80.18983893---2008","https://mapsengine.google.com/06136759344167181854-00219351362547715467-4/wms/?version=1.3.0","40.7761473678","-80.1898389299","2008","Beaver","final_internal","","3","","3","other","100","","1","5","","6","other","83","","","3","","3","other","100","","","3","","3","other","100","","","","","","","","","","","","","","",""
"41.99411045-76.9731414---2008","https://mapsengine.google.com/06136759344167181854-00219351362547715467-4/wms/?version=1.3.0","41.9941104523","-76.973141402","2008","Tioga","final_internal","","3","","3","other","100","","","1","","1","other","100","","","","","","","","","","3","","3","other","100","","","","","","","","","","","","","","",""
"39.88139408-79.98269322---2008","https://mapsengine.google.com/06136759344167181854-00219351362547715467-4/wms/?version=1.3.0","39.881394076","-79.9826932247","2008","Greene","sweeper_internal","","1","","1","other","100","","4","3","3","10","fracking","40","","1","2","","3","other","66","","","","","","","","","","1","","1","other","100","","","","","","","",""
"41.93102836-75.8666897---2010","https://mapsengine.google.com/06136759344167181854-06191489742681286724-4/wms/?version=1.3.0","41.93102836","-75.8666897","2010","Susquehanna","first_internal","3","","","3","fracking","100","","11","1","1","13","fracking","84","","3","","","3","fracking","100","","","","","","","","","","","","","","","","","","","","","",""
"40.7551907-79.72196697---2005","https://mapsengine.google.com/06136759344167181854-15960346301379896183-4/wms/?version=1.3.0","40.7551907044","-79.7219669668","2005","Butler","final_internal","","3","","3","other","100","","","1","","1","other","100","","","","","","","","","","3","","3","other","100","","","","","","","","","","","","","","",""
"41.7480928-76.74938254---2008","https://mapsengine.google.com/06136759344167181854-00219351362547715467-4/wms/?version=1.3.0","41.7480927976","-76.7493825445","2008","Bradford","final_internal","","3","","3","other","100","","","1","","1","other","100","","","3","","3","other","100","","","3","","3","other","100","","","","","","","","","","","","","","",""
"41.52762433-76.68293568---2005","https://mapsengine.google.com/06136759344167181854-15960346301379896183-4/wms/?version=1.3.0","41.5276243268","-76.6829356777","2005","Sullivan","final_internal","","3","","3","other","100","","","1","","1","other","100","","","3","","3","other","100","","","3","","3","other","100","","","","","","","","","","","","","","",""
"41.70628623-77.56629323---2010","https://mapsengine.google.com/06136759344167181854-06191489742681286724-4/wms/?version=1.3.0","41.7062862275","-77.5662932314","2010","Tioga","public","","10","","10","other","100","","","10","","10","other","100","","","","","","","","","","","","","","","","","","","","","","","","","","","","",""
"41.73040093-75.87659746---2008","https://mapsengine.google.com/06136759344167181854-00219351362547715467-4/wms/?version=1.3.0","41.7304009298","-75.8765974578","2008","Susquehanna","final_internal","","3","","3","other","100","","","1","","1","other","100","","","3","","3","other","100","","","3","","3","other","100","","","","","","","","","","","","","","",""
"41.77500346-76.65559847---2010","https://mapsengine.google.com/06136759344167181854-06191489742681286724-4/wms/?version=1.3.0","41.77500346","-76.65559847","2010","Bradford","first_internal","","3","","3","other","100","","","10","","10","other","100","","","3","","3","other","100","","","","","","","","","","","","","","","","","","","","","",""
"41.3005094-76.60182188---2008","https://mapsengine.google.com/06136759344167181854-00219351362547715467-4/wms/?version=1.3.0","41.3005094038","-76.6018218793","2008","Lycoming","final_internal","","3","","3","other","100","","","1","","1","other","100","","","","","","","","","","3","","3","other","100","","","","","","","","","","","","","","",""
"41.77182572-75.92938312---2005","https://mapsengine.google.com/06136759344167181854-15960346301379896183-4/wms/?version=1.3.0","41.771825719","-75.9293831219","2005","Susquehanna","final_internal","","3","","3","other","100","","","1","","1","other","100","","","3","","3","other","100","","","3","","3","other","100","","","","","","","","","","","","","","",""
"41.91227463-76.89427681---2010","https://mapsengine.google.com/06136759344167181854-06191489742681286724-4/wms/?version=1.3.0","41.91227463","-76.89427681","2010","Bradford","first_internal","","3","","3","other","100","","","10","","10","other","100","","","3","","3","other","100","","","","","","","","","","","","","","","","","","","","","",""
"39.97321008-79.99628519---2010","https://mapsengine.google.com/06136759344167181854-06191489742681286724-4/wms/?version=1.3.0","39.9732100829","-79.9962851938","2010","Fayette","public","","10","","10","other","100","","","10","","10","other","100","","","","","","","","","","","","","","","","","","","","","","","","","","","","",""
"40.84568519-79.84407418---2010","https://mapsengine.google.com/06136759344167181854-06191489742681286724-4/wms/?version=1.3.0","40.8456851927","-79.8440741785","2010","Butler","public","","13","","13","other","100","","","13","","13","other","100","","","","","","","","","","","","","","","","","","","","","","","","","","","","",""
"41.78062508-76.33396754---2010","https://mapsengine.google.com/06136759344167181854-06191489742681286724-4/wms/?version=1.3.0","41.78062508","-76.33396754","2010","Bradford","first_internal","","3","","3","other","100","","","10","","10","other","100","","","3","","3","other","100","","","","","","","","","","","","","","","","","","","","","",""
"40.22700727-79.76584348---2010","https://mapsengine.google.com/06136759344167181854-06191489742681286724-4/wms/?version=1.3.0","40.2270072704","-79.765843481","2010","Westmoreland","public","","10","","10","other","100","","","10","","10","other","100","","","","","","","","","","","","","","","","","","","","","","","","","","","","",""
"39.97932722-79.43587266---2010","https://mapsengine.google.com/06136759344167181854-06191489742681286724-4/wms/?version=1.3.0","39.9793272176","-79.4358726598","2010","Fayette","public","","10","","10","other","100","","","10","","10","other","100","","","","","","","","","","","","","","","","","","","","","","","","","","","","",""
"41.94119073-75.46753892---2008","https://mapsengine.google.com/06136759344167181854-00219351362547715467-4/wms/?version=1.3.0","41.9411907348","-75.4675389189","2008","Wayne","final_internal","","3","","3","other","100","","","1","","1","other","100","","","3","","3","other","100","","","3","","3","other","100","","","","","","","","","","","","","","",""
"41.74744278-75.99718282---2005","https://mapsengine.google.com/06136759344167181854-15960346301379896183-4/wms/?version=1.3.0","41.7474427759","-75.9971828236","2005","Susquehanna","final_internal","","3","","3","other","100","","","1","","1","other","100","","","3","","3","other","100","","","3","","3","other","100","","","","","","","","","","","","","","",""
"39.83390855-80.02378004---2010","https://mapsengine.google.com/06136759344167181854-06191489742681286724-4/wms/?version=1.3.0","39.8339085483","-80.0237800383","2010","Greene","public","10","","","10","fracking","100","","10","","","10","fracking","100","","","","","","","","","","","","","","","","","","","","","","","","","","","","",""
"41.88634334-75.66210966---2005","https://mapsengine.google.com/06136759344167181854-15960346301379896183-4/wms/?version=1.3.0","41.8863433405","-75.6621096557","2005","Susquehanna","final_internal","","3","","3","other","100","","","1","","1","other","100","","","3","","3","other","100","","","3","","3","other","100","","","","","","","","","","","","","","",""
"41.77059013-76.86698114---2010","https://mapsengine.google.com/06136759344167181854-06191489742681286724-4/wms/?version=1.3.0","41.77059013","-76.86698114","2010","Bradford","first_internal","","3","","3","other","100","","","11","1","12","other","91","","","3","","3","other","100","","","","","","","","","","","","","","","","","","","","","",""
"40.75763014-79.77638827---2008","https://mapsengine.google.com/06136759344167181854-00219351362547715467-4/wms/?version=1.3.0","40.7576301385","-79.7763882748","2008","Butler","first_internal","","3","","3","other","100","","","2","","2","other","100","","","3","","3","other","100","","","","","","","","","","","","","","","","","","","","","",""
"41.72868329-75.8988162---2010","https://mapsengine.google.com/06136759344167181854-06191489742681286724-4/wms/?version=1.3.0","41.72868329","-75.8988162","2010","Susquehanna","first_internal","","3","","3","other","100","","","10","","10","other","100","","","3","","3","other","100","","","","","","","","","","","","","","","","","","","","","",""
"41.76596568-76.84262626---2005","https://mapsengine.google.com/06136759344167181854-15960346301379896183-4/wms/?version=1.3.0","41.7659656804","-76.8426262608","2005","Bradford","final_internal","","3","","3","other","100","","","1","","1","other","100","","","3","","3","other","100","","","3","","3","other","100","","","","","","","","","","","","","","",""
"41.24900712-76.50148097---2010","https://mapsengine.google.com/06136759344167181854-06191489742681286724-4/wms/?version=1.3.0","41.249007118","-76.5014809699","2010","Lycoming","public","","10","","10","other","100","","","10","","10","other","100","","","","","","","","","","","","","","","","","","","","","","","","","","","","",""
"39.77230817-78.97268128---2008","https://mapsengine.google.com/06136759344167181854-00219351362547715467-4/wms/?version=1.3.0","39.7723081683","-78.9726812794","2008","Somerset","final_internal","","3","","3","other","100","","1","2","","3","other","66","","","","","","","","","","3","","3","other","100","","","","","","","","","","","","","","",""
"41.73257187-77.39506409---2010","https://mapsengine.google.com/06136759344167181854-06191489742681286724-4/wms/?version=1.3.0","41.7325718707","-77.3950640888","2010","Tioga","public","","12","","12","other","100","","","12","","12","other","100","","","","","","","","","","","","","","","","","","","","","","","","","","","","",""
"41.68881912-75.9711051---2010","https://mapsengine.google.com/06136759344167181854-06191489742681286724-4/wms/?version=1.3.0","41.68881912","-75.9711051","2010","Susquehanna","sweeper_internal","1","","","1","fracking","100","","10","","","10","fracking","100","","1","1","1","3","fracking|unknown|other","","33|33|33","","","","","","","","1","","","1","fracking","100","","","","","","","",""
"40.82116996-80.04874497---2008","https://mapsengine.google.com/06136759344167181854-00219351362547715467-4/wms/?version=1.3.0","40.8211699583","-80.0487449701","2008","Butler","first_internal","","3","","3","other","100","","","2","","2","other","100","","","3","","3","other","100","","","","","","","","","","","","","","","","","","","","","",""
"39.87492059-79.94616078---2010","https://mapsengine.google.com/06136759344167181854-06191489742681286724-4/wms/?version=1.3.0","39.8749205905","-79.9461607795","2010","Greene","public","","10","","10","other","100","","","10","","10","other","100","","","","","","","","","","","","","","","","","","","","","","","","","","","","",""
"41.68448375-75.36122932---2005","https://mapsengine.google.com/06136759344167181854-15960346301379896183-4/wms/?version=1.3.0","41.6844837486","-75.3612293185","2005","Wayne","missing_internal","","1","","1","other","100","","","","","","fracking|unknown|other","","","","3","","3","other","100","","","","","","","","","","","","","","","","","1","","1","other","100",""
"41.73292341-77.16503767---2008","https://mapsengine.google.com/06136759344167181854-00219351362547715467-4/wms/?version=1.3.0","41.7329234066","-77.1650376673","2008","Tioga","final_internal","","3","","3","other","100","","","1","","1","other","100","","","","","","","","","","3","","3","other","100","","","","","","","","","","","","","","",""
"41.76837487-75.93341745---2010","https://mapsengine.google.com/06136759344167181854-06191489742681286724-4/wms/?version=1.3.0","41.76837487","-75.93341745","2010","Susquehanna","first_internal","","3","","3","other","100","","","10","","10","other","100","","","3","","3","other","100","","","","","","","","","","","","","","","","","","","","","",""
"39.94748404-80.03260236---2005","https://mapsengine.google.com/06136759344167181854-15960346301379896183-4/wms/?version=1.3.0","39.9474840363","-80.0326023563","2005","Greene","final_internal","","3","","3","other","100","","","1","","1","other","100","","","","","","","","","","3","","3","other","100","","","","","","","","","","","","","","",""
"41.76037184-76.49349952---2005","https://mapsengine.google.com/06136759344167181854-15960346301379896183-4/wms/?version=1.3.0","41.7603718447","-76.493499519","2005","Bradford","final_internal","","3","","3","other","100","","","1","","1","other","100","","","3","","3","other","100","","","3","","3","other","100","","","","","","","","","","","","","","",""
"41.72031446-76.19800269---2010","https://mapsengine.google.com/06136759344167181854-06191489742681286724-4/wms/?version=1.3.0","41.72031446","-76.19800269","2010","Bradford","first_internal","","3","","3","other","100","","","11","","11","other","100","","","3","","3","other","100","","","","","","","","","","","","","","","","","","","","","",""
"39.72151331-79.95975908---2008","https://mapsengine.google.com/06136759344167181854-00219351362547715467-4/wms/?version=1.3.0","39.7215133131","-79.9597590792","2008","Greene","sweeper_internal","","1","","1","other","100","","1","5","4","10","other","50","","","3","","3","other","100","","","","","","","","","","1","","1","other","100","","","","","","","",""
"40.85937927-79.55366639---2010","https://mapsengine.google.com/06136759344167181854-06191489742681286724-4/wms/?version=1.3.0","40.8593792723","-79.5536663875","2010","Armstrong","public","10","","","10","fracking","100","","10","","","10","fracking","100","","","","","","","","","","","","","","","","","","","","","","","","","","","","",""
"41.68496151-76.64919514---2005","https://mapsengine.google.com/06136759344167181854-15960346301379896183-4/wms/?version=1.3.0","41.6849615117","-76.6491951442","2005","Bradford","final_internal","","3","","3","other","100","","","1","","1","other","100","","","3","","3","other","100","","","3","","3","other","100","","","","","","","","","","","","","","",""
"41.98801953-76.94958997---2005","https://mapsengine.google.com/06136759344167181854-15960346301379896183-4/wms/?version=1.3.0","41.9880195343","-76.9495899704","2005","Tioga","final_internal","","3","","3","other","100","","","1","","1","other","100","","","","","","","","","","3","","3","other","100","","","","","","","","","","","","","","",""
"41.70621527-77.40483941---2010","https://mapsengine.google.com/06136759344167181854-06191489742681286724-4/wms/?version=1.3.0","41.7062152704","-77.4048394083","2010","Tioga","sweeper_internal","","1","","1","other","100","","","6","4","10","other","60","","","","","","","","","","","","","","","","","1","","1","other","100","","","","","","","",""
"40.84744071-79.83774308---2008","https://mapsengine.google.com/06136759344167181854-00219351362547715467-4/wms/?version=1.3.0","40.8474407107","-79.8377430846","2008","Butler","first_internal","3","","","3","fracking","100","","2","","","2","fracking","100","","3","","","3","fracking","100","","","","","","","","","","","","","","","","","","","","","",""
"41.73026816-76.00724373---2008","https://mapsengine.google.com/06136759344167181854-00219351362547715467-4/wms/?version=1.3.0","41.7302681647","-76.0072437305","2008","Susquehanna","final_internal","","3","","3","other","100","","","1","","1","other","100","","","3","","3","other","100","","","3","","3","other","100","","","","","","","","","","","","","","",""
"41.74905911-76.78859449---2008","https://mapsengine.google.com/06136759344167181854-00219351362547715467-4/wms/?version=1.3.0","41.7490591141","-76.7885944945","2008","Bradford","final_internal","","3","","3","other","100","","","1","","1","other","100","","","3","","3","other","100","","","3","","3","other","100","","","","","","","","","","","","","","",""
"39.98326474-80.30012456---2008","https://mapsengine.google.com/06136759344167181854-00219351362547715467-4/wms/?version=1.3.0","39.9832647366","-80.3001245606","2008","Greene","first_internal","1","2","","3","other","66","","2","8","","10","other","80","","1","2","","3","other","66","","","","","","","","","","","","","","","","","","","","","",""
"40.28616922-80.30655455---2005","https://mapsengine.google.com/06136759344167181854-15960346301379896183-4/wms/?version=1.3.0","40.286169223","-80.3065545548","2005","Washington","final_internal","","3","","3","other","100","","","1","","1","other","100","","","","","","","","","","3","","3","other","100","","","","","","","","","","","","","","",""
"41.66770778-76.09957954---2010","https://mapsengine.google.com/06136759344167181854-06191489742681286724-4/wms/?version=1.3.0","41.6677077794","-76.0995795435","2010","Susquehanna","sweeper_internal","","1","","1","other","100","","","5","5","10","unknown|other","","50|50","1","3","","4","other","75","","","","","","","","","","1","","1","other","100","","","","","","","",""
"41.45212359-78.26790156---2005","https://mapsengine.google.com/06136759344167181854-15960346301379896183-4/wms/?version=1.3.0","41.4521235877","-78.2679015645","2005","Cameron","final_internal","","3","","3","other","100","","","1","","1","other","100","","","","","","","","","","3","","3","other","100","","","","","","","","","","","","","","",""
"40.11974857-79.79686092---2008","https://mapsengine.google.com/06136759344167181854-00219351362547715467-4/wms/?version=1.3.0","40.1197485678","-79.7968609176","2008","Fayette","first_internal","","3","","3","other","100","","","4","2","6","other","66","","","3","","3","other","100","","","","","","","","","","","","","","","","","","","","","",""
"40.11197217-79.79578341---2008","https://mapsengine.google.com/06136759344167181854-00219351362547715467-4/wms/?version=1.3.0","40.111972167","-79.7957834079","2008","Fayette","first_internal","3","","","3","fracking","100","","10","","","10","fracking","100","","3","","","3","fracking","100","","","","","","","","","","","","","","","","","","","","","",""
"41.59068868-77.97003156---2010","https://mapsengine.google.com/06136759344167181854-06191489742681286724-4/wms/?version=1.3.0","41.5906886756","-77.9700315614","2010","Potter","public","11","","1","12","fracking","91","","11","","1","12","fracking","91","","","","","","","","","","","","","","","","","","","","","","","","","","","","",""
"40.11424687-79.8196924---2010","https://mapsengine.google.com/06136759344167181854-06191489742681286724-4/wms/?version=1.3.0","40.1142468738","-79.8196923994","2010","Fayette","public","1","9","","10","other","90","","1","9","","10","other","90","","","","","","","","","","","","","","","","","","","","","","","","","","","","",""
"41.79145999-76.03536411---2008","https://mapsengine.google.com/06136759344167181854-00219351362547715467-4/wms/?version=1.3.0","41.7914599862","-76.0353641148","2008","Susquehanna","final_internal","","3","","3","other","100","","","1","","1","other","100","","","3","","3","other","100","","","3","","3","other","100","","","","","","","","","","","","","","",""
"40.89080022-79.79236751---2010","https://mapsengine.google.com/06136759344167181854-06191489742681286724-4/wms/?version=1.3.0","40.8908002224","-79.792367505","2010","Butler","public","","12","2","14","other","85","","","12","2","14","other","85","","","","","","","","","","","","","","","","","","","","","","","","","","","","",""
"40.99707725-79.78357451---2005","https://mapsengine.google.com/06136759344167181854-15960346301379896183-4/wms/?version=1.3.0","40.9970772527","-79.7835745083","2005","Butler","final_internal","","3","","3","other","100","","","","1","1","unknown","100","","","","","","","","","","3","","3","other","100","","","","","","","","","","","","","","",""
"41.80541448-78.12685549---2005","https://mapsengine.google.com/06136759344167181854-15960346301379896183-4/wms/?version=1.3.0","41.8054144769","-78.1268554876","2005","Potter","final_internal","","3","","3","other","100","","","1","","1","other","100","","","","","","","","","","3","","3","other","100","","","","","","","","","","","","","","",""
"41.68387266-76.30285981---2008","https://mapsengine.google.com/06136759344167181854-00219351362547715467-4/wms/?version=1.3.0","41.683872659","-76.3028598136","2008","Bradford","final_internal","","3","","3","other","100","","","1","","1","other","100","","","3","","3","other","100","","","3","","3","other","100","","","","","","","","","","","","","","",""
"40.82382044-79.68382445---2005","https://mapsengine.google.com/06136759344167181854-15960346301379896183-4/wms/?version=1.3.0","40.8238204358","-79.6838244518","2005","Armstrong","final_internal","","3","","3","other","100","","1","","","1","fracking","100","","","","","","","","","","3","","3","other","100","","","","","","","","","","","","","","",""
"41.64598674-76.33883985---2008","https://mapsengine.google.com/06136759344167181854-00219351362547715467-4/wms/?version=1.3.0","41.6459867393","-76.3388398481","2008","Bradford","final_internal","","3","","3","other","100","","","1","","1","other","100","","","3","","3","other","100","","","3","","3","other","100","","","","","","","","","","","","","","",""
"41.99617531-77.5425868---2010","https://mapsengine.google.com/06136759344167181854-06191489742681286724-4/wms/?version=1.3.0","41.9961753129","-77.5425868038","2010","Tioga","sweeper_internal","","1","","1","other","100","","4","1","7","12","unknown","58","","","","","","","","","","","","","","","","","1","","1","other","100","","","","","","","",""
"39.93456734-79.83563399---2005","https://mapsengine.google.com/06136759344167181854-15960346301379896183-4/wms/?version=1.3.0","39.9345673421","-79.8356339877","2005","Fayette","final_internal","","4","","4","other","100","","1","","","1","fracking","100","","","","","","","","","","4","","4","other","100","","","","","","","","","","","","","","",""
"41.73117935-76.01594244---2008","https://mapsengine.google.com/06136759344167181854-00219351362547715467-4/wms/?version=1.3.0","41.7311793543","-76.0159424381","2008","Susquehanna","final_internal","","4","","4","other","100","","","1","","1","other","100","","","3","","3","other","100","","","4","","4","other","100","","","","","","","","","","","","","","",""
"41.75177478-76.82889758---2010","https://mapsengine.google.com/06136759344167181854-06191489742681286724-4/wms/?version=1.3.0","41.75177478","-76.82889758","2010","Bradford","first_internal","","3","","3","other","100","","","10","","10","other","100","","","3","","3","other","100","","","","","","","","","","","","","","","","","","","","","",""
"40.18308882-79.72195881---2008","https://mapsengine.google.com/06136759344167181854-00219351362547715467-4/wms/?version=1.3.0","40.1830888237","-79.7219588147","2008","Westmoreland","final_internal","","3","","3","other","100","","1","1","","2","fracking|other","","50|50","","","","","","","","","3","","3","other","100","","","","","","","","","","","","","","",""
"41.71291067-76.08483561---2008","https://mapsengine.google.com/06136759344167181854-00219351362547715467-4/wms/?version=1.3.0","41.7129106652","-76.0848356069","2008","Susquehanna","final_internal","","3","","3","other","100","","","1","","1","other","100","","","3","","3","other","100","","","3","","3","other","100","","","","","","","","","","","","","","",""
"41.84792399-77.08108857---2010","https://mapsengine.google.com/06136759344167181854-06191489742681286724-4/wms/?version=1.3.0","41.8479239909","-77.0810885702","2010","Tioga","public","","8","2","10","other","80","","","8","2","10","other","80","","","","","","","","","","","","","","","","","","","","","","","","","","","","",""
"41.90742518-76.85425415---2010","https://mapsengine.google.com/06136759344167181854-06191489742681286724-4/wms/?version=1.3.0","41.9074251833","-76.8542541488","2010","Bradford","sweeper_internal","","1","","1","other","100","","3","7","","10","other","70","","","1","2","3","unknown","66","","","","","","","","","","1","","1","other","100","","","","","","","",""
"40.81245617-79.57503563---2010","https://mapsengine.google.com/06136759344167181854-06191489742681286724-4/wms/?version=1.3.0","40.8124561673","-79.5750356283","2010","Armstrong","public","9","","1","10","fracking","90","","9","","1","10","fracking","90","","","","","","","","","","","","","","","","","","","","","","","","","","","","",""
"41.76630298-75.97207947---2010","https://mapsengine.google.com/06136759344167181854-06191489742681286724-4/wms/?version=1.3.0","41.76630298","-75.97207947","2010","Susquehanna","first_internal","","3","","3","other","100","","","8","2","10","other","80","","","3","","3","other","100","","","","","","","","","","","","","","","","","","","","","",""
"41.93416959-76.99849541---2008","https://mapsengine.google.com/06136759344167181854-00219351362547715467-4/wms/?version=1.3.0","41.9341695859","-76.9984954125","2008","Tioga","final_internal","","3","","3","other","100","","","1","","1","other","100","","","","","","","","","","3","","3","other","100","","","","","","","","","","","","","","",""
"41.74043805-76.0936553---2005","https://mapsengine.google.com/06136759344167181854-15960346301379896183-4/wms/?version=1.3.0","41.7404380496","-76.0936552958","2005","Susquehanna","final_internal","","3","","3","other","100","","","","1","1","unknown","100","","","3","","3","other","100","","","3","","3","other","100","","","","","","","","","","","","","","",""
"41.76627216-76.84297348---2010","https://mapsengine.google.com/06136759344167181854-06191489742681286724-4/wms/?version=1.3.0","41.76627216","-76.84297348","2010","Bradford","first_internal","","3","","3","other","100","","","15","","15","other","100","","","3","","3","other","100","","","","","","","","","","","","","","","","","","","","","",""
"41.69281002-77.35581367---2010","https://mapsengine.google.com/06136759344167181854-06191489742681286724-4/wms/?version=1.3.0","41.6928100212","-77.3558136655","2010","Tioga","public","","11","","11","other","100","","","11","","11","other","100","","","","","","","","","","","","","","","","","","","","","","","","","","","","",""
"39.94347933-80.02378834---2010","https://mapsengine.google.com/06136759344167181854-06191489742681286724-4/wms/?version=1.3.0","39.9434793348","-80.0237883371","2010","Greene","sweeper_internal","","1","","1","other","100","","4","5","1","10","other","50","","","","","","","","","","","","","","","","","1","","1","other","100","","","","","","","",""
"41.96586125-77.37981446---2010","https://mapsengine.google.com/06136759344167181854-06191489742681286724-4/wms/?version=1.3.0","41.9658612533","-77.3798144642","2010","Tioga","public","","13","","13","other","100","","","13","","13","other","100","","","","","","","","","","","","","","","","","","","","","","","","","","","","",""
"40.78479009-79.99909376---2010","https://mapsengine.google.com/06136759344167181854-06191489742681286724-4/wms/?version=1.3.0","40.7847900861","-79.9990937603","2010","Butler","public","","14","","14","other","100","","","14","","14","other","100","","","","","","","","","","","","","","","","","","","","","","","","","","","","",""
"39.84693887-79.88637279---2005","https://mapsengine.google.com/06136759344167181854-15960346301379896183-4/wms/?version=1.3.0","39.8469388683","-79.8863727906","2005","Fayette","final_internal","","3","","3","other","100","","","","1","1","unknown","100","","","","","","","","","","3","","3","other","100","","","","","","","","","","","","","","",""
"41.79711089-76.22282254---2008","https://mapsengine.google.com/06136759344167181854-00219351362547715467-4/wms/?version=1.3.0","41.7971108861","-76.2228225365","2008","Bradford","final_internal","","3","","3","other","100","","","1","","1","other","100","","","3","","3","other","100","","","3","","3","other","100","","","","","","","","","","","","","","",""
"41.54464173-76.47885331---2005","https://mapsengine.google.com/06136759344167181854-15960346301379896183-4/wms/?version=1.3.0","41.5446417334","-76.4788533109","2005","Sullivan","final_internal","","3","","3","other","100","","","1","","1","other","100","","","3","","3","other","100","","","3","","3","other","100","","","","","","","","","","","","","","",""
"41.66721209-76.16465363---2008","https://mapsengine.google.com/06136759344167181854-00219351362547715467-4/wms/?version=1.3.0","41.6672120901","-76.1646536275","2008","Bradford","final_internal","","3","","3","other","100","","","1","","1","other","100","","","3","","3","other","100","","","3","","3","other","100","","","","","","","","","","","","","","",""
"40.26902757-80.39032403---2010","https://mapsengine.google.com/06136759344167181854-06191489742681286724-4/wms/?version=1.3.0","40.2690275692","-80.3903240281","2010","Washington","sweeper_internal","","1","","1","other","100","","4","3","3","10","fracking","40","","","","","","","","","","","","","","","","","1","","1","other","100","","","","","","","",""
"41.72763115-76.6949434---2010","https://mapsengine.google.com/06136759344167181854-06191489742681286724-4/wms/?version=1.3.0","41.727631152","-76.6949434001","2010","Bradford","sweeper_internal","","1","","1","other","100","","3","9","1","13","other","69","","","2","1","3","other","66","","","","","","","","","","1","","1","other","100","","","","","","","",""
"39.79893288-80.01084218---2005","https://mapsengine.google.com/06136759344167181854-15960346301379896183-4/wms/?version=1.3.0","39.7989328804","-80.010842177","2005","Greene","final_internal","","3","","3","other","100","","","1","","1","other","100","","","","","","","","","","3","","3","other","100","","","","","","","","","","","","","","",""
"40.47782948-79.55961891---2010","https://mapsengine.google.com/06136759344167181854-06191489742681286724-4/wms/?version=1.3.0","40.4778294823","-79.5596189138","2010","Westmoreland","public","","10","","10","other","100","","","10","","10","other","100","","","","","","","","","","","","","","","","","","","","","","","","","","","","",""
"41.95844506-76.86108903---2008","https://mapsengine.google.com/06136759344167181854-00219351362547715467-4/wms/?version=1.3.0","41.9584450633","-76.8610890336","2008","Bradford","final_internal","","3","","3","other","100","","","1","","1","other","100","","","3","","3","other","100","","","3","","3","other","100","","","","","","","","","","","","","","",""
"40.82120463-80.05139274---2010","https://mapsengine.google.com/06136759344167181854-06191489742681286724-4/wms/?version=1.3.0","40.8212046345","-80.0513927427","2010","Butler","public","","19","1","20","other","95","","","19","1","20","other","95","","","","","","","","","","","","","","","","","","","","","","","","","","","","",""
"40.52088996-79.20184224---2008","https://mapsengine.google.com/06136759344167181854-00219351362547715467-4/wms/?version=1.3.0","40.5208899587","-79.2018422388","2008","Indiana","first_internal","","3","","3","other","100","","","1","","1","other","100","","","3","","3","other","100","","","","","","","","","","","","","","","","","","","","","",""
"40.82560488-80.0552502---2010","https://mapsengine.google.com/06136759344167181854-06191489742681286724-4/wms/?version=1.3.0","40.8256048839","-80.0552502034","2010","Butler","public","","13","","13","other","100","","","13","","13","other","100","","","","","","","","","","","","","","","","","","","","","","","","","","","","",""
"41.86293731-76.58471216---2008","https://mapsengine.google.com/06136759344167181854-00219351362547715467-4/wms/?version=1.3.0","41.8629373086","-76.5847121604","2008","Bradford","final_internal","","3","","3","other","100","","","1","","1","other","100","","","3","","3","other","100","","","3","","3","other","100","","","","","","","","","","","","","","",""
"41.87881059-75.89199932---2005","https://mapsengine.google.com/06136759344167181854-15960346301379896183-4/wms/?version=1.3.0","41.8788105919","-75.8919993228","2005","Susquehanna","final_internal","","3","","3","other","100","","","1","","1","other","100","","","3","","3","other","100","","","3","","3","other","100","","","","","","","","","","","","","","",""
"40.75444386-80.03461062---2008","https://mapsengine.google.com/06136759344167181854-00219351362547715467-4/wms/?version=1.3.0","40.7544438631","-80.0346106217","2008","Butler","first_internal","","3","","3","other","100","","","2","","2","other","100","","","3","","3","other","100","","","","","","","","","","","","","","","","","","","","","",""
"41.73692305-77.21335848---2008","https://mapsengine.google.com/06136759344167181854-00219351362547715467-4/wms/?version=1.3.0","41.7369230548","-77.2133584788","2008","Tioga","final_internal","","3","","3","other","100","","","1","","1","other","100","","","","","","","","","","3","","3","other","100","","","","","","","","","","","","","","",""
"40.87971665-79.55812013---2010","https://mapsengine.google.com/06136759344167181854-06191489742681286724-4/wms/?version=1.3.0","40.8797166547","-79.5581201316","2010","Armstrong","public","","9","1","10","other","90","","","9","1","10","other","90","","","","","","","","","","","","","","","","","","","","","","","","","","","","",""
"41.68795183-77.40844072---2010","https://mapsengine.google.com/06136759344167181854-06191489742681286724-4/wms/?version=1.3.0","41.6879518334","-77.4084407205","2010","Tioga","public","10","","1","11","fracking","90","","10","","1","11","fracking","90","","","","","","","","","","","","","","","","","","","","","","","","","","","","",""
"40.82296169-79.67427292---2005","https://mapsengine.google.com/06136759344167181854-15960346301379896183-4/wms/?version=1.3.0","40.8229616863","-79.6742729177","2005","Armstrong","final_internal","","3","","3","other","100","","","1","","1","other","100","","","","","","","","","","3","","3","other","100","","","","","","","","","","","","","","",""
"41.07373757-78.00998374---2010","https://mapsengine.google.com/06136759344167181854-06191489742681286724-4/wms/?version=1.3.0","41.0737375699","-78.0099837402","2010","Centre","public","","12","","12","other","100","","","12","","12","other","100","","","","","","","","","","","","","","","","","","","","","","","","","","","","",""
"41.92896873-75.86193505---2010","https://mapsengine.google.com/06136759344167181854-06191489742681286724-4/wms/?version=1.3.0","41.92896873","-75.86193505","2010","Susquehanna","first_internal","","3","","3","other","100","","","11","","11","other","100","","","3","","3","other","100","","","","","","","","","","","","","","","","","","","","","",""
"41.7104487-76.29887968---2010","https://mapsengine.google.com/06136759344167181854-06191489742681286724-4/wms/?version=1.3.0","41.7104487","-76.29887968","2010","Bradford","first_internal","","2","1","3","other","66","","","12","","12","other","100","","","2","1","3","other","66","","","","","","","","","","","","","","","","","","","","","",""
"40.26300005-80.38837507---2008","https://mapsengine.google.com/06136759344167181854-00219351362547715467-4/wms/?version=1.3.0","40.2630000533","-80.3883750679","2008","Washington","first_internal","3","","","3","fracking","100","","8","","","8","fracking","100","","3","","","3","fracking","100","","","","","","","","","","","","","","","","","","","","","",""
"41.75104931-76.85339637---2008","https://mapsengine.google.com/06136759344167181854-00219351362547715467-4/wms/?version=1.3.0","41.7510493133","-76.8533963698","2008","Bradford","final_internal","1","2","","3","other","66","","","","1","1","unknown","100","","","3","","3","other","100","","1","2","","3","other","66","","","","","","","","","","","","","","",""
"40.89327265-79.51341804---2010","https://mapsengine.google.com/06136759344167181854-06191489742681286724-4/wms/?version=1.3.0","40.893272648","-79.5134180436","2010","Armstrong","public","","10","","10","other","100","","","10","","10","other","100","","","","","","","","","","","","","","","","","","","","","","","","","","","","",""
"39.93693042-79.85862491---2010","https://mapsengine.google.com/06136759344167181854-06191489742681286724-4/wms/?version=1.3.0","39.9369304244","-79.858624908","2010","Fayette","public","1","9","","10","other","90","","1","9","","10","other","90","","","","","","","","","","","","","","","","","","","","","","","","","","","","",""
"41.27987106-76.62507022---2010","https://mapsengine.google.com/06136759344167181854-06191489742681286724-4/wms/?version=1.3.0","41.2798710605","-76.6250702196","2010","Lycoming","public","","12","","12","other","100","","","12","","12","other","100","","","","","","","","","","","","","","","","","","","","","","","","","","","","",""
"39.72552639-80.04259428---2010","https://mapsengine.google.com/06136759344167181854-06191489742681286724-4/wms/?version=1.3.0","39.7255263859","-80.0425942785","2010","Greene","public","10","","","10","fracking","100","","10","","","10","fracking","100","","","","","","","","","","","","","","","","","","","","","","","","","","","","",""
"41.28069749-76.63610041---2010","https://mapsengine.google.com/06136759344167181854-06191489742681286724-4/wms/?version=1.3.0","41.2806974941","-76.6361004107","2010","Lycoming","sweeper_internal","","1","","1","other","100","","1","7","2","10","other","70","","","","","","","","","","","","","","","","","1","","1","other","100","","","","","","","",""
"39.72683375-79.95245844---2010","https://mapsengine.google.com/06136759344167181854-06191489742681286724-4/wms/?version=1.3.0","39.7268337515","-79.9524584356","2010","Greene","public","1","9","","10","other","90","","1","9","","10","other","90","","","","","","","","","","","","","","","","","","","","","","","","","","","","",""
"40.19635838-79.88315608---2008","https://mapsengine.google.com/06136759344167181854-00219351362547715467-4/wms/?version=1.3.0","40.196358382","-79.8831560754","2008","Washington","first_internal","","3","","3","other","100","","","10","","10","other","100","","","3","","3","other","100","","","","","","","","","","","","","","","","","","","","","",""
"41.76922496-76.67122241---2008","https://mapsengine.google.com/06136759344167181854-00219351362547715467-4/wms/?version=1.3.0","41.7692249593","-76.6712224108","2008","Bradford","final_internal","","3","","3","other","100","","","1","","1","other","100","","","3","","3","other","100","","","3","","3","other","100","","","","","","","","","","","","","","",""
"41.89032709-75.41111854---2010","https://mapsengine.google.com/06136759344167181854-06191489742681286724-4/wms/?version=1.3.0","41.89032709","-75.41111854","2010","Wayne","first_internal","","3","","3","other","100","","","9","1","10","other","90","","","3","","3","other","100","","","","","","","","","","","","","","","","","","","","","",""
"41.74830732-76.83733494---2005","https://mapsengine.google.com/06136759344167181854-15960346301379896183-4/wms/?version=1.3.0","41.7483073201","-76.8373349449","2005","Bradford","final_internal","","3","","3","other","100","","","1","","1","other","100","","","3","","3","other","100","","","3","","3","other","100","","","","","","","","","","","","","","",""
"41.88577171-75.89443575---2005","https://mapsengine.google.com/06136759344167181854-15960346301379896183-4/wms/?version=1.3.0","41.8857717106","-75.89443575","2005","Susquehanna","final_internal","","3","","3","other","100","","","1","","1","other","100","","","3","","3","other","100","","","3","","3","other","100","","","","","","","","","","","","","","",""
"40.14498483-80.25994596---2010","https://mapsengine.google.com/06136759344167181854-06191489742681286724-4/wms/?version=1.3.0","40.1449848293","-80.2599459627","2010","Washington","public","","10","","10","other","100","","","10","","10","other","100","","","","","","","","","","","","","","","","","","","","","","","","","","","","",""
"41.82636464-76.64870892---2010","https://mapsengine.google.com/06136759344167181854-06191489742681286724-4/wms/?version=1.3.0","41.82636464","-76.64870892","2010","Bradford","first_internal","","3","","3","other","100","","1","9","","10","other","90","","","3","","3","other","100","","","","","","","","","","","","","","","","","","","","","",""
"41.41902582-78.27365825---2008","https://mapsengine.google.com/06136759344167181854-00219351362547715467-4/wms/?version=1.3.0","41.4190258168","-78.2736582503","2008","Cameron","first_internal","","3","","3","other","100","","1","4","1","6","other","66","","","3","","3","other","100","","","","","","","","","","","","","","","","","","","","","",""
"41.62325618-76.94799355---2008","https://mapsengine.google.com/06136759344167181854-00219351362547715467-4/wms/?version=1.3.0","41.6232561763","-76.9479935458","2008","Tioga","final_internal","","3","","3","other","100","","","1","","1","other","100","","","","","","","","","","3","","3","other","100","","","","","","","","","","","","","","",""
"39.85697959-79.99072879---2008","https://mapsengine.google.com/06136759344167181854-00219351362547715467-4/wms/?version=1.3.0","39.8569795925","-79.9907287865","2008","Greene","sweeper_internal","","1","","1","other","100","","3","5","2","10","other","50","","","2","1","3","other","66","","","","","","","","","","1","","1","other","100","","","","","","","",""
"41.69850381-76.78209696---2008","https://mapsengine.google.com/06136759344167181854-00219351362547715467-4/wms/?version=1.3.0","41.6985038129","-76.7820969646","2008","Bradford","final_internal","","3","","3","other","100","","","1","","1","other","100","","","3","","3","other","100","","","3","","3","other","100","","","","","","","","","","","","","","",""
"40.6769354-79.75033952---2010","https://mapsengine.google.com/06136759344167181854-06191489742681286724-4/wms/?version=1.3.0","40.6769353974","-79.7503395155","2010","Butler","sweeper_internal","1","","","1","fracking","100","","7","10","1","18","other","55","","","","","","","","","","","","","","","","1","","","1","fracking","100","","","","","","","",""
"39.89932121-80.30346621---2008","https://mapsengine.google.com/06136759344167181854-00219351362547715467-4/wms/?version=1.3.0","39.8993212062","-80.3034662131","2008","Greene","sweeper_internal","1","","","1","fracking","100","","1","5","4","10","other","50","","1","","2","3","unknown","66","","","","","","","","","1","","","1","fracking","100","","","","","","","",""
"41.98367908-77.0328315---2010","https://mapsengine.google.com/06136759344167181854-06191489742681286724-4/wms/?version=1.3.0","41.9836790827","-77.0328314997","2010","Tioga","public","","12","","12","other","100","","","12","","12","other","100","","","","","","","","","","","","","","","","","","","","","","","","","","","","",""
"40.45491081-80.34097842---2010","https://mapsengine.google.com/06136759344167181854-06191489742681286724-4/wms/?version=1.3.0","40.4549108141","-80.3409784178","2010","Washington","public","9","","1","10","fracking","90","","9","","1","10","fracking","90","","","","","","","","","","","","","","","","","","","","","","","","","","","","",""
"41.75120729-76.7747057---2005","https://mapsengine.google.com/06136759344167181854-15960346301379896183-4/wms/?version=1.3.0","41.7512072919","-76.7747056985","2005","Bradford","final_internal","","3","","3","other","100","","","1","","1","other","100","","","3","","3","other","100","","","3","","3","other","100","","","","","","","","","","","","","","",""
"41.81083362-76.93858304---2005","https://mapsengine.google.com/06136759344167181854-15960346301379896183-4/wms/?version=1.3.0","41.8108336157","-76.9385830437","2005","Tioga","missing_internal","","1","","1","other","100","","","","","","fracking|unknown|other","","","","","","","","","","","","","","","","","","","","","","","","","1","","1","other","100",""
"41.68135037-76.31065491---2010","https://mapsengine.google.com/06136759344167181854-06191489742681286724-4/wms/?version=1.3.0","41.68135037","-76.31065491","2010","Bradford","sweeper_internal","","1","","1","other","100","","7","1","5","13","fracking","53","","1","1","1","3","fracking|unknown|other","","33|33|33","","","","","","","","","1","","1","other","100","","","","","","","",""
"41.67428084-78.50185395---2005","https://mapsengine.google.com/06136759344167181854-15960346301379896183-4/wms/?version=1.3.0","41.6742808433","-78.5018539488","2005","McKean","final_internal","2","1","","3","fracking","66","","","","1","1","unknown","100","","","","","","","","","2","1","","3","fracking","66","","","","","","","","","","","","","","",""
"41.7972062-76.98152302---2008","https://mapsengine.google.com/06136759344167181854-00219351362547715467-4/wms/?version=1.3.0","41.7972062037","-76.9815230225","2008","Tioga","final_internal","","3","","3","other","100","","","1","","1","other","100","","","","","","","","","","3","","3","other","100","","","","","","","","","","","","","","",""
"41.68955984-76.99563402---2008","https://mapsengine.google.com/06136759344167181854-00219351362547715467-4/wms/?version=1.3.0","41.6895598393","-76.9956340239","2008","Tioga","final_internal","","3","","3","other","100","","","1","","1","other","100","","","","","","","","","","3","","3","other","100","","","","","","","","","","","","","","",""
"40.17496804-80.41127965---2008","https://mapsengine.google.com/06136759344167181854-00219351362547715467-4/wms/?version=1.3.0","40.1749680359","-80.4112796471","2008","Washington","first_internal","","3","","3","other","100","","","7","1","8","other","87","","","3","","3","other","100","","","","","","","","","","","","","","","","","","","","","",""
"39.95041288-79.98659549---2010","https://mapsengine.google.com/06136759344167181854-06191489742681286724-4/wms/?version=1.3.0","39.9504128758","-79.986595494","2010","Greene","public","","10","","10","other","100","","","10","","10","other","100","","","","","","","","","","","","","","","","","","","","","","","","","","","","",""
"41.68468954-75.86998485---2005","https://mapsengine.google.com/06136759344167181854-15960346301379896183-4/wms/?version=1.3.0","41.6846895416","-75.8699848546","2005","Susquehanna","final_internal","","3","","3","other","100","","","1","","1","other","100","","","3","","3","other","100","","","3","","3","other","100","","","","","","","","","","","","","","",""
"40.11564797-79.79977733---2008","https://mapsengine.google.com/06136759344167181854-00219351362547715467-4/wms/?version=1.3.0","40.1156479674","-79.7997773264","2008","Fayette","first_internal","","3","","3","other","100","","4","1","1","6","fracking","66","","","3","","3","other","100","","","","","","","","","","","","","","","","","","","","","",""
"41.78137883-76.11721237---2010","https://mapsengine.google.com/06136759344167181854-06191489742681286724-4/wms/?version=1.3.0","41.78137883","-76.11721237","2010","Susquehanna","first_internal","","3","","3","other","100","","","10","","10","other","100","","","3","","3","other","100","","","","","","","","","","","","","","","","","","","","","",""
"40.67363352-79.74284024---2010","https://mapsengine.google.com/06136759344167181854-06191489742681286724-4/wms/?version=1.3.0","40.6736335207","-79.7428402373","2010","Butler","public","","16","1","17","other","94","","","16","1","17","other","94","","","","","","","","","","","","","","","","","","","","","","","","","","","","",""
"40.17875997-80.40239049---2008","https://mapsengine.google.com/06136759344167181854-00219351362547715467-4/wms/?version=1.3.0","40.1787599667","-80.4023904911","2008","Washington","first_internal","","3","","3","other","100","","2","4","2","8","other","50","","","3","","3","other","100","","","","","","","","","","","","","","","","","","","","","",""
"41.89785015-77.02847049---2010","https://mapsengine.google.com/06136759344167181854-06191489742681286724-4/wms/?version=1.3.0","41.8978501459","-77.0284704863","2010","Tioga","public","","11","","11","other","100","","","11","","11","other","100","","","","","","","","","","","","","","","","","","","","","","","","","","","","",""
"41.97914031-77.57252692---2010","https://mapsengine.google.com/06136759344167181854-06191489742681286724-4/wms/?version=1.3.0","41.9791403111","-77.5725269213","2010","Tioga","public","","11","","11","other","100","","","11","","11","other","100","","","","","","","","","","","","","","","","","","","","","","","","","","","","",""
"40.86690381-79.53453787---2010","https://mapsengine.google.com/06136759344167181854-06191489742681286724-4/wms/?version=1.3.0","40.8669038072","-79.5345378669","2010","Armstrong","public","1","11","","12","other","91","","1","11","","12","other","91","","","","","","","","","","","","","","","","","","","","","","","","","","","","",""
"41.78390408-77.01492501---2005","https://mapsengine.google.com/06136759344167181854-15960346301379896183-4/wms/?version=1.3.0","41.7839040833","-77.0149250096","2005","Tioga","final_internal","","3","","3","other","100","","","1","","1","other","100","","","","","","","","","","3","","3","other","100","","","","","","","","","","","","","","",""
"41.79998273-76.96788332---2010","https://mapsengine.google.com/06136759344167181854-06191489742681286724-4/wms/?version=1.3.0","41.7999827268","-76.9678833219","2010","Tioga","public","8","","2","10","fracking","80","","8","","2","10","fracking","80","","","","","","","","","","","","","","","","","","","","","","","","","","","","",""
"41.70904247-75.89217472---2010","https://mapsengine.google.com/06136759344167181854-06191489742681286724-4/wms/?version=1.3.0","41.709042475","-75.8921747209","2010","Susquehanna","public","","8","2","10","other","80","","","8","2","10","other","80","","","","","","","","","","","","","","","","","","","","","","","","","","","","",""
"41.76449987-76.50003062---2010","https://mapsengine.google.com/06136759344167181854-06191489742681286724-4/wms/?version=1.3.0","41.76449987","-76.50003062","2010","Bradford","first_internal","","3","","3","other","100","","","13","","13","other","100","","","3","","3","other","100","","","","","","","","","","","","","","","","","","","","","",""
"41.56432316-76.99269288---2005","https://mapsengine.google.com/06136759344167181854-15960346301379896183-4/wms/?version=1.3.0","41.5643231608","-76.9926928787","2005","Tioga","missing_internal","","1","","1","other","100","","","","","","fracking|unknown|other","","","","","","","","","","","","","","","","","","","","","","","","","1","","1","other","100",""
"39.72188567-79.96234646---2008","https://mapsengine.google.com/06136759344167181854-00219351362547715467-4/wms/?version=1.3.0","39.7218856675","-79.9623464581","2008","Greene","first_internal","3","","","3","fracking","100","","8","","2","10","fracking","80","","3","","","3","fracking","100","","","","","","","","","","","","","","","","","","","","","",""
"41.78910498-77.13285087---2010","https://mapsengine.google.com/06136759344167181854-06191489742681286724-4/wms/?version=1.3.0","41.7891049769","-77.1328508701","2010","Tioga","sweeper_internal","","1","","1","other","100","","","7","5","12","other","58","","","","","","","","","","","","","","","","","1","","1","other","100","","","","","","","",""
"39.84528856-80.00440523---2008","https://mapsengine.google.com/06136759344167181854-00219351362547715467-4/wms/?version=1.3.0","39.8452885613","-80.0044052304","2008","Greene","first_internal","","2","1","3","other","66","","2","8","","10","other","80","","","2","1","3","other","66","","","","","","","","","","","","","","","","","","","","","",""
"40.44527186-79.07821975---2010","https://mapsengine.google.com/06136759344167181854-06191489742681286724-4/wms/?version=1.3.0","40.4452718585","-79.0782197539","2010","Indiana","public","29","","","29","fracking","100","","29","","","29","fracking","100","","","","","","","","","","","","","","","","","","","","","","","","","","","","",""
"39.73353935-79.98762287---2008","https://mapsengine.google.com/06136759344167181854-00219351362547715467-4/wms/?version=1.3.0","39.733539346","-79.9876228733","2008","Greene","first_internal","3","","","3","fracking","100","","10","","","10","fracking","100","","3","","","3","fracking","100","","","","","","","","","","","","","","","","","","","","","",""
"41.35300556-78.53334145---2010","https://mapsengine.google.com/06136759344167181854-06191489742681286724-4/wms/?version=1.3.0","41.3530055572","-78.5333414515","2010","Elk","sweeper_internal","","1","","1","other","100","","5","3","3","11","fracking","45","","","","","","","","","","","","","","","","","1","","1","other","100","","","","","","","",""
"41.73738366-77.14681388---2008","https://mapsengine.google.com/06136759344167181854-00219351362547715467-4/wms/?version=1.3.0","41.7373836603","-77.1468138791","2008","Tioga","final_internal","","3","","3","other","100","","","1","","1","other","100","","","","","","","","","","3","","3","other","100","","","","","","","","","","","","","","",""
"41.60068968-76.53643663---2010","https://mapsengine.google.com/06136759344167181854-06191489742681286724-4/wms/?version=1.3.0","41.60068968","-76.53643663","2010","Bradford","first_internal","","3","","3","other","100","","","12","1","13","other","92","","","3","","3","other","100","","","","","","","","","","","","","","","","","","","","","",""
"39.94113864-79.86363231---2008","https://mapsengine.google.com/06136759344167181854-00219351362547715467-4/wms/?version=1.3.0","39.9411386446","-79.8636323143","2008","Fayette","first_internal","3","","","3","fracking","100","","10","","","10","fracking","100","","3","","","3","fracking","100","","","","","","","","","","","","","","","","","","","","","",""
"41.7026138-76.42964741---2005","https://mapsengine.google.com/06136759344167181854-15960346301379896183-4/wms/?version=1.3.0","41.702613796","-76.4296474104","2005","Bradford","final_internal","","3","","3","other","100","","","1","","1","other","100","","1","2","","3","other","66","","","3","","3","other","100","","","","","","","","","","","","","","",""
"40.79291467-80.08290389---2005","https://mapsengine.google.com/06136759344167181854-15960346301379896183-4/wms/?version=1.3.0","40.7929146688","-80.0829038858","2005","Butler","final_internal","","3","","3","other","100","","","1","","1","other","100","","","","","","","","","","3","","3","other","100","","","","","","","","","","","","","","",""
"41.70645071-76.08684173---2010","https://mapsengine.google.com/06136759344167181854-06191489742681286724-4/wms/?version=1.3.0","41.70645071","-76.08684173","2010","Susquehanna","first_internal","","3","","3","other","100","","","9","1","10","other","90","","","3","","3","other","100","","","","","","","","","","","","","","","","","","","","","",""
"41.71812951-76.80397527---2010","https://mapsengine.google.com/06136759344167181854-06191489742681286724-4/wms/?version=1.3.0","41.71812951","-76.80397527","2010","Bradford","first_internal","","3","","3","other","100","","1","8","1","10","other","80","","","3","","3","other","100","","","","","","","","","","","","","","","","","","","","","",""
"41.69905495-75.90153051---2010","https://mapsengine.google.com/06136759344167181854-06191489742681286724-4/wms/?version=1.3.0","41.6990549465","-75.9015305084","2010","Susquehanna","sweeper_internal","","1","","1","other","100","","1","7","2","10","other","70","","","3","","3","other","100","","","","","","","","","","1","","1","other","100","","","","","","","",""
"41.58781114-76.99482429---2010","https://mapsengine.google.com/06136759344167181854-06191489742681286724-4/wms/?version=1.3.0","41.5878111402","-76.9948242893","2010","Tioga","public","","10","","10","other","100","","","10","","10","other","100","","","","","","","","","","","","","","","","","","","","","","","","","","","","",""
"39.94309064-78.88790012---2005","https://mapsengine.google.com/06136759344167181854-15960346301379896183-4/wms/?version=1.3.0","39.9430906424","-78.8879001241","2005","Somerset","final_internal","","3","","3","other","100","","","","1","1","unknown","100","","","","","","","","","","3","","3","other","100","","","","","","","","","","","","","","",""
"41.72105278-75.89437128---2005","https://mapsengine.google.com/06136759344167181854-15960346301379896183-4/wms/?version=1.3.0","41.7210527782","-75.8943712788","2005","Susquehanna","final_internal","","3","","3","other","100","","","1","","1","other","100","","","3","","3","other","100","","","3","","3","other","100","","","","","","","","","","","","","","",""
"41.68245508-75.87141683---2008","https://mapsengine.google.com/06136759344167181854-00219351362547715467-4/wms/?version=1.3.0","41.682455082","-75.871416835","2008","Susquehanna","final_internal","","3","","3","other","100","","","1","","1","other","100","","","","","","","","","","3","","3","other","100","","","","","","","","","","","","","","",""
"41.64326134-77.40494844---2010","https://mapsengine.google.com/06136759344167181854-06191489742681286724-4/wms/?version=1.3.0","41.6432613414","-77.404948439","2010","Tioga","public","","11","","11","other","100","","","11","","11","other","100","","","","","","","","","","","","","","","","","","","","","","","","","","","","",""
"40.08243211-79.82528019---2010","https://mapsengine.google.com/06136759344167181854-06191489742681286724-4/wms/?version=1.3.0","40.0824321145","-79.825280194","2010","Fayette","public","","9","1","10","other","90","","","9","1","10","other","90","","","","","","","","","","","","","","","","","","","","","","","","","","","","",""
"41.73005693-75.88404538---2010","https://mapsengine.google.com/06136759344167181854-06191489742681286724-4/wms/?version=1.3.0","41.73005693","-75.88404538","2010","Susquehanna","first_internal","","3","","3","other","100","","","10","1","11","other","90","","","3","","3","other","100","","","","","","","","","","","","","","","","","","","","","",""
"39.72794663-79.99372634---2005","https://mapsengine.google.com/06136759344167181854-15960346301379896183-4/wms/?version=1.3.0","39.7279466314","-79.9937263367","2005","Greene","final_internal","1","2","","3","other","66","","","1","","1","other","100","","","","","","","","","1","2","","3","other","66","","","","","","","","","","","","","","",""
"41.71283928-76.08485057---2010","https://mapsengine.google.com/06136759344167181854-06191489742681286724-4/wms/?version=1.3.0","41.71283928","-76.08485057","2010","Susquehanna","first_internal","","3","","3","other","100","","","10","1","11","other","90","","","3","","3","other","100","","","","","","","","","","","","","","","","","","","","","",""
"41.77347591-75.9470127---2005","https://mapsengine.google.com/06136759344167181854-15960346301379896183-4/wms/?version=1.3.0","41.7734759119","-75.9470126959","2005","Susquehanna","final_internal","","3","","3","other","100","","","1","","1","other","100","","","3","","3","other","100","","","3","","3","other","100","","","","","","","","","","","","","","",""
"41.31761923-76.89523838---2010","https://mapsengine.google.com/06136759344167181854-06191489742681286724-4/wms/?version=1.3.0","41.3176192333","-76.8952383845","2010","Lycoming","public","","9","1","10","other","90","","","9","1","10","other","90","","","","","","","","","","","","","","","","","","","","","","","","","","","","",""
"40.33074265-79.4833682---2008","https://mapsengine.google.com/06136759344167181854-00219351362547715467-4/wms/?version=1.3.0","40.3307426519","-79.4833682006","2008","Westmoreland","final_internal","","4","","4","other","100","","1","","","1","fracking","100","","","","","","","","","","4","","4","other","100","","","","","","","","","","","","","","",""
"41.59054591-76.84643318---2010","https://mapsengine.google.com/06136759344167181854-06191489742681286724-4/wms/?version=1.3.0","41.5905459076","-76.846433182","2010","Lycoming","sweeper_internal","","1","","1","other","100","","1","7","2","10","other","70","","","","","","","","","","","","","","","","","1","","1","other","100","","","","","","","",""
"41.65618267-77.65687022---2010","https://mapsengine.google.com/06136759344167181854-06191489742681286724-4/wms/?version=1.3.0","41.6561826694","-77.6568702157","2010","Potter","public","","9","1","10","other","90","","","9","1","10","other","90","","","","","","","","","","","","","","","","","","","","","","","","","","","","",""
"41.70564983-76.08663572---2008","https://mapsengine.google.com/06136759344167181854-00219351362547715467-4/wms/?version=1.3.0","41.7056498301","-76.0866357185","2008","Susquehanna","final_internal","","3","","3","other","100","","","1","","1","other","100","","","3","","3","other","100","","","3","","3","other","100","","","","","","","","","","","","","","",""
"39.83776958-79.98375538---2010","https://mapsengine.google.com/06136759344167181854-06191489742681286724-4/wms/?version=1.3.0","39.8377695775","-79.9837553797","2010","Greene","sweeper_internal","","1","","1","other","100","","7","2","1","10","fracking","70","","","","","","","","","","","","","","","","","1","","1","other","100","","","","","","","",""
"41.91469039-76.88605984---2005","https://mapsengine.google.com/06136759344167181854-15960346301379896183-4/wms/?version=1.3.0","41.9146903878","-76.8860598404","2005","Bradford","final_internal","","3","","3","other","100","","","1","","1","other","100","","","3","","3","other","100","","","3","","3","other","100","","","","","","","","","","","","","","",""
"40.53153426-79.19951724---2010","https://mapsengine.google.com/06136759344167181854-06191489742681286724-4/wms/?version=1.3.0","40.5315342617","-79.1995172435","2010","Indiana","public","2","9","","11","other","81","","2","9","","11","other","81","","","","","","","","","","","","","","","","","","","","","","","","","","","","",""
"39.91934092-79.97874957---2010","https://mapsengine.google.com/06136759344167181854-06191489742681286724-4/wms/?version=1.3.0","39.9193409179","-79.9787495688","2010","Greene","sweeper_internal","1","","","1","fracking","100","","3","4","3","10","other","40","","","","","","","","","","","","","","","","1","","","1","fracking","100","","","","","","","",""
"40.17859695-79.72257177---2010","https://mapsengine.google.com/06136759344167181854-06191489742681286724-4/wms/?version=1.3.0","40.1785969475","-79.7225717682","2010","Westmoreland","public","","11","","11","other","100","","","11","","11","other","100","","","","","","","","","","","","","","","","","","","","","","","","","","","","",""
"41.65835797-75.67505133---2008","https://mapsengine.google.com/06136759344167181854-00219351362547715467-4/wms/?version=1.3.0","41.6583579668","-75.6750513253","2008","Susquehanna","final_internal","","3","","3","other","100","","","1","","1","other","100","","","3","","3","other","100","","","3","","3","other","100","","","","","","","","","","","","","","",""
"41.78896634-76.31195102---2005","https://mapsengine.google.com/06136759344167181854-15960346301379896183-4/wms/?version=1.3.0","41.7889663437","-76.3119510172","2005","Bradford","final_internal","","3","","3","other","100","","","1","","1","other","100","","","3","","3","other","100","","","3","","3","other","100","","","","","","","","","","","","","","",""
"41.71643084-76.42963815---2005","https://mapsengine.google.com/06136759344167181854-15960346301379896183-4/wms/?version=1.3.0","41.7164308375","-76.429638151","2005","Bradford","final_internal","","3","","3","other","100","","","1","","1","other","100","","","3","","3","other","100","","","3","","3","other","100","","","","","","","","","","","","","","",""
"41.70020124-76.43943583---2010","https://mapsengine.google.com/06136759344167181854-06191489742681286724-4/wms/?version=1.3.0","41.70020124","-76.43943583","2010","Bradford","first_internal","","3","","3","other","100","","","10","","10","other","100","","","3","","3","other","100","","","","","","","","","","","","","","","","","","","","","",""
"41.68814647-77.52782741---2010","https://mapsengine.google.com/06136759344167181854-06191489742681286724-4/wms/?version=1.3.0","41.6881464744","-77.5278274121","2010","Tioga","sweeper_internal","","1","","1","other","100","","8","","3","11","fracking","72","","","","","","","","","","","","","","","","","1","","1","other","100","","","","","","","",""
"41.85843129-76.70309585---2010","https://mapsengine.google.com/06136759344167181854-06191489742681286724-4/wms/?version=1.3.0","41.85843129","-76.70309585","2010","Bradford","first_internal","","3","","3","other","100","","","11","","11","other","100","","","3","","3","other","100","","","","","","","","","","","","","","","","","","","","","",""
"41.4599468-76.40325542---2008","https://mapsengine.google.com/06136759344167181854-00219351362547715467-4/wms/?version=1.3.0","41.4599467964","-76.4032554168","2008","Sullivan","final_internal","","3","","3","other","100","","","1","","1","other","100","","","3","","3","other","100","","","3","","3","other","100","","","","","","","","","","","","","","",""
"41.97161413-77.0433198---2010","https://mapsengine.google.com/06136759344167181854-06191489742681286724-4/wms/?version=1.3.0","41.9716141268","-77.0433198004","2010","Tioga","public","","11","","11","other","100","","","11","","11","other","100","","","","","","","","","","","","","","","","","","","","","","","","","","","","",""
"41.91327885-75.80673925---2010","https://mapsengine.google.com/06136759344167181854-06191489742681286724-4/wms/?version=1.3.0","41.91327885","-75.80673925","2010","Susquehanna","first_internal","","3","","3","other","100","","","10","","10","other","100","","","3","","3","other","100","","","","","","","","","","","","","","","","","","","","","",""
"41.93616693-77.0683392---2005","https://mapsengine.google.com/06136759344167181854-15960346301379896183-4/wms/?version=1.3.0","41.9361669317","-77.0683392027","2005","Tioga","final_internal","","3","","3","other","100","","","1","","1","other","100","","","","","","","","","","3","","3","other","100","","","","","","","","","","","","","","",""
"41.77561367-76.21310365---2010","https://mapsengine.google.com/06136759344167181854-06191489742681286724-4/wms/?version=1.3.0","41.77561367","-76.21310365","2010","Bradford","first_internal","","3","","3","other","100","","","10","","10","other","100","","","3","","3","other","100","","","","","","","","","","","","","","","","","","","","","",""
"41.7734749-76.99816577---2010","https://mapsengine.google.com/06136759344167181854-06191489742681286724-4/wms/?version=1.3.0","41.7734748968","-76.9981657651","2010","Tioga","sweeper_internal","1","","","1","fracking","100","","3","2","6","11","unknown","54","","","","","","","","","","","","","","","","1","","","1","fracking","100","","","","","","","",""
"41.58751814-76.86065433---2010","https://mapsengine.google.com/06136759344167181854-06191489742681286724-4/wms/?version=1.3.0","41.5875181405","-76.8606543296","2010","Lycoming","sweeper_internal","1","","","1","fracking","100","","1","7","3","11","other","63","","","","","","","","","","","","","","","","1","","","1","fracking","100","","","","","","","",""
"41.89047411-75.93644467---2010","https://mapsengine.google.com/06136759344167181854-06191489742681286724-4/wms/?version=1.3.0","41.89047411","-75.93644467","2010","Susquehanna","first_internal","","3","","3","other","100","","","9","1","10","other","90","","","3","","3","other","100","","","","","","","","","","","","","","","","","","","","","",""
"41.3532588-78.54566464---2008","https://mapsengine.google.com/06136759344167181854-00219351362547715467-4/wms/?version=1.3.0","41.3532588007","-78.5456646374","2008","Elk","first_internal","","3","","3","other","100","","1","","","1","fracking","100","","","3","","3","other","100","","","","","","","","","","","","","","","","","","","","","",""
"41.47455172-78.91649053---2008","https://mapsengine.google.com/06136759344167181854-00219351362547715467-4/wms/?version=1.3.0","41.4745517176","-78.9164905329","2008","Elk","first_internal","","3","","3","other","100","","","1","","1","other","100","","","3","","3","other","100","","","","","","","","","","","","","","","","","","","","","",""
"39.73164162-79.79946946---2008","https://mapsengine.google.com/06136759344167181854-00219351362547715467-4/wms/?version=1.3.0","39.7316416167","-79.799469463","2008","Fayette","sweeper_internal","","1","","1","other","100","","","5","5","10","unknown|other","","50|50","","2","1","3","other","66","","","","","","","","","","1","","1","other","100","","","","","","","",""
"40.26135241-80.35245006---2008","https://mapsengine.google.com/06136759344167181854-00219351362547715467-4/wms/?version=1.3.0","40.2613524098","-80.3524500557","2008","Washington","first_internal","","3","","3","other","100","","","10","","10","other","100","","","3","","3","other","100","","","","","","","","","","","","","","","","","","","","","",""
"41.19514547-77.68734496---2010","https://mapsengine.google.com/06136759344167181854-06191489742681286724-4/wms/?version=1.3.0","41.1951454709","-77.687344958","2010","Clinton","public","11","","","11","fracking","100","","11","","","11","fracking","100","","","","","","","","","","","","","","","","","","","","","","","","","","","","",""
"41.25498875-76.6442983---2010","https://mapsengine.google.com/06136759344167181854-06191489742681286724-4/wms/?version=1.3.0","41.2549887477","-76.6442982968","2010","Lycoming","sweeper_internal","","1","","1","other","100","","9","2","2","13","fracking","69","","","","","","","","","","","","","","","","","1","","1","other","100","","","","","","","",""
"40.43423571-79.07618596---2010","https://mapsengine.google.com/06136759344167181854-06191489742681286724-4/wms/?version=1.3.0","40.4342357111","-79.0761859631","2010","Indiana","sweeper_internal","1","","","1","fracking","100","","23","2","5","30","fracking","76","","","","","","","","","","","","","","","","1","","","1","fracking","100","","","","","","","",""
"41.78055945-76.11088432---2008","https://mapsengine.google.com/06136759344167181854-00219351362547715467-4/wms/?version=1.3.0","41.7805594462","-76.1108843194","2008","Susquehanna","final_internal","","3","","3","other","100","","","1","","1","other","100","","","2","1","3","other","66","","","3","","3","other","100","","","","","","","","","","","","","","",""
"39.86872071-80.06421686---2010","https://mapsengine.google.com/06136759344167181854-06191489742681286724-4/wms/?version=1.3.0","39.8687207072","-80.0642168601","2010","Greene","public","","10","","10","other","100","","","10","","10","other","100","","","","","","","","","","","","","","","","","","","","","","","","","","","","",""
"41.78197232-76.98767493---2005","https://mapsengine.google.com/06136759344167181854-15960346301379896183-4/wms/?version=1.3.0","41.7819723248","-76.9876749339","2005","Tioga","missing_internal","","1","","1","other","100","","","","","","fracking|unknown|other","","","","","","","","","","","","","","","","","","","","","","","","","1","","1","other","100",""
"41.73984411-76.0361787---2010","https://mapsengine.google.com/06136759344167181854-06191489742681286724-4/wms/?version=1.3.0","41.73984411","-76.0361787","2010","Susquehanna","first_internal","","3","","3","other","100","","","12","1","13","other","92","","","3","","3","other","100","","","","","","","","","","","","","","","","","","","","","",""
"41.70604459-76.80603804---2010","https://mapsengine.google.com/06136759344167181854-06191489742681286724-4/wms/?version=1.3.0","41.70604459","-76.80603804","2010","Bradford","first_internal","","3","","3","other","100","","","11","","11","other","100","","","3","","3","other","100","","","","","","","","","","","","","","","","","","","","","",""
"40.17612061-80.40696366---2010","https://mapsengine.google.com/06136759344167181854-06191489742681286724-4/wms/?version=1.3.0","40.1761206093","-80.4069636555","2010","Washington","public","1","9","","10","other","90","","1","9","","10","other","90","","","","","","","","","","","","","","","","","","","","","","","","","","","","",""
"41.70076719-75.9393201---2005","https://mapsengine.google.com/06136759344167181854-15960346301379896183-4/wms/?version=1.3.0","41.700767191","-75.9393201035","2005","Susquehanna","final_internal","","2","1","3","other","66","","","1","","1","other","100","","","","3","3","unknown","100","","","2","1","3","other","66","","","","","","","","","","","","","","",""
"41.70368184-75.88149851---2010","https://mapsengine.google.com/06136759344167181854-06191489742681286724-4/wms/?version=1.3.0","41.7036818392","-75.8814985073","2010","Susquehanna","sweeper_internal","","1","","1","other","100","","1","7","3","11","other","63","","","1","2","3","unknown","66","","","","","","","","","","1","","1","other","100","","","","","","","",""
"41.84497379-77.08372251---2008","https://mapsengine.google.com/06136759344167181854-00219351362547715467-4/wms/?version=1.3.0","41.8449737897","-77.0837225138","2008","Tioga","final_internal","","3","","3","other","100","","","1","","1","other","100","","","","","","","","","","3","","3","other","100","","","","","","","","","","","","","","",""
"39.90667426-80.0186854---2008","https://mapsengine.google.com/06136759344167181854-00219351362547715467-4/wms/?version=1.3.0","39.9066742646","-80.0186854015","2008","Greene","sweeper_internal","","1","","1","other","100","","5","4","1","10","fracking","50","","2","1","","3","fracking","66","","","","","","","","","","1","","1","other","100","","","","","","","",""
"39.80841295-79.52623359---2008","https://mapsengine.google.com/06136759344167181854-00219351362547715467-4/wms/?version=1.3.0","39.8084129543","-79.5262335909","2008","Fayette","first_internal","","3","","3","other","100","","","6","","6","other","100","","","3","","3","other","100","","","","","","","","","","","","","","","","","","","","","",""
"41.88491092-76.10579435---2010","https://mapsengine.google.com/06136759344167181854-06191489742681286724-4/wms/?version=1.3.0","41.88491092","-76.10579435","2010","Susquehanna","first_internal","3","","","3","fracking","100","","9","","1","10","fracking","90","","3","","","3","fracking","100","","","","","","","","","","","","","","","","","","","","","",""
"41.06715894-77.90978563---2005","https://mapsengine.google.com/06136759344167181854-15960346301379896183-4/wms/?version=1.3.0","41.0671589404","-77.9097856316","2005","Centre","missing_internal","","1","","1","other","100","","","","","","fracking|unknown|other","","","","","","","","","","","","","","","","","","","","","","","","","1","","1","other","100",""
"41.86172541-76.02244516---2010","https://mapsengine.google.com/06136759344167181854-06191489742681286724-4/wms/?version=1.3.0","41.8617254053","-76.0224451613","2010","Susquehanna","sweeper_internal","","1","","1","other","100","","","8","3","11","other","72","","","3","","3","other","100","","","","","","","","","","1","","1","other","100","","","","","","","",""
"40.99932897-78.86291704---2008","https://mapsengine.google.com/06136759344167181854-00219351362547715467-4/wms/?version=1.3.0","40.9993289723","-78.8629170378","2008","Jefferson","first_internal","","3","","3","other","100","","1","9","","10","other","90","","","3","","3","other","100","","","","","","","","","","","","","","","","","","","","","",""
"40.52424585-79.19726982---2010","https://mapsengine.google.com/06136759344167181854-06191489742681286724-4/wms/?version=1.3.0","40.5242458543","-79.1972698182","2010","Indiana","sweeper_internal","","1","","1","other","100","","2","5","4","11","other","45","","","","","","","","","","","","","","","","","1","","1","other","100","","","","","","","",""
"41.75887584-76.98657855---2010","https://mapsengine.google.com/06136759344167181854-06191489742681286724-4/wms/?version=1.3.0","41.7588758407","-76.9865785518","2010","Tioga","public","","11","","11","other","100","","","11","","11","other","100","","","","","","","","","","","","","","","","","","","","","","","","","","","","",""
"39.92281871-79.97654739---2008","https://mapsengine.google.com/06136759344167181854-00219351362547715467-4/wms/?version=1.3.0","39.9228187145","-79.9765473866","2008","Greene","sweeper_internal","","1","","1","other","100","","3","5","2","10","other","50","","1","2","","3","other","66","","","","","","","","","","1","","1","other","100","","","","","","","",""
"41.68220032-75.90563829---2010","https://mapsengine.google.com/06136759344167181854-06191489742681286724-4/wms/?version=1.3.0","41.68220032","-75.90563829","2010","Susquehanna","first_internal","","3","","3","other","100","","","11","1","12","other","91","","","3","","3","other","100","","","","","","","","","","","","","","","","","","","","","",""
"41.45924333-76.39498998---2005","https://mapsengine.google.com/06136759344167181854-15960346301379896183-4/wms/?version=1.3.0","41.4592433331","-76.3949899845","2005","Sullivan","final_internal","","3","","3","other","100","","","","1","1","unknown","100","","","3","","3","other","100","","","3","","3","other","100","","","","","","","","","","","","","","",""
"41.63729639-78.37013679---2008","https://mapsengine.google.com/06136759344167181854-00219351362547715467-4/wms/?version=1.3.0","41.6372963916","-78.370136787","2008","McKean","first_internal","","3","","3","other","100","","2","4","2","8","other","50","","","3","","3","other","100","","","","","","","","","","","","","","","","","","","","","",""
"41.60200507-76.08208704---2008","https://mapsengine.google.com/06136759344167181854-00219351362547715467-4/wms/?version=1.3.0","41.6020050702","-76.0820870362","2008","Wyoming","final_internal","","4","","4","other","100","","","1","","1","other","100","","","3","","3","other","100","","","4","","4","other","100","","","","","","","","","","","","","","",""
"40.88106432-79.26241334---2005","https://mapsengine.google.com/06136759344167181854-15960346301379896183-4/wms/?version=1.3.0","40.8810643185","-79.262413343","2005","Armstrong","final_internal","","3","","3","other","100","","","1","","1","other","100","","","","","","","","","","3","","3","other","100","","","","","","","","","","","","","","",""
"39.72796005-79.99371313---2008","https://mapsengine.google.com/06136759344167181854-00219351362547715467-4/wms/?version=1.3.0","39.7279600531","-79.9937131348","2008","Greene","first_internal","","3","","3","other","100","","","9","1","10","other","90","","","3","","3","other","100","","","","","","","","","","","","","","","","","","","","","",""
"41.78772564-76.98255294---2010","https://mapsengine.google.com/06136759344167181854-06191489742681286724-4/wms/?version=1.3.0","41.7877256394","-76.9825529382","2010","Tioga","public","","10","","10","other","100","","","10","","10","other","100","","","","","","","","","","","","","","","","","","","","","","","","","","","","",""
"41.60293966-76.08141722---2008","https://mapsengine.google.com/06136759344167181854-00219351362547715467-4/wms/?version=1.3.0","41.6029396562","-76.081417218","2008","Wyoming","final_internal","","3","","3","other","100","","","1","","1","other","100","","","2","1","3","other","66","","","3","","3","other","100","","","","","","","","","","","","","","",""
"41.71289079-76.10142839---2008","https://mapsengine.google.com/06136759344167181854-00219351362547715467-4/wms/?version=1.3.0","41.7128907911","-76.1014283873","2008","Susquehanna","final_internal","","3","","3","other","100","","","1","","1","other","100","","","3","","3","other","100","","","3","","3","other","100","","","","","","","","","","","","","","",""
"41.77568849-76.87821238---2010","https://mapsengine.google.com/06136759344167181854-06191489742681286724-4/wms/?version=1.3.0","41.77568849","-76.87821238","2010","Bradford","first_internal","","3","","3","other","100","","","10","","10","other","100","","","3","","3","other","100","","","","","","","","","","","","","","","","","","","","","",""
"41.69634677-75.91497579---2010","https://mapsengine.google.com/06136759344167181854-06191489742681286724-4/wms/?version=1.3.0","41.69634677","-75.91497579","2010","Susquehanna","first_internal","","3","","3","other","100","","","9","1","10","other","90","","","3","","3","other","100","","","","","","","","","","","","","","","","","","","","","",""
"39.75206518-79.88181641---2010","https://mapsengine.google.com/06136759344167181854-06191489742681286724-4/wms/?version=1.3.0","39.7520651818","-79.8818164144","2010","Fayette","public","1","9","","10","other","90","","1","9","","10","other","90","","","","","","","","","","","","","","","","","","","","","","","","","","","","",""
"41.65845282-75.95853943---2008","https://mapsengine.google.com/06136759344167181854-00219351362547715467-4/wms/?version=1.3.0","41.6584528226","-75.9585394287","2008","Susquehanna","final_internal","","3","","3","other","100","","","1","","1","other","100","","","3","","3","other","100","","","3","","3","other","100","","","","","","","","","","","","","","",""
"41.68384537-75.96836073---2005","https://mapsengine.google.com/06136759344167181854-15960346301379896183-4/wms/?version=1.3.0","41.6838453748","-75.9683607279","2005","Susquehanna","final_internal","","3","","3","other","100","","","1","","1","other","100","","","3","","3","other","100","","","3","","3","other","100","","","","","","","","","","","","","","",""
"40.23321945-79.75841873---2008","https://mapsengine.google.com/06136759344167181854-00219351362547715467-4/wms/?version=1.3.0","40.2332194467","-79.7584187302","2008","Westmoreland","final_internal","","3","","3","other","100","","1","","","1","fracking","100","","","","","","","","","","3","","3","other","100","","","","","","","","","","","","","","",""
"41.71396158-75.8993193---2008","https://mapsengine.google.com/06136759344167181854-00219351362547715467-4/wms/?version=1.3.0","41.7139615774","-75.8993192969","2008","Susquehanna","final_internal","","3","","3","other","100","","","1","","1","other","100","","","3","","3","other","100","","","3","","3","other","100","","","","","","","","","","","","","","",""
"40.32585444-79.48642557---2008","https://mapsengine.google.com/06136759344167181854-00219351362547715467-4/wms/?version=1.3.0","40.3258544383","-79.4864255692","2008","Westmoreland","final_internal","","3","","3","other","100","","","","1","1","unknown","100","","","","","","","","","","3","","3","other","100","","","","","","","","","","","","","","",""
"40.87700229-79.5167332---2005","https://mapsengine.google.com/06136759344167181854-15960346301379896183-4/wms/?version=1.3.0","40.8770022898","-79.5167331979","2005","Armstrong","final_internal","","3","","3","other","100","","","1","","1","other","100","","","","","","","","","","3","","3","other","100","","","","","","","","","","","","","","",""
"41.58054745-77.05991945---2008","https://mapsengine.google.com/06136759344167181854-00219351362547715467-4/wms/?version=1.3.0","41.5805474479","-77.0599194499","2008","Tioga","final_internal","","3","","3","other","100","","","1","","1","other","100","","","","","","","","","","3","","3","other","100","","","","","","","","","","","","","","",""
"41.19691565-79.21378532---2005","https://mapsengine.google.com/06136759344167181854-15960346301379896183-4/wms/?version=1.3.0","41.196915653","-79.2137853217","2005","Clarion","final_internal","","3","","3","other","100","","","","1","1","unknown","100","","","","","","","","","","3","","3","other","100","","","","","","","","","","","","","","",""
"40.21706055-79.70281147---2010","https://mapsengine.google.com/06136759344167181854-06191489742681286724-4/wms/?version=1.3.0","40.2170605477","-79.7028114711","2010","Westmoreland","public","10","","","10","fracking","100","","10","","","10","fracking","100","","","","","","","","","","","","","","","","","","","","","","","","","","","","",""
"41.22653806-78.71479918---2010","https://mapsengine.google.com/06136759344167181854-06191489742681286724-4/wms/?version=1.3.0","41.2265380551","-78.7147991841","2010","Jefferson","sweeper_internal","","1","","1","other","100","","4","4","2","10","fracking|other","","40|40","","","","","","","","","","","","","","","","1","","1","other","100","","","","","","","",""
"40.20626126-80.36522288---2005","https://mapsengine.google.com/06136759344167181854-15960346301379896183-4/wms/?version=1.3.0","40.2062612631","-80.365222881","2005","Washington","final_internal","","3","","3","other","100","","","1","","1","other","100","","","","","","","","","","3","","3","other","100","","","","","","","","","","","","","","",""
"40.74787778-79.50736836---2010","https://mapsengine.google.com/06136759344167181854-06191489742681286724-4/wms/?version=1.3.0","40.7478777845","-79.5073683648","2010","Armstrong","public","10","","","10","fracking","100","","10","","","10","fracking","100","","","","","","","","","","","","","","","","","","","","","","","","","","","","",""
"39.947476-80.08751166---2010","https://mapsengine.google.com/06136759344167181854-06191489742681286724-4/wms/?version=1.3.0","39.9474759954","-80.0875116565","2010","Greene","public","","9","1","10","other","90","","","9","1","10","other","90","","","","","","","","","","","","","","","","","","","","","","","","","","","","",""
"41.74139532-76.65219358---2010","https://mapsengine.google.com/06136759344167181854-06191489742681286724-4/wms/?version=1.3.0","41.74139532","-76.65219358","2010","Bradford","first_internal","","3","","3","other","100","","","10","","10","other","100","","","3","","3","other","100","","","","","","","","","","","","","","","","","","","","","",""
"40.75675129-79.84038136---2010","https://mapsengine.google.com/06136759344167181854-06191489742681286724-4/wms/?version=1.3.0","40.756751294","-79.8403813649","2010","Butler","public","","13","1","14","other","92","","","13","1","14","other","92","","","","","","","","","","","","","","","","","","","","","","","","","","","","",""
"41.68004013-76.04587979---2005","https://mapsengine.google.com/06136759344167181854-15960346301379896183-4/wms/?version=1.3.0","41.6800401322","-76.0458797893","2005","Susquehanna","final_internal","","3","","3","other","100","","","1","","1","other","100","","","3","","3","other","100","","","3","","3","other","100","","","","","","","","","","","","","","",""
"40.80780526-80.0448666---2008","https://mapsengine.google.com/06136759344167181854-00219351362547715467-4/wms/?version=1.3.0","40.807805257","-80.0448665971","2008","Butler","first_internal","","3","","3","other","100","","","2","","2","other","100","","","3","","3","other","100","","","","","","","","","","","","","","","","","","","","","",""
"41.70385106-75.86107167---2010","https://mapsengine.google.com/06136759344167181854-06191489742681286724-4/wms/?version=1.3.0","41.70385106","-75.86107167","2010","Susquehanna","first_internal","","3","","3","other","100","","","10","","10","other","100","","","3","","3","other","100","","","","","","","","","","","","","","","","","","","","","",""
"41.63734605-78.29997535---2010","https://mapsengine.google.com/06136759344167181854-06191489742681286724-4/wms/?version=1.3.0","41.6373460493","-78.2999753501","2010","McKean","public","9","","1","10","fracking","90","","9","","1","10","fracking","90","","","","","","","","","","","","","","","","","","","","","","","","","","","","",""
"41.7722092-79.46198552---2010","https://mapsengine.google.com/06136759344167181854-06191489742681286724-4/wms/?version=1.3.0","41.7722092004","-79.4619855215","2010","Warren","public","","9","1","10","other","90","","","9","1","10","other","90","","","","","","","","","","","","","","","","","","","","","","","","","","","","",""
"39.73219848-79.96015176---2008","https://mapsengine.google.com/06136759344167181854-00219351362547715467-4/wms/?version=1.3.0","39.7321984829","-79.9601517603","2008","Greene","first_internal","","3","","3","other","100","","1","10","","11","other","90","","","3","","3","other","100","","","","","","","","","","","","","","","","","","","","","",""
"40.28626161-79.70832517---2008","https://mapsengine.google.com/06136759344167181854-00219351362547715467-4/wms/?version=1.3.0","40.2862616134","-79.7083251749","2008","Westmoreland","first_internal","","4","","4","other","100","","","1","","1","other","100","","","4","","4","other","100","","","","","","","","","","","","","","","","","","","","","",""
"40.39611387-79.27663991---2005","https://mapsengine.google.com/06136759344167181854-15960346301379896183-4/wms/?version=1.3.0","40.3961138659","-79.2766399112","2005","Westmoreland","final_internal","","3","","3","other","100","","","","1","1","unknown","100","","","","","","","","","","3","","3","other","100","","","","","","","","","","","","","","",""
"39.92175539-80.04260862---2008","https://mapsengine.google.com/06136759344167181854-00219351362547715467-4/wms/?version=1.3.0","39.9217553901","-80.0426086166","2008","Greene","sweeper_internal","","1","","1","other","100","","6","","4","10","fracking","60","","2","","1","3","fracking","66","","","","","","","","","","1","","1","other","100","","","","","","","",""
"41.73330823-75.88810649---2010","https://mapsengine.google.com/06136759344167181854-06191489742681286724-4/wms/?version=1.3.0","41.73330823","-75.88810649","2010","Susquehanna","first_internal","","3","","3","other","100","","","9","2","11","other","81","","","3","","3","other","100","","","","","","","","","","","","","","","","","","","","","",""
"41.68992962-76.78241424---2008","https://mapsengine.google.com/06136759344167181854-00219351362547715467-4/wms/?version=1.3.0","41.6899296166","-76.7824142434","2008","Bradford","final_internal","","3","","3","other","100","","","1","","1","other","100","","","3","","3","other","100","","","3","","3","other","100","","","","","","","","","","","","","","",""
"40.38186799-79.50495368---2005","https://mapsengine.google.com/06136759344167181854-15960346301379896183-4/wms/?version=1.3.0","40.3818679856","-79.5049536782","2005","Westmoreland","final_internal","","3","","3","other","100","","","1","","1","other","100","","","","","","","","","","3","","3","other","100","","","","","","","","","","","","","","",""
"41.69879618-76.7283294---2010","https://mapsengine.google.com/06136759344167181854-06191489742681286724-4/wms/?version=1.3.0","41.69879618","-76.7283294","2010","Bradford","first_internal","","3","","3","other","100","","","9","1","10","other","90","","","3","","3","other","100","","","","","","","","","","","","","","","","","","","","","",""
"39.90312273-79.99448563---2005","https://mapsengine.google.com/06136759344167181854-15960346301379896183-4/wms/?version=1.3.0","39.9031227304","-79.9944856305","2005","Greene","final_internal","","3","","3","other","100","","","1","","1","other","100","","","","","","","","","","3","","3","other","100","","","","","","","","","","","","","","",""
"41.749308-76.73709483---2010","https://mapsengine.google.com/06136759344167181854-06191489742681286724-4/wms/?version=1.3.0","41.749308","-76.73709483","2010","Bradford","first_internal","","3","","3","other","100","","","14","","14","other","100","","","3","","3","other","100","","","","","","","","","","","","","","","","","","","","","",""
"41.27951477-76.33366457---2005","https://mapsengine.google.com/06136759344167181854-15960346301379896183-4/wms/?version=1.3.0","41.2795147679","-76.3336645679","2005","Columbia","final_internal","","3","","3","other","100","","","1","","1","other","100","","","3","","3","other","100","","","3","","3","other","100","","","","","","","","","","","","","","",""
"41.69696662-76.44292298---2008","https://mapsengine.google.com/06136759344167181854-00219351362547715467-4/wms/?version=1.3.0","41.6969666164","-76.4429229806","2008","Bradford","final_internal","","3","","3","other","100","","","1","","1","other","100","","","3","","3","other","100","","","3","","3","other","100","","","","","","","","","","","","","","",""
"40.87889949-79.52514876---2005","https://mapsengine.google.com/06136759344167181854-15960346301379896183-4/wms/?version=1.3.0","40.8788994886","-79.5251487646","2005","Armstrong","final_internal","","3","","3","other","100","","","1","","1","other","100","","","","","","","","","","3","","3","other","100","","","","","","","","","","","","","","",""
"39.96329525-79.6971493---2010","https://mapsengine.google.com/06136759344167181854-06191489742681286724-4/wms/?version=1.3.0","39.9632952477","-79.6971492989","2010","Fayette","public","","8","2","10","other","80","","","8","2","10","other","80","","","","","","","","","","","","","","","","","","","","","","","","","","","","",""
"41.91377271-76.88990501---2010","https://mapsengine.google.com/06136759344167181854-06191489742681286724-4/wms/?version=1.3.0","41.9137727147","-76.8899050133","2010","Bradford","sweeper_internal","","1","","1","other","100","","5","2","3","10","fracking","50","","2","","1","3","fracking","66","","","","","","","","","","1","","1","other","100","","","","","","","",""
"41.67762736-78.62938284---2005","https://mapsengine.google.com/06136759344167181854-15960346301379896183-4/wms/?version=1.3.0","41.6776273589","-78.629382845","2005","McKean","final_internal","","3","","3","other","100","","","1","","1","other","100","","","","","","","","","","3","","3","other","100","","","","","","","","","","","","","","",""
"39.95013714-80.08984035---2010","https://mapsengine.google.com/06136759344167181854-06191489742681286724-4/wms/?version=1.3.0","39.9501371406","-80.0898403472","2010","Greene","public","","10","","10","other","100","","","10","","10","other","100","","","","","","","","","","","","","","","","","","","","","","","","","","","","",""
"41.71327605-75.88640443---2010","https://mapsengine.google.com/06136759344167181854-06191489742681286724-4/wms/?version=1.3.0","41.7132760479","-75.8864044291","2010","Susquehanna","sweeper_internal","1","","","1","fracking","100","","2","6","2","10","other","60","","1","2","","3","other","66","","","","","","","","","1","","","1","fracking","100","","","","","","","",""
"40.86737903-79.54716313---2010","https://mapsengine.google.com/06136759344167181854-06191489742681286724-4/wms/?version=1.3.0","40.8673790336","-79.5471631263","2010","Armstrong","sweeper_internal","","1","","1","other","100","","6","2","2","10","fracking","60","","","","","","","","","","","","","","","","","1","","1","other","100","","","","","","","",""
"40.75457064-79.78645837---2010","https://mapsengine.google.com/06136759344167181854-06191489742681286724-4/wms/?version=1.3.0","40.7545706377","-79.7864583712","2010","Butler","public","","12","2","14","other","85","","","12","2","14","other","85","","","","","","","","","","","","","","","","","","","","","","","","","","","","",""
"40.23714176-79.74717663---2008","https://mapsengine.google.com/06136759344167181854-00219351362547715467-4/wms/?version=1.3.0","40.2371417572","-79.7471766332","2008","Westmoreland","first_internal","4","","","4","fracking","100","","1","","","1","fracking","100","","4","","","4","fracking","100","","","","","","","","","","","","","","","","","","","","","",""
"41.68471964-75.87007797---2008","https://mapsengine.google.com/06136759344167181854-00219351362547715467-4/wms/?version=1.3.0","41.6847196418","-75.8700779705","2008","Susquehanna","final_internal","","3","","3","other","100","","","1","","1","other","100","","","3","","3","other","100","","","3","","3","other","100","","","","","","","","","","","","","","",""
"41.7235422-76.85143712---2010","https://mapsengine.google.com/06136759344167181854-06191489742681286724-4/wms/?version=1.3.0","41.7235422","-76.85143712","2010","Bradford","first_internal","","3","","3","other","100","","1","8","1","10","other","80","","","3","","3","other","100","","","","","","","","","","","","","","","","","","","","","",""
"39.95484037-79.8351454---2008","https://mapsengine.google.com/06136759344167181854-00219351362547715467-4/wms/?version=1.3.0","39.9548403688","-79.8351453967","2008","Fayette","first_internal","","3","","3","other","100","","","5","1","6","other","83","","","3","","3","other","100","","","","","","","","","","","","","","","","","","","","","",""
"41.0411802-79.35236462---2010","https://mapsengine.google.com/06136759344167181854-06191489742681286724-4/wms/?version=1.3.0","41.0411802048","-79.3523646221","2010","Clarion","public","","8","2","10","other","80","","","8","2","10","other","80","","","","","","","","","","","","","","","","","","","","","","","","","","","","",""
"41.70527297-75.65986403---2010","https://mapsengine.google.com/06136759344167181854-06191489742681286724-4/wms/?version=1.3.0","41.70527297","-75.65986403","2010","Susquehanna","first_internal","","3","","3","other","100","","","11","","11","other","100","","","3","","3","other","100","","","","","","","","","","","","","","","","","","","","","",""
"41.52160962-76.53890672---2008","https://mapsengine.google.com/06136759344167181854-00219351362547715467-4/wms/?version=1.3.0","41.5216096207","-76.5389067164","2008","Sullivan","final_internal","","3","","3","other","100","","","1","","1","other","100","","","3","","3","other","100","","","3","","3","other","100","","","","","","","","","","","","","","",""
"41.28514291-76.63500891---2005","https://mapsengine.google.com/06136759344167181854-15960346301379896183-4/wms/?version=1.3.0","41.285142914","-76.6350089114","2005","Lycoming","missing_internal","","1","","1","other","100","","","","","","fracking|unknown|other","","","","","","","","","","","","","","","","","","","","","","","","","1","","1","other","100",""
"41.76829413-76.07173805---2010","https://mapsengine.google.com/06136759344167181854-06191489742681286724-4/wms/?version=1.3.0","41.76829413","-76.07173805","2010","Susquehanna","first_internal","","3","","3","other","100","","","8","2","10","other","80","","","3","","3","other","100","","","","","","","","","","","","","","","","","","","","","",""
"41.78828058-76.23441882---2005","https://mapsengine.google.com/06136759344167181854-15960346301379896183-4/wms/?version=1.3.0","41.7882805752","-76.234418816","2005","Bradford","final_internal","","3","","3","other","100","","","1","","1","other","100","","","3","","3","other","100","","","3","","3","other","100","","","","","","","","","","","","","","",""
"39.83001357-79.94872739---2010","https://mapsengine.google.com/06136759344167181854-06191489742681286724-4/wms/?version=1.3.0","39.8300135657","-79.9487273856","2010","Greene","public","1","8","1","10","other","80","","1","8","1","10","other","80","","","","","","","","","","","","","","","","","","","","","","","","","","","","",""
"41.58322567-76.86603701---2010","https://mapsengine.google.com/06136759344167181854-06191489742681286724-4/wms/?version=1.3.0","41.5832256665","-76.8660370062","2010","Lycoming","public","","10","","10","other","100","","","10","","10","other","100","","","","","","","","","","","","","","","","","","","","","","","","","","","","",""
"41.98919243-76.98618556---2010","https://mapsengine.google.com/06136759344167181854-06191489742681286724-4/wms/?version=1.3.0","41.9891924344","-76.9861855558","2010","Tioga","sweeper_internal","1","","","1","fracking","100","","5","5","2","12","fracking|other","","41|41","","","","","","","","","","","","","","","1","","","1","fracking","100","","","","","","","",""
"40.26017737-80.46520455---2005","https://mapsengine.google.com/06136759344167181854-15960346301379896183-4/wms/?version=1.3.0","40.2601773666","-80.4652045503","2005","Washington","final_internal","","3","","3","other","100","","","1","","1","other","100","","","","","","","","","","3","","3","other","100","","","","","","","","","","","","","","",""
"41.73241428-77.20572808---2005","https://mapsengine.google.com/06136759344167181854-15960346301379896183-4/wms/?version=1.3.0","41.7324142826","-77.2057280797","2005","Tioga","missing_internal","","1","","1","other","100","","","","","","fracking|unknown|other","","","","","","","","","","","","","","","","","","","","","","","","","1","","1","other","100",""
"40.02876502-80.26630872---2005","https://mapsengine.google.com/06136759344167181854-15960346301379896183-4/wms/?version=1.3.0","40.0287650165","-80.2663087151","2005","Washington","final_internal","","3","","3","other","100","","","1","","1","other","100","","","","","","","","","","3","","3","other","100","","","","","","","","","","","","","","",""
"41.67441596-76.07458138---2010","https://mapsengine.google.com/06136759344167181854-06191489742681286724-4/wms/?version=1.3.0","41.67441596","-76.07458138","2010","Susquehanna","first_internal","","3","","3","other","100","","","12","","12","other","100","","","3","","3","other","100","","","","","","","","","","","","","","","","","","","","","",""
"40.75887214-79.78242941---2008","https://mapsengine.google.com/06136759344167181854-00219351362547715467-4/wms/?version=1.3.0","40.75887214","-79.782429407","2008","Butler","first_internal","","3","","3","other","100","","","2","","2","other","100","","","3","","3","other","100","","","","","","","","","","","","","","","","","","","","","",""
"41.79677183-77.15337428---2005","https://mapsengine.google.com/06136759344167181854-15960346301379896183-4/wms/?version=1.3.0","41.7967718256","-77.153374276","2005","Tioga","missing_internal","","1","","1","other","100","","","","","","fracking|unknown|other","","","","","","","","","","","","","","","","","","","","","","","","","1","","1","other","100",""
"41.74748261-75.87377863---2010","https://mapsengine.google.com/06136759344167181854-06191489742681286724-4/wms/?version=1.3.0","41.74748261","-75.87377863","2010","Susquehanna","first_internal","","3","","3","other","100","","","10","","10","other","100","","","3","","3","other","100","","","","","","","","","","","","","","","","","","","","","",""
"41.28515463-76.63501613---2008","https://mapsengine.google.com/06136759344167181854-00219351362547715467-4/wms/?version=1.3.0","41.2851546272","-76.6350161324","2008","Lycoming","final_internal","","3","","3","other","100","","","1","","1","other","100","","","","","","","","","","3","","3","other","100","","","","","","","","","","","","","","",""
"41.68307956-76.30357063---2005","https://mapsengine.google.com/06136759344167181854-15960346301379896183-4/wms/?version=1.3.0","41.6830795608","-76.3035706318","2005","Bradford","final_internal","","3","","3","other","100","","","1","","1","other","100","","","3","","3","other","100","","","3","","3","other","100","","","","","","","","","","","","","","",""
"40.12101044-79.79965945---2008","https://mapsengine.google.com/06136759344167181854-00219351362547715467-4/wms/?version=1.3.0","40.121010443","-79.7996594535","2008","Fayette","sweeper_internal","","1","","1","other","100","","2","5","3","10","other","50","","","3","","3","other","100","","","","","","","","","","1","","1","other","100","","","","","","","",""
"39.79948919-79.52947011---2010","https://mapsengine.google.com/06136759344167181854-06191489742681286724-4/wms/?version=1.3.0","39.7994891881","-79.5294701066","2010","Fayette","public","","9","1","10","other","90","","","9","1","10","other","90","","","","","","","","","","","","","","","","","","","","","","","","","","","","",""
"41.77353616-76.85321965---2010","https://mapsengine.google.com/06136759344167181854-06191489742681286724-4/wms/?version=1.3.0","41.77353616","-76.85321965","2010","Bradford","first_internal","","3","","3","other","100","","","10","","10","other","100","","","3","","3","other","100","","","","","","","","","","","","","","","","","","","","","",""
"39.94135355-79.83350937---2005","https://mapsengine.google.com/06136759344167181854-15960346301379896183-4/wms/?version=1.3.0","39.9413535509","-79.8335093722","2005","Fayette","final_internal","","3","","3","other","100","","","1","","1","other","100","","","","","","","","","","3","","3","other","100","","","","","","","","","","","","","","",""
"41.73868267-77.21765657---2005","https://mapsengine.google.com/06136759344167181854-15960346301379896183-4/wms/?version=1.3.0","41.7386826717","-77.2176565706","2005","Tioga","missing_internal","","1","","1","other","100","","","","","","fracking|unknown|other","","","","","","","","","","","","","","","","","","","","","","","","","1","","1","other","100",""
"41.74853024-76.72223528---2010","https://mapsengine.google.com/06136759344167181854-06191489742681286724-4/wms/?version=1.3.0","41.74853024","-76.72223528","2010","Bradford","first_internal","","3","","3","other","100","","","10","","10","other","100","","","3","","3","other","100","","","","","","","","","","","","","","","","","","","","","",""
"39.79613402-79.19170607---2005","https://mapsengine.google.com/06136759344167181854-15960346301379896183-4/wms/?version=1.3.0","39.7961340194","-79.1917060732","2005","Somerset","final_internal","","3","","3","other","100","","","1","","1","other","100","","","","","","","","","","3","","3","other","100","","","","","","","","","","","","","","",""
"41.73228895-77.3748127---2010","https://mapsengine.google.com/06136759344167181854-06191489742681286724-4/wms/?version=1.3.0","41.7322889496","-77.3748126988","2010","Tioga","public","","10","","10","other","100","","","10","","10","other","100","","","","","","","","","","","","","","","","","","","","","","","","","","","","",""
"41.70942422-75.86230145---2010","https://mapsengine.google.com/06136759344167181854-06191489742681286724-4/wms/?version=1.3.0","41.70942422","-75.86230145","2010","Susquehanna","first_internal","","3","","3","other","100","","","11","","11","other","100","","","3","","3","other","100","","","","","","","","","","","","","","","","","","","","","",""
"40.24300341-80.26873741---2010","https://mapsengine.google.com/06136759344167181854-06191489742681286724-4/wms/?version=1.3.0","40.243003406","-80.2687374136","2010","Washington","public","","10","","10","other","100","","","10","","10","other","100","","","","","","","","","","","","","","","","","","","","","","","","","","","","",""
"40.5990792-79.18794409---2010","https://mapsengine.google.com/06136759344167181854-06191489742681286724-4/wms/?version=1.3.0","40.5990792035","-79.1879440938","2010","Indiana","public","","9","2","11","other","81","","","9","2","11","other","81","","","","","","","","","","","","","","","","","","","","","","","","","","","","",""
"41.76211712-76.2486592---2005","https://mapsengine.google.com/06136759344167181854-15960346301379896183-4/wms/?version=1.3.0","41.7621171166","-76.2486592025","2005","Bradford","final_internal","","3","","3","other","100","","","1","","1","other","100","","","3","","3","other","100","","","3","","3","other","100","","","","","","","","","","","","","","",""
"41.74573378-77.11998246---2010","https://mapsengine.google.com/06136759344167181854-06191489742681286724-4/wms/?version=1.3.0","41.7457337818","-77.1199824561","2010","Tioga","public","","12","","12","other","100","","","12","","12","other","100","","","","","","","","","","","","","","","","","","","","","","","","","","","","",""
"40.83865501-79.66396591---2005","https://mapsengine.google.com/06136759344167181854-15960346301379896183-4/wms/?version=1.3.0","40.8386550078","-79.6639659107","2005","Armstrong","final_internal","","3","","3","other","100","","","","1","1","unknown","100","","","","","","","","","","3","","3","other","100","","","","","","","","","","","","","","",""
"40.77808994-79.63317796---2005","https://mapsengine.google.com/06136759344167181854-15960346301379896183-4/wms/?version=1.3.0","40.7780899437","-79.6331779632","2005","Armstrong","final_internal","","3","","3","other","100","","","1","","1","other","100","","","","","","","","","","3","","3","other","100","","","","","","","","","","","","","","",""
"41.55665202-76.52998891---2010","https://mapsengine.google.com/06136759344167181854-06191489742681286724-4/wms/?version=1.3.0","41.5566520185","-76.5299889055","2010","Sullivan","sweeper_internal","","1","","1","other","100","","1","7","5","13","other","53","","","3","","3","other","100","","","","","","","","","","1","","1","other","100","","","","","","","",""
"40.5111179-79.18236273---2010","https://mapsengine.google.com/06136759344167181854-06191489742681286724-4/wms/?version=1.3.0","40.5111178959","-79.1823627334","2010","Indiana","public","","12","","12","other","100","","","12","","12","other","100","","","","","","","","","","","","","","","","","","","","","","","","","","","","",""
"39.86415722-80.02795354---2010","https://mapsengine.google.com/06136759344167181854-06191489742681286724-4/wms/?version=1.3.0","39.864157221","-80.0279535406","2010","Greene","public","8","2","","10","fracking","80","","8","2","","10","fracking","80","","","","","","","","","","","","","","","","","","","","","","","","","","","","",""
"41.66905895-76.09293296---2005","https://mapsengine.google.com/06136759344167181854-15960346301379896183-4/wms/?version=1.3.0","41.669058951","-76.092932964","2005","Susquehanna","final_internal","","3","","3","other","100","","","1","","1","other","100","","","3","","3","other","100","","","3","","3","other","100","","","","","","","","","","","","","","",""
"40.79280569-79.99455782---2010","https://mapsengine.google.com/06136759344167181854-06191489742681286724-4/wms/?version=1.3.0","40.7928056863","-79.9945578197","2010","Butler","sweeper_internal","","1","","1","other","100","","1","9","4","14","other","64","","","","","","","","","","","","","","","","","1","","1","other","100","","","","","","","",""
"40.83198578-78.63897992---2010","https://mapsengine.google.com/06136759344167181854-06191489742681286724-4/wms/?version=1.3.0","40.8319857848","-78.6389799233","2010","Clearfield","public","","12","","12","other","100","","","12","","12","other","100","","","","","","","","","","","","","","","","","","","","","","","","","","","","",""
"41.74419839-76.05890579---2005","https://mapsengine.google.com/06136759344167181854-15960346301379896183-4/wms/?version=1.3.0","41.7441983888","-76.0589057902","2005","Susquehanna","final_internal","","3","","3","other","100","","","1","","1","other","100","","","3","","3","other","100","","","3","","3","other","100","","","","","","","","","","","","","","",""
"41.70912042-76.32089773---2008","https://mapsengine.google.com/06136759344167181854-00219351362547715467-4/wms/?version=1.3.0","41.7091204181","-76.3208977267","2008","Bradford","final_internal","","3","","3","other","100","","1","","","1","fracking","100","","","3","","3","other","100","","","3","","3","other","100","","","","","","","","","","","","","","",""
"41.73164635-75.92001573---2010","https://mapsengine.google.com/06136759344167181854-06191489742681286724-4/wms/?version=1.3.0","41.73164635","-75.92001573","2010","Susquehanna","first_internal","","3","","3","other","100","","","9","1","10","other","90","","","3","","3","other","100","","","","","","","","","","","","","","","","","","","","","",""
"40.2506242-79.75071645---2010","https://mapsengine.google.com/06136759344167181854-06191489742681286724-4/wms/?version=1.3.0","40.2506242007","-79.7507164473","2010","Westmoreland","sweeper_internal","1","","","1","fracking","100","","5","2","4","11","fracking","45","","","","","","","","","","","","","","","","1","","","1","fracking","100","","","","","","","",""
"39.93287494-79.9645733---2010","https://mapsengine.google.com/06136759344167181854-06191489742681286724-4/wms/?version=1.3.0","39.9328749412","-79.9645732983","2010","Greene","public","1","8","1","10","other","80","","1","8","1","10","other","80","","","","","","","","","","","","","","","","","","","","","","","","","","","","",""
"41.71981565-75.86807149---2008","https://mapsengine.google.com/06136759344167181854-00219351362547715467-4/wms/?version=1.3.0","41.7198156495","-75.868071489","2008","Susquehanna","final_internal","","3","","3","other","100","","","1","","1","other","100","","","3","","3","other","100","","","3","","3","other","100","","","","","","","","","","","","","","",""
"41.65886168-75.67749305---2010","https://mapsengine.google.com/06136759344167181854-06191489742681286724-4/wms/?version=1.3.0","41.65886168","-75.67749305","2010","Susquehanna","first_internal","","3","","3","other","100","","","10","","10","other","100","","","3","","3","other","100","","","","","","","","","","","","","","","","","","","","","",""
"39.92508535-79.85910453---2005","https://mapsengine.google.com/06136759344167181854-15960346301379896183-4/wms/?version=1.3.0","39.9250853453","-79.8591045278","2005","Fayette","sweeper_internal","","1","","1","other","100","","1","","","1","fracking","100","","","","","","","","","1","2","1","4","other","50","","","1","","1","other","100","","","","","","","",""
"39.80508764-79.53057834---2005","https://mapsengine.google.com/06136759344167181854-15960346301379896183-4/wms/?version=1.3.0","39.8050876416","-79.5305783446","2005","Fayette","final_internal","","3","","3","other","100","","","1","","1","other","100","","","","","","","","","","3","","3","other","100","","","","","","","","","","","","","","",""
"41.65862823-75.67540191---2008","https://mapsengine.google.com/06136759344167181854-00219351362547715467-4/wms/?version=1.3.0","41.6586282267","-75.6754019141","2008","Susquehanna","final_internal","","3","","3","other","100","","","1","","1","other","100","","","3","","3","other","100","","","3","","3","other","100","","","","","","","","","","","","","","",""
"41.29519581-78.9132318---2010","https://mapsengine.google.com/06136759344167181854-06191489742681286724-4/wms/?version=1.3.0","41.2951958108","-78.9132318032","2010","Jefferson","sweeper_internal","","1","","1","other","100","","3","6","1","10","other","60","","","","","","","","","","","","","","","","","1","","1","other","100","","","","","","","",""
"41.07989521-78.0235563---2008","https://mapsengine.google.com/06136759344167181854-00219351362547715467-4/wms/?version=1.3.0","41.0798952095","-78.023556296","2008","Centre","final_internal","","3","","3","other","100","","1","","","1","fracking","100","","","","","","","","","","3","","3","other","100","","","","","","","","","","","","","","",""
"41.71065531-76.67609528---2010","https://mapsengine.google.com/06136759344167181854-06191489742681286724-4/wms/?version=1.3.0","41.71065531","-76.67609528","2010","Bradford","first_internal","","3","","3","other","100","","","10","","10","other","100","","","3","","3","other","100","","","","","","","","","","","","","","","","","","","","","",""
"40.09808883-79.80572273---2008","https://mapsengine.google.com/06136759344167181854-00219351362547715467-4/wms/?version=1.3.0","40.0980888327","-79.8057227347","2008","Fayette","sweeper_internal","","1","","1","other","100","","3","6","1","10","other","60","","","3","","3","other","100","","","","","","","","","","1","","1","other","100","","","","","","","",""
"40.23764364-79.74385562---2008","https://mapsengine.google.com/06136759344167181854-00219351362547715467-4/wms/?version=1.3.0","40.2376436409","-79.7438556179","2008","Westmoreland","final_internal","","4","","4","other","100","","","2","","2","other","100","","","","","","","","","","4","","4","other","100","","","","","","","","","","","","","","",""
"41.72429568-75.87155955---2008","https://mapsengine.google.com/06136759344167181854-00219351362547715467-4/wms/?version=1.3.0","41.7242956811","-75.8715595518","2008","Susquehanna","final_internal","4","","","4","fracking","100","","1","","","1","fracking","100","","1","2","","3","other","66","","4","","","4","fracking","100","","","","","","","","","","","","","","",""
"41.32785281-77.15861519---2010","https://mapsengine.google.com/06136759344167181854-06191489742681286724-4/wms/?version=1.3.0","41.3278528119","-77.1586151886","2010","Lycoming","sweeper_internal","","1","","1","other","100","","1","6","4","11","other","54","","","","","","","","","","","","","","","","","1","","1","other","100","","","","","","","",""
"41.76718784-76.69395146---2008","https://mapsengine.google.com/06136759344167181854-00219351362547715467-4/wms/?version=1.3.0","41.7671878449","-76.6939514574","2008","Bradford","final_internal","","3","","3","other","100","","","1","","1","other","100","","","3","","3","other","100","","","3","","3","other","100","","","","","","","","","","","","","","",""
"41.66722288-75.67428765---2005","https://mapsengine.google.com/06136759344167181854-15960346301379896183-4/wms/?version=1.3.0","41.6672228756","-75.6742876503","2005","Susquehanna","final_internal","","3","","3","other","100","","","1","","1","other","100","","","3","","3","other","100","","","3","","3","other","100","","","","","","","","","","","","","","",""
"40.0891231-79.97404554---2010","https://mapsengine.google.com/06136759344167181854-06191489742681286724-4/wms/?version=1.3.0","40.0891230962","-79.9740455413","2010","Washington","public","8","","2","10","fracking","80","","8","","2","10","fracking","80","","","","","","","","","","","","","","","","","","","","","","","","","","","","",""
"40.47475986-79.55939224---2008","https://mapsengine.google.com/06136759344167181854-00219351362547715467-4/wms/?version=1.3.0","40.4747598622","-79.5593922444","2008","Westmoreland","first_internal","","3","","3","other","100","","","1","","1","other","100","","","3","","3","other","100","","","","","","","","","","","","","","","","","","","","","",""
"40.99703003-79.78369608---2008","https://mapsengine.google.com/06136759344167181854-00219351362547715467-4/wms/?version=1.3.0","40.9970300253","-79.783696084","2008","Butler","first_internal","","3","","3","other","100","","","2","","2","other","100","","","3","","3","other","100","","","","","","","","","","","","","","","","","","","","","",""
"39.900361-80.00017193---2010","https://mapsengine.google.com/06136759344167181854-06191489742681286724-4/wms/?version=1.3.0","39.9003610029","-80.0001719267","2010","Greene","sweeper_internal","","1","","1","other","100","","3","5","2","10","other","50","","","","","","","","","","","","","","","","","1","","1","other","100","","","","","","","",""
"41.77605949-76.67317258---2008","https://mapsengine.google.com/06136759344167181854-00219351362547715467-4/wms/?version=1.3.0","41.7760594903","-76.6731725788","2008","Bradford","final_internal","","3","","3","other","100","","","1","","1","other","100","","","3","","3","other","100","","","3","","3","other","100","","","","","","","","","","","","","","",""
"39.97984743-80.06872946---2010","https://mapsengine.google.com/06136759344167181854-06191489742681286724-4/wms/?version=1.3.0","39.9798474267","-80.0687294574","2010","Greene","public","10","","","10","fracking","100","","10","","","10","fracking","100","","","","","","","","","","","","","","","","","","","","","","","","","","","","",""
"41.77390951-75.94603889---2008","https://mapsengine.google.com/06136759344167181854-00219351362547715467-4/wms/?version=1.3.0","41.7739095078","-75.9460388936","2008","Susquehanna","final_internal","","3","","3","other","100","","","1","","1","other","100","","","3","","3","other","100","","","3","","3","other","100","","","","","","","","","","","","","","",""
"41.70191365-75.90418659---2008","https://mapsengine.google.com/06136759344167181854-00219351362547715467-4/wms/?version=1.3.0","41.7019136512","-75.9041865871","2008","Susquehanna","final_internal","","3","","3","other","100","","","","1","1","unknown","100","","","3","","3","other","100","","","3","","3","other","100","","","","","","","","","","","","","","",""
"41.7442478-75.95982159---2008","https://mapsengine.google.com/06136759344167181854-00219351362547715467-4/wms/?version=1.3.0","41.7442477985","-75.9598215851","2008","Susquehanna","final_internal","","3","","3","other","100","","","","1","1","unknown","100","","","3","","3","other","100","","","3","","3","other","100","","","","","","","","","","","","","","",""
"41.93301507-76.58011129---2008","https://mapsengine.google.com/06136759344167181854-00219351362547715467-4/wms/?version=1.3.0","41.9330150748","-76.5801112897","2008","Bradford","final_internal","","3","","3","other","100","","","1","","1","other","100","","","3","","3","other","100","","","3","","3","other","100","","","","","","","","","","","","","","",""
"41.74685041-76.84253056---2008","https://mapsengine.google.com/06136759344167181854-00219351362547715467-4/wms/?version=1.3.0","41.74685041","-76.8425305555","2008","Bradford","final_internal","","3","","3","other","100","","","1","","1","other","100","","","3","","3","other","100","","","3","","3","other","100","","","","","","","","","","","","","","",""
"41.73103269-75.89107091---2008","https://mapsengine.google.com/06136759344167181854-00219351362547715467-4/wms/?version=1.3.0","41.7310326893","-75.89107091","2008","Susquehanna","final_internal","","3","","3","other","100","","","","1","1","unknown","100","","","3","","3","other","100","","","3","","3","other","100","","","","","","","","","","","","","","",""
"41.89194833-75.4101585---2008","https://mapsengine.google.com/06136759344167181854-00219351362547715467-4/wms/?version=1.3.0","41.8919483305","-75.4101584959","2008","Wayne","final_internal","","3","","3","other","100","","","1","","1","other","100","","","3","","3","other","100","","","3","","3","other","100","","","","","","","","","","","","","","",""
"41.84495676-77.0540765---2005","https://mapsengine.google.com/06136759344167181854-15960346301379896183-4/wms/?version=1.3.0","41.844956763","-77.0540765043","2005","Tioga","missing_internal","","1","","1","other","100","","","","","","fracking|unknown|other","","","","","","","","","","","","","","","","","","","","","","","","","1","","1","other","100",""
"41.57912094-77.06811129---2005","https://mapsengine.google.com/06136759344167181854-15960346301379896183-4/wms/?version=1.3.0","41.5791209395","-77.0681112851","2005","Tioga","missing_internal","","1","","1","other","100","","","","","","fracking|unknown|other","","","","","","","","","","","","","","","","","","","","","","","","","1","","1","other","100",""
"41.67862518-76.0736947---2010","https://mapsengine.google.com/06136759344167181854-06191489742681286724-4/wms/?version=1.3.0","41.67862518","-76.0736947","2010","Susquehanna","first_internal","","3","","3","other","100","","","12","","12","other","100","","","3","","3","other","100","","","","","","","","","","","","","","","","","","","","","",""
"41.78896159-76.31184272---2008","https://mapsengine.google.com/06136759344167181854-00219351362547715467-4/wms/?version=1.3.0","41.7889615934","-76.3118427204","2008","Bradford","final_internal","","3","","3","other","100","","","1","","1","other","100","","","3","","3","other","100","","","3","","3","other","100","","","","","","","","","","","","","","",""
"41.89766535-75.9614682---2005","https://mapsengine.google.com/06136759344167181854-15960346301379896183-4/wms/?version=1.3.0","41.8976653502","-75.9614681965","2005","Susquehanna","final_internal","","3","","3","other","100","","","1","","1","other","100","","","3","","3","other","100","","","3","","3","other","100","","","","","","","","","","","","","","",""
"41.2724851-76.63656628---2010","https://mapsengine.google.com/06136759344167181854-06191489742681286724-4/wms/?version=1.3.0","41.2724851047","-76.6365662789","2010","Lycoming","public","9","","1","10","fracking","90","","9","","1","10","fracking","90","","","","","","","","","","","","","","","","","","","","","","","","","","","","",""
"41.67722036-78.62935111---2005","https://mapsengine.google.com/06136759344167181854-15960346301379896183-4/wms/?version=1.3.0","41.6772203602","-78.6293511119","2005","McKean","final_internal","","3","","3","other","100","","","1","","1","other","100","","","","","","","","","","3","","3","other","100","","","","","","","","","","","","","","",""
"41.72931166-75.94618469---2010","https://mapsengine.google.com/06136759344167181854-06191489742681286724-4/wms/?version=1.3.0","41.72931166","-75.94618469","2010","Susquehanna","first_internal","","3","","3","other","100","","","12","","12","other","100","","","3","","3","other","100","","","","","","","","","","","","","","","","","","","","","",""
"41.90316784-75.95578839---2008","https://mapsengine.google.com/06136759344167181854-00219351362547715467-4/wms/?version=1.3.0","41.9031678425","-75.9557883931","2008","Susquehanna","final_internal","","3","","3","other","100","","","1","","1","other","100","","","3","","3","other","100","","","3","","3","other","100","","","","","","","","","","","","","","",""
"41.72736978-76.69333688---2010","https://mapsengine.google.com/06136759344167181854-06191489742681286724-4/wms/?version=1.3.0","41.7273697778","-76.6933368789","2010","Bradford","sweeper_internal","","1","","1","other","100","","3","6","1","10","other","60","","","3","","3","other","100","","","","","","","","","","1","","1","other","100","","","","","","","",""
"41.41245831-78.27553057---2010","https://mapsengine.google.com/06136759344167181854-06191489742681286724-4/wms/?version=1.3.0","41.4124583072","-78.2755305697","2010","Cameron","sweeper_internal","1","","","1","fracking","100","","7","1","2","10","fracking","70","","","","","","","","","","","","","","","","1","","","1","fracking","100","","","","","","","",""
"41.70964306-76.68169495---2010","https://mapsengine.google.com/06136759344167181854-06191489742681286724-4/wms/?version=1.3.0","41.7096430645","-76.6816949456","2010","Bradford","sweeper_internal","","1","","1","other","100","","3","4","3","10","other","40","","","3","","3","other","100","","","","","","","","","","1","","1","other","100","","","","","","","",""
"41.66037608-75.95494088---2010","https://mapsengine.google.com/06136759344167181854-06191489742681286724-4/wms/?version=1.3.0","41.66037608","-75.95494088","2010","Susquehanna","first_internal","","3","","3","other","100","","","10","","10","other","100","","","3","","3","other","100","","","","","","","","","","","","","","","","","","","","","",""
"41.6932717-75.84544349---2010","https://mapsengine.google.com/06136759344167181854-06191489742681286724-4/wms/?version=1.3.0","41.6932717","-75.84544349","2010","Susquehanna","first_internal","","3","","3","other","100","","","11","","11","other","100","","","3","","3","other","100","","","","","","","","","","","","","","","","","","","","","",""
"41.70229895-75.96217481---2005","https://mapsengine.google.com/06136759344167181854-15960346301379896183-4/wms/?version=1.3.0","41.7022989541","-75.9621748139","2005","Susquehanna","final_internal","","3","","3","other","100","","","1","","1","other","100","","","3","","3","other","100","","","3","","3","other","100","","","","","","","","","","","","","","",""
"41.72288188-77.44643503---2005","https://mapsengine.google.com/06136759344167181854-15960346301379896183-4/wms/?version=1.3.0","41.7228818808","-77.4464350265","2005","Tioga","missing_internal","","1","","1","other","100","","","","","","fracking|unknown|other","","","","","","","","","","","","","","","","","","","","","","","","","1","","1","other","100",""
"41.66874645-76.09915297---2005","https://mapsengine.google.com/06136759344167181854-15960346301379896183-4/wms/?version=1.3.0","41.6687464532","-76.0991529711","2005","Susquehanna","final_internal","","3","","3","other","100","","","1","","1","other","100","","","3","","3","other","100","","","3","","3","other","100","","","","","","","","","","","","","","",""
"41.78309105-76.33138326---2010","https://mapsengine.google.com/06136759344167181854-06191489742681286724-4/wms/?version=1.3.0","41.7830910511","-76.3313832614","2010","Bradford","sweeper_internal","","1","","1","other","100","","6","3","1","10","fracking","60","","1","2","","3","other","66","","","","","","","","","","1","","1","other","100","","","","","","","",""
"39.7221767-79.98836334---2005","https://mapsengine.google.com/06136759344167181854-15960346301379896183-4/wms/?version=1.3.0","39.7221766951","-79.9883633449","2005","Greene","final_internal","","3","","3","other","100","","","1","","1","other","100","","","","","","","","","","3","","3","other","100","","","","","","","","","","","","","","",""
"39.91017115-80.00837597---2010","https://mapsengine.google.com/06136759344167181854-06191489742681286724-4/wms/?version=1.3.0","39.9101711457","-80.0083759744","2010","Greene","public","1","9","","10","other","90","","1","9","","10","other","90","","","","","","","","","","","","","","","","","","","","","","","","","","","","",""
"41.76917901-76.8546302---2008","https://mapsengine.google.com/06136759344167181854-00219351362547715467-4/wms/?version=1.3.0","41.7691790138","-76.8546301958","2008","Bradford","final_internal","","3","","3","other","100","","","1","","1","other","100","","","3","","3","other","100","","","3","","3","other","100","","","","","","","","","","","","","","",""
"41.68153433-78.49400402---2005","https://mapsengine.google.com/06136759344167181854-15960346301379896183-4/wms/?version=1.3.0","41.6815343293","-78.4940040179","2005","McKean","final_internal","","3","","3","other","100","","","1","","1","other","100","","","","","","","","","","3","","3","other","100","","","","","","","","","","","","","","",""
"41.95504778-76.95772515---2005","https://mapsengine.google.com/06136759344167181854-15960346301379896183-4/wms/?version=1.3.0","41.9550477825","-76.9577251455","2005","Tioga","final_internal","","3","","3","other","100","","","1","","1","other","100","","","","","","","","","","3","","3","other","100","","","","","","","","","","","","","","",""
"41.2831882-77.316843---2008","https://mapsengine.google.com/06136759344167181854-00219351362547715467-4/wms/?version=1.3.0","41.2831882014","-77.3168430036","2008","Lycoming","final_internal","","3","","3","other","100","","","1","","1","other","100","","","","","","","","","","3","","3","other","100","","","","","","","","","","","","","","",""
"40.57388915-79.81065711---2005","https://mapsengine.google.com/06136759344167181854-15960346301379896183-4/wms/?version=1.3.0","40.57388915","-79.81065711","2005","Allegheny","sweeper_internal","","1","","1","other","100","","","1","","1","other","100","","1","1","1","3","fracking|unknown|other","","33|33|33","","3","","3","other","100","","","1","","1","other","100","","","","","","","",""
"41.71385354-76.415741---2005","https://mapsengine.google.com/06136759344167181854-15960346301379896183-4/wms/?version=1.3.0","41.713853542","-76.4157410049","2005","Bradford","final_internal","","3","","3","other","100","","","1","","1","other","100","","","3","","3","other","100","","","3","","3","other","100","","","","","","","","","","","","","","",""
"41.74710226-75.86719367---2008","https://mapsengine.google.com/06136759344167181854-00219351362547715467-4/wms/?version=1.3.0","41.7471022629","-75.8671936736","2008","Susquehanna","final_internal","","3","","3","other","100","","","1","","1","other","100","","","3","","3","other","100","","","3","","3","other","100","","","","","","","","","","","","","","",""
"40.22613948-79.72316063---2008","https://mapsengine.google.com/06136759344167181854-00219351362547715467-4/wms/?version=1.3.0","40.2261394842","-79.7231606341","2008","Westmoreland","final_internal","","3","","3","other","100","","","1","","1","other","100","","","","","","","","","","3","","3","other","100","","","","","","","","","","","","","","",""
"41.74462343-75.899884---2008","https://mapsengine.google.com/06136759344167181854-00219351362547715467-4/wms/?version=1.3.0","41.7446234274","-75.8998840049","2008","Susquehanna","final_internal","","3","","3","other","100","","","1","","1","other","100","","","3","","3","other","100","","","3","","3","other","100","","","","","","","","","","","","","","",""
"41.74946945-76.13732973---2010","https://mapsengine.google.com/06136759344167181854-06191489742681286724-4/wms/?version=1.3.0","41.74946945","-76.13732973","2010","Bradford","first_internal","","3","","3","other","100","","","11","","11","other","100","","","3","","3","other","100","","","","","","","","","","","","","","","","","","","","","",""
"40.23806848-79.74719293---2008","https://mapsengine.google.com/06136759344167181854-00219351362547715467-4/wms/?version=1.3.0","40.2380684766","-79.7471929326","2008","Westmoreland","first_internal","2","","1","3","fracking","66","","1","","","1","fracking","100","","2","","1","3","fracking","66","","","","","","","","","","","","","","","","","","","","","",""
"41.75647331-76.47035603---2008","https://mapsengine.google.com/06136759344167181854-00219351362547715467-4/wms/?version=1.3.0","41.7564733143","-76.4703560324","2008","Bradford","final_internal","","4","","4","other","100","","","1","","1","other","100","","","3","","3","other","100","","","4","","4","other","100","","","","","","","","","","","","","","",""
"41.85703876-76.02125138---2005","https://mapsengine.google.com/06136759344167181854-15960346301379896183-4/wms/?version=1.3.0","41.8570387617","-76.0212513771","2005","Susquehanna","final_internal","","3","","3","other","100","","","1","","1","other","100","","","3","","3","other","100","","","3","","3","other","100","","","","","","","","","","","","","","",""
"41.84495141-77.05406466---2010","https://mapsengine.google.com/06136759344167181854-06191489742681286724-4/wms/?version=1.3.0","41.8449514149","-77.0540646626","2010","Tioga","public","","11","","11","other","100","","","11","","11","other","100","","","","","","","","","","","","","","","","","","","","","","","","","","","","",""
"41.71044537-76.29883502---2008","https://mapsengine.google.com/06136759344167181854-00219351362547715467-4/wms/?version=1.3.0","41.7104453669","-76.2988350179","2008","Bradford","final_internal","","3","","3","other","100","","","1","","1","other","100","","","3","","3","other","100","","","3","","3","other","100","","","","","","","","","","","","","","",""
"41.11830844-79.73660936---2010","https://mapsengine.google.com/06136759344167181854-06191489742681286724-4/wms/?version=1.3.0","41.1183084414","-79.7366093622","2010","Butler","public","2","11","","13","other","84","","2","11","","13","other","84","","","","","","","","","","","","","","","","","","","","","","","","","","","","",""
"39.84806866-79.86094672---2010","https://mapsengine.google.com/06136759344167181854-06191489742681286724-4/wms/?version=1.3.0","39.848068662","-79.860946723","2010","Fayette","public","","10","","10","other","100","","","10","","10","other","100","","","","","","","","","","","","","","","","","","","","","","","","","","","","",""
"41.71972968-76.07123156---2005","https://mapsengine.google.com/06136759344167181854-15960346301379896183-4/wms/?version=1.3.0","41.7197296782","-76.0712315625","2005","Susquehanna","final_internal","","3","","3","other","100","","","1","","1","other","100","","","3","","3","other","100","","","3","","3","other","100","","","","","","","","","","","","","","",""
"41.73856553-76.08904611---2008","https://mapsengine.google.com/06136759344167181854-00219351362547715467-4/wms/?version=1.3.0","41.7385655261","-76.0890461134","2008","Susquehanna","final_internal","","3","","3","other","100","","","1","","1","other","100","","","3","","3","other","100","","","3","","3","other","100","","","","","","","","","","","","","","",""
"41.86279133-76.70840299---2010","https://mapsengine.google.com/06136759344167181854-06191489742681286724-4/wms/?version=1.3.0","41.862791328","-76.7084029877","2010","Bradford","sweeper_internal","","1","","1","other","100","","3","3","4","10","unknown","40","","2","","1","3","fracking","66","","","","","","","","","","1","","1","other","100","","","","","","","",""
"41.74066568-77.15701428---2010","https://mapsengine.google.com/06136759344167181854-06191489742681286724-4/wms/?version=1.3.0","41.7406656805","-77.1570142787","2010","Tioga","public","9","","2","11","fracking","81","","9","","2","11","fracking","81","","","","","","","","","","","","","","","","","","","","","","","","","","","","",""
"39.93744729-79.96236708---2008","https://mapsengine.google.com/06136759344167181854-00219351362547715467-4/wms/?version=1.3.0","39.9374472854","-79.9623670837","2008","Greene","sweeper_internal","","1","","1","other","100","","1","7","2","10","other","70","","","3","","3","other","100","","","","","","","","","","1","","1","other","100","","","","","","","",""
"40.83185024-79.66257354---2008","https://mapsengine.google.com/06136759344167181854-00219351362547715467-4/wms/?version=1.3.0","40.83185024","-79.6625735432","2008","Armstrong","first_internal","","3","","3","other","100","","","4","2","6","other","66","","","3","","3","other","100","","","","","","","","","","","","","","","","","","","","","",""
"39.87306102-79.96437586---2008","https://mapsengine.google.com/06136759344167181854-00219351362547715467-4/wms/?version=1.3.0","39.8730610242","-79.9643758565","2008","Greene","sweeper_internal","1","","","1","fracking","100","","5","3","2","10","fracking","50","","2","1","","3","fracking","66","","","","","","","","","1","","","1","fracking","100","","","","","","","",""
"41.52610165-76.34974384---2010","https://mapsengine.google.com/06136759344167181854-06191489742681286724-4/wms/?version=1.3.0","41.5261016526","-76.3497438372","2010","Sullivan","sweeper_internal","","1","","1","other","100","","2","6","5","13","other","46","","1","","2","3","unknown","66","","","","","","","","","","1","","1","other","100","","","","","","","",""
"40.86417458-79.50093885---2010","https://mapsengine.google.com/06136759344167181854-06191489742681286724-4/wms/?version=1.3.0","40.8641745838","-79.5009388545","2010","Armstrong","public","1","8","1","10","other","80","","1","8","1","10","other","80","","","","","","","","","","","","","","","","","","","","","","","","","","","","",""
"41.29026315-78.91095629---2008","https://mapsengine.google.com/06136759344167181854-00219351362547715467-4/wms/?version=1.3.0","41.2902631497","-78.9109562948","2008","Jefferson","first_internal","","3","","3","other","100","","","10","","10","other","100","","","3","","3","other","100","","","","","","","","","","","","","","","","","","","","","",""
"41.73482582-76.07945016---2008","https://mapsengine.google.com/06136759344167181854-00219351362547715467-4/wms/?version=1.3.0","41.7348258233","-76.0794501622","2008","Susquehanna","final_internal","","3","","3","other","100","","","1","","1","other","100","","","3","","3","other","100","","","3","","3","other","100","","","","","","","","","","","","","","",""
"40.81182524-80.03253645---2010","https://mapsengine.google.com/06136759344167181854-06191489742681286724-4/wms/?version=1.3.0","40.8118252378","-80.0325364543","2010","Butler","public","","21","","21","other","100","","","21","","21","other","100","","","","","","","","","","","","","","","","","","","","","","","","","","","","",""
"41.61201362-76.98178854---2005","https://mapsengine.google.com/06136759344167181854-15960346301379896183-4/wms/?version=1.3.0","41.6120136205","-76.9817885408","2005","Tioga","missing_internal","","1","","1","other","100","","","","","","fracking|unknown|other","","","","","","","","","","","","","","","","","","","","","","","","","1","","1","other","100",""
"41.35457501-78.54054731---2005","https://mapsengine.google.com/06136759344167181854-15960346301379896183-4/wms/?version=1.3.0","41.3545750109","-78.5405473095","2005","Elk","final_internal","","3","","3","other","100","","","1","","1","other","100","","","","","","","","","","3","","3","other","100","","","","","","","","","","","","","","",""
"41.65046966-76.33569742---2005","https://mapsengine.google.com/06136759344167181854-15960346301379896183-4/wms/?version=1.3.0","41.6504696649","-76.3356974216","2005","Bradford","final_internal","","3","","3","other","100","","","1","","1","other","100","","","3","","3","other","100","","","3","","3","other","100","","","","","","","","","","","","","","",""
"39.81073873-79.9986528---2005","https://mapsengine.google.com/06136759344167181854-15960346301379896183-4/wms/?version=1.3.0","39.8107387317","-79.9986527989","2005","Greene","final_internal","","3","","3","other","100","","","1","","1","other","100","","","","","","","","","","3","","3","other","100","","","","","","","","","","","","","","",""
"39.93545022-79.84183711---2010","https://mapsengine.google.com/06136759344167181854-06191489742681286724-4/wms/?version=1.3.0","39.9354502239","-79.8418371102","2010","Fayette","sweeper_internal","","1","","1","other","100","","3","4","3","10","other","40","","","","","","","","","","","","","","","","","1","","1","other","100","","","","","","","",""
"41.66837169-76.4620108---2010","https://mapsengine.google.com/06136759344167181854-06191489742681286724-4/wms/?version=1.3.0","41.6683716904","-76.4620108001","2010","Bradford","sweeper_internal","","1","","1","other","100","","3","3","4","10","unknown","40","","","3","","3","other","100","","","","","","","","","","1","","1","other","100","","","","","","","",""
"41.6846872-77.26406785---2008","https://mapsengine.google.com/06136759344167181854-00219351362547715467-4/wms/?version=1.3.0","41.6846871993","-77.2640678496","2008","Tioga","final_internal","","3","","3","other","100","","1","","","1","fracking","100","","","","","","","","","","3","","3","other","100","","","","","","","","","","","","","","",""
"41.69142035-75.91142563---2010","https://mapsengine.google.com/06136759344167181854-06191489742681286724-4/wms/?version=1.3.0","41.69142035","-75.91142563","2010","Susquehanna","first_internal","","3","","3","other","100","","","10","","10","other","100","","","3","","3","other","100","","","","","","","","","","","","","","","","","","","","","",""
"41.91226178-76.89424991---2008","https://mapsengine.google.com/06136759344167181854-00219351362547715467-4/wms/?version=1.3.0","41.9122617845","-76.8942499092","2008","Bradford","final_internal","","3","","3","other","100","","","1","","1","other","100","","","3","","3","other","100","","","3","","3","other","100","","","","","","","","","","","","","","",""
"41.14915889-79.21874307---2008","https://mapsengine.google.com/06136759344167181854-00219351362547715467-4/wms/?version=1.3.0","41.1491588939","-79.2187430654","2008","Clarion","first_internal","1","2","","3","other","66","","1","3","2","6","other","50","","1","2","","3","other","66","","","","","","","","","","","","","","","","","","","","","",""
"40.86493643-79.49738354---2005","https://mapsengine.google.com/06136759344167181854-15960346301379896183-4/wms/?version=1.3.0","40.8649364327","-79.4973835424","2005","Armstrong","final_internal","","3","","3","other","100","","","","1","1","unknown","100","","","","","","","","","","3","","3","other","100","","","","","","","","","","","","","","",""
"41.38564118-76.90889299---2010","https://mapsengine.google.com/06136759344167181854-06191489742681286724-4/wms/?version=1.3.0","41.3856411821","-76.9088929891","2010","Lycoming","public","","11","","11","other","100","","","11","","11","other","100","","","","","","","","","","","","","","","","","","","","","","","","","","","","",""
"40.75858981-79.78090217---2005","https://mapsengine.google.com/06136759344167181854-15960346301379896183-4/wms/?version=1.3.0","40.7585898082","-79.780902168","2005","Butler","final_internal","","3","","3","other","100","","","","1","1","unknown","100","","","","","","","","","","3","","3","other","100","","","","","","","","","","","","","","",""
"39.9372627-79.8626532---2010","https://mapsengine.google.com/06136759344167181854-06191489742681286724-4/wms/?version=1.3.0","39.9372626961","-79.8626532044","2010","Fayette","sweeper_internal","","1","","1","other","100","","1","7","2","10","other","70","","","","","","","","","","","","","","","","","1","","1","other","100","","","","","","","",""
"39.92897837-79.95830476---2005","https://mapsengine.google.com/06136759344167181854-15960346301379896183-4/wms/?version=1.3.0","39.9289783749","-79.9583047601","2005","Greene","final_internal","","3","","3","other","100","","","1","","1","other","100","","","","","","","","","","3","","3","other","100","","","","","","","","","","","","","","",""
"40.239749-79.79831615---2008","https://mapsengine.google.com/06136759344167181854-00219351362547715467-4/wms/?version=1.3.0","40.2397489972","-79.7983161498","2008","Westmoreland","final_internal","","3","","3","other","100","","","2","","2","other","100","","","","","","","","","","3","","3","other","100","","","","","","","","","","","","","","",""
"40.92169708-79.58236634---2010","https://mapsengine.google.com/06136759344167181854-06191489742681286724-4/wms/?version=1.3.0","40.9216970782","-79.5823663367","2010","Armstrong","public","","10","","10","other","100","","","10","","10","other","100","","","","","","","","","","","","","","","","","","","","","","","","","","","","",""
"39.7959521-79.19051732---2010","https://mapsengine.google.com/06136759344167181854-06191489742681286724-4/wms/?version=1.3.0","39.7959520972","-79.1905173194","2010","Somerset","public","2","9","","11","other","81","","2","9","","11","other","81","","","","","","","","","","","","","","","","","","","","","","","","","","","","",""
"41.62880167-76.43012232---2008","https://mapsengine.google.com/06136759344167181854-00219351362547715467-4/wms/?version=1.3.0","41.6288016702","-76.4301223197","2008","Bradford","final_internal","","3","","3","other","100","","","1","","1","other","100","","","3","","3","other","100","","","3","","3","other","100","","","","","","","","","","","","","","",""
"41.78780498-77.32814769---2010","https://mapsengine.google.com/06136759344167181854-06191489742681286724-4/wms/?version=1.3.0","41.7878049837","-77.3281476869","2010","Tioga","public","","11","","11","other","100","","","11","","11","other","100","","","","","","","","","","","","","","","","","","","","","","","","","","","","",""
"41.70913425-76.3209985---2010","https://mapsengine.google.com/06136759344167181854-06191489742681286724-4/wms/?version=1.3.0","41.70913425","-76.3209985","2010","Bradford","first_internal","","3","","3","other","100","","","10","","10","other","100","","","3","","3","other","100","","","","","","","","","","","","","","","","","","","","","",""
"41.79152208-76.22486723---2010","https://mapsengine.google.com/06136759344167181854-06191489742681286724-4/wms/?version=1.3.0","41.79152208","-76.22486723","2010","Bradford","first_internal","","3","","3","other","100","","","10","","10","other","100","","","3","","3","other","100","","","","","","","","","","","","","","","","","","","","","",""
"41.27589616-76.64934184---2010","https://mapsengine.google.com/06136759344167181854-06191489742681286724-4/wms/?version=1.3.0","41.2758961616","-76.6493418435","2010","Lycoming","sweeper_internal","","1","","1","other","100","","1","7","2","10","other","70","","","","","","","","","","","","","","","","","1","","1","other","100","","","","","","","",""
"39.72268356-79.98597059---2010","https://mapsengine.google.com/06136759344167181854-06191489742681286724-4/wms/?version=1.3.0","39.7226835551","-79.9859705936","2010","Greene","public","","8","2","10","other","80","","","8","2","10","other","80","","","","","","","","","","","","","","","","","","","","","","","","","","","","",""
"39.79795721-79.9981856---2010","https://mapsengine.google.com/06136759344167181854-06191489742681286724-4/wms/?version=1.3.0","39.7979572072","-79.9981855979","2010","Greene","sweeper_internal","","1","","1","other","100","","1","7","2","10","other","70","","","","","","","","","","","","","","","","","1","","1","other","100","","","","","","","",""
"41.71271637-77.42287658---2008","https://mapsengine.google.com/06136759344167181854-00219351362547715467-4/wms/?version=1.3.0","41.7127163677","-77.4228765837","2008","Tioga","final_internal","","3","","3","other","100","","","1","","1","other","100","","","","","","","","","","3","","3","other","100","","","","","","","","","","","","","","",""
"41.78392047-77.01483316---2008","https://mapsengine.google.com/06136759344167181854-00219351362547715467-4/wms/?version=1.3.0","41.7839204703","-77.014833158","2008","Tioga","final_internal","","3","","3","other","100","","1","","","1","fracking","100","","","","","","","","","","3","","3","other","100","","","","","","","","","","","","","","",""
"40.00845134-79.63140874---2008","https://mapsengine.google.com/06136759344167181854-00219351362547715467-4/wms/?version=1.3.0","40.0084513415","-79.6314087442","2008","Fayette","sweeper_internal","","1","","1","other","100","","3","2","1","6","fracking","50","","1","1","1","3","fracking|unknown|other","","33|33|33","","","","","","","","","1","","1","other","100","","","","","","","",""
"39.92941244-80.0456948---2008","https://mapsengine.google.com/06136759344167181854-00219351362547715467-4/wms/?version=1.3.0","39.9294124377","-80.0456947964","2008","Greene","first_internal","","3","","3","other","100","","","8","2","10","other","80","","","3","","3","other","100","","","","","","","","","","","","","","","","","","","","","",""
"41.73140233-75.87650828---2005","https://mapsengine.google.com/06136759344167181854-15960346301379896183-4/wms/?version=1.3.0","41.7314023294","-75.8765082835","2005","Susquehanna","final_internal","","3","","3","other","100","","","1","","1","other","100","","","3","","3","other","100","","","3","","3","other","100","","","","","","","","","","","","","","",""
"41.7325924-76.01034431---2010","https://mapsengine.google.com/06136759344167181854-06191489742681286724-4/wms/?version=1.3.0","41.7325924","-76.01034431","2010","Susquehanna","first_internal","","3","","3","other","100","","","12","","12","other","100","","","3","","3","other","100","","","","","","","","","","","","","","","","","","","","","",""
"41.77343357-76.22743466---2008","https://mapsengine.google.com/06136759344167181854-00219351362547715467-4/wms/?version=1.3.0","41.7734335734","-76.2274346551","2008","Bradford","final_internal","","3","","3","other","100","","","1","","1","other","100","","","3","","3","other","100","","","3","","3","other","100","","","","","","","","","","","","","","",""
"39.8844045-80.02954367---2008","https://mapsengine.google.com/06136759344167181854-00219351362547715467-4/wms/?version=1.3.0","39.8844044983","-80.0295436706","2008","Greene","sweeper_internal","","1","","1","other","100","","1","7","2","10","other","70","","","3","","3","other","100","","","","","","","","","","1","","1","other","100","","","","","","","",""
"41.11835377-78.05687096---2008","https://mapsengine.google.com/06136759344167181854-00219351362547715467-4/wms/?version=1.3.0","41.1183537726","-78.0568709623","2008","Centre","final_internal","","3","","3","other","100","","","1","","1","other","100","","","","","","","","","","3","","3","other","100","","","","","","","","","","","","","","",""
"41.69874546-75.94073874---2010","https://mapsengine.google.com/06136759344167181854-06191489742681286724-4/wms/?version=1.3.0","41.69874546","-75.94073874","2010","Susquehanna","first_internal","","3","","3","other","100","","","10","","10","other","100","","","3","","3","other","100","","","","","","","","","","","","","","","","","","","","","",""
"41.88623646-75.66202615---2008","https://mapsengine.google.com/06136759344167181854-00219351362547715467-4/wms/?version=1.3.0","41.8862364642","-75.6620261524","2008","Susquehanna","final_internal","","3","","3","other","100","","","1","","1","other","100","","","3","","3","other","100","","","3","","3","other","100","","","","","","","","","","","","","","",""
"41.74441496-75.95200059---2008","https://mapsengine.google.com/06136759344167181854-00219351362547715467-4/wms/?version=1.3.0","41.7444149645","-75.9520005939","2008","Susquehanna","final_internal","","3","","3","other","100","","","1","","1","other","100","","","3","","3","other","100","","","3","","3","other","100","","","","","","","","","","","","","","",""
"41.68803386-76.33961254---2010","https://mapsengine.google.com/06136759344167181854-06191489742681286724-4/wms/?version=1.3.0","41.6880338606","-76.339612545","2010","Bradford","sweeper_internal","","1","","1","other","100","","7","4","1","12","fracking","58","","","","","","","","","","","","","","","","","1","","1","other","100","","","","","","","",""
"41.52165665-76.35655026---2010","https://mapsengine.google.com/06136759344167181854-06191489742681286724-4/wms/?version=1.3.0","41.52165665","-76.35655026","2010","Sullivan","first_internal","","3","","3","other","100","","","10","","10","other","100","","","3","","3","other","100","","","","","","","","","","","","","","","","","","","","","",""
"41.69944272-76.77565971---2008","https://mapsengine.google.com/06136759344167181854-00219351362547715467-4/wms/?version=1.3.0","41.6994427247","-76.7756597111","2008","Bradford","final_internal","","4","","4","other","100","","","1","","1","other","100","","","3","","3","other","100","","","4","","4","other","100","","","","","","","","","","","","","","",""
"41.5947481-75.5711555---2010","https://mapsengine.google.com/06136759344167181854-06191489742681286724-4/wms/?version=1.3.0","41.5947481","-75.5711555","2010","Lackawanna","first_internal","","3","","3","other","100","","1","9","","10","other","90","","","3","","3","other","100","","","","","","","","","","","","","","","","","","","","","",""
"40.74706578-79.61799536---2005","https://mapsengine.google.com/06136759344167181854-15960346301379896183-4/wms/?version=1.3.0","40.7470657793","-79.6179953568","2005","Armstrong","final_internal","","3","","3","other","100","","","1","","1","other","100","","","","","","","","","","3","","3","other","100","","","","","","","","","","","","","","",""
"41.54943979-79.16499408---2010","https://mapsengine.google.com/06136759344167181854-06191489742681286724-4/wms/?version=1.3.0","41.549439788","-79.1649940752","2010","Forest","public","29","","1","30","fracking","96","","29","","1","30","fracking","96","","","","","","","","","","","","","","","","","","","","","","","","","","","","",""
"41.89135088-75.40478533---2008","https://mapsengine.google.com/06136759344167181854-00219351362547715467-4/wms/?version=1.3.0","41.8913508793","-75.4047853253","2008","Wayne","final_internal","","3","","3","other","100","","","1","","1","other","100","","","3","","3","other","100","","","3","","3","other","100","","","","","","","","","","","","","","",""
"41.74098056-77.03698845---2010","https://mapsengine.google.com/06136759344167181854-06191489742681286724-4/wms/?version=1.3.0","41.7409805564","-77.0369884495","2010","Tioga","sweeper_internal","","1","","1","other","100","","5","3","3","11","fracking","45","","","","","","","","","","","","","","","","","1","","1","other","100","","","","","","","",""
"41.87983306-76.10462788---2010","https://mapsengine.google.com/06136759344167181854-06191489742681286724-4/wms/?version=1.3.0","41.87983306","-76.10462788","2010","Susquehanna","first_internal","","3","","3","other","100","","","10","","10","other","100","","","3","","3","other","100","","","","","","","","","","","","","","","","","","","","","",""
"40.7555601-79.72145712---2005","https://mapsengine.google.com/06136759344167181854-15960346301379896183-4/wms/?version=1.3.0","40.7555600972","-79.7214571163","2005","Butler","final_internal","","3","","3","other","100","","","1","","1","other","100","","","","","","","","","","3","","3","other","100","","","","","","","","","","","","","","",""
"39.71810703-79.96512885---2010","https://mapsengine.google.com/06136759344167181854-06191489742681286724-4/wms/?version=1.3.0","39.7181070296","-79.9651288509","2010","Greene","sweeper_internal","","1","","1","other","100","","4","3","3","10","fracking","40","","","","","","","","","","","","","","","","","1","","1","other","100","","","","","","","",""
"41.80426895-75.82742248---2008","https://mapsengine.google.com/06136759344167181854-00219351362547715467-4/wms/?version=1.3.0","41.8042689519","-75.8274224774","2008","Susquehanna","final_internal","","3","","3","other","100","","","1","","1","other","100","","","3","","3","other","100","","","3","","3","other","100","","","","","","","","","","","","","","",""
"41.73833014-77.16694344---2008","https://mapsengine.google.com/06136759344167181854-00219351362547715467-4/wms/?version=1.3.0","41.7383301445","-77.1669434426","2008","Tioga","final_internal","","3","","3","other","100","","","1","","1","other","100","","","","","","","","","","3","","3","other","100","","","","","","","","","","","","","","",""
"41.9100077-76.89471323---2010","https://mapsengine.google.com/06136759344167181854-06191489742681286724-4/wms/?version=1.3.0","41.9100077","-76.89471323","2010","Bradford","first_internal","","3","","3","other","100","","","10","","10","other","100","","","3","","3","other","100","","","","","","","","","","","","","","","","","","","","","",""
"41.57855146-76.91565422---2008","https://mapsengine.google.com/06136759344167181854-00219351362547715467-4/wms/?version=1.3.0","41.5785514637","-76.9156542173","2008","Lycoming","final_internal","","3","","3","other","100","","","1","","1","other","100","","","","","","","","","","3","","3","other","100","","","","","","","","","","","","","","",""
"41.78375488-76.31179973---2010","https://mapsengine.google.com/06136759344167181854-06191489742681286724-4/wms/?version=1.3.0","41.7837548828","-76.3117997262","2010","Bradford","sweeper_internal","","1","","1","other","100","","4","3","3","10","fracking","40","","","3","","3","other","100","","","","","","","","","","1","","1","other","100","","","","","","","",""
"41.66384511-75.6653471---2010","https://mapsengine.google.com/06136759344167181854-06191489742681286724-4/wms/?version=1.3.0","41.66384511","-75.6653471","2010","Susquehanna","first_internal","","3","","3","other","100","","","10","","10","other","100","","","3","","3","other","100","","","","","","","","","","","","","","","","","","","","","",""
"41.74801543-76.74928553---2005","https://mapsengine.google.com/06136759344167181854-15960346301379896183-4/wms/?version=1.3.0","41.7480154347","-76.7492855296","2005","Bradford","final_internal","","3","","3","other","100","","","1","","1","other","100","","","3","","3","other","100","","","3","","3","other","100","","","","","","","","","","","","","","",""
"40.25977613-80.23428162---2010","https://mapsengine.google.com/06136759344167181854-06191489742681286724-4/wms/?version=1.3.0","40.2597761259","-80.2342816236","2010","Washington","public","","10","","10","other","100","","","10","","10","other","100","","","","","","","","","","","","","","","","","","","","","","","","","","","","",""
"39.98579775-80.11751711---2010","https://mapsengine.google.com/06136759344167181854-06191489742681286724-4/wms/?version=1.3.0","39.9857977518","-80.1175171141","2010","Greene","public","10","","","10","fracking","100","","10","","","10","fracking","100","","","","","","","","","","","","","","","","","","","","","","","","","","","","",""
"41.7370249-75.88769701---2008","https://mapsengine.google.com/06136759344167181854-00219351362547715467-4/wms/?version=1.3.0","41.7370249044","-75.8876970102","2008","Susquehanna","final_internal","","3","","3","other","100","","","1","","1","other","100","","","3","","3","other","100","","","3","","3","other","100","","","","","","","","","","","","","","",""
"41.69615279-76.44313442---2005","https://mapsengine.google.com/06136759344167181854-15960346301379896183-4/wms/?version=1.3.0","41.6961527881","-76.443134422","2005","Bradford","final_internal","","3","","3","other","100","","","1","","1","other","100","","","3","","3","other","100","","","3","","3","other","100","","","","","","","","","","","","","","",""
"40.52011639-79.19991795---2010","https://mapsengine.google.com/06136759344167181854-06191489742681286724-4/wms/?version=1.3.0","40.5201163859","-79.1999179481","2010","Indiana","sweeper_internal","","1","","1","other","100","","","4","6","10","unknown","60","","","","","","","","","","","","","","","","","1","","1","other","100","","","","","","","",""
"41.67510571-75.86152806---2005","https://mapsengine.google.com/06136759344167181854-15960346301379896183-4/wms/?version=1.3.0","41.675105705","-75.8615280641","2005","Susquehanna","final_internal","","3","","3","other","100","","","1","","1","other","100","","","3","","3","other","100","","","3","","3","other","100","","","","","","","","","","","","","","",""
"41.31640287-76.69676926---2010","https://mapsengine.google.com/06136759344167181854-06191489742681286724-4/wms/?version=1.3.0","41.3164028711","-76.6967692605","2010","Lycoming","sweeper_internal","","1","","1","other","100","","2","7","2","11","other","63","","","","","","","","","","","","","","","","","1","","1","other","100","","","","","","","",""
"41.69803858-77.29315944---2010","https://mapsengine.google.com/06136759344167181854-06191489742681286724-4/wms/?version=1.3.0","41.6980385821","-77.2931594358","2010","Tioga","sweeper_internal","","1","","1","other","100","","1","8","3","12","other","66","","","","","","","","","","","","","","","","","1","","1","other","100","","","","","","","",""
"40.67667459-79.38270224---2010","https://mapsengine.google.com/06136759344167181854-06191489742681286724-4/wms/?version=1.3.0","40.6766745899","-79.3827022419","2010","Armstrong","public","10","","","10","fracking","100","","10","","","10","fracking","100","","","","","","","","","","","","","","","","","","","","","","","","","","","","",""
"40.85495484-79.57886017---2008","https://mapsengine.google.com/06136759344167181854-00219351362547715467-4/wms/?version=1.3.0","40.8549548447","-79.5788601728","2008","Armstrong","first_internal","2","1","","3","fracking","66","","1","4","1","6","other","66","","2","1","","3","fracking","66","","","","","","","","","","","","","","","","","","","","","",""
"39.71716746-79.98009284---2010","https://mapsengine.google.com/06136759344167181854-06191489742681286724-4/wms/?version=1.3.0","39.7171674642","-79.9800928352","2010","Greene","public","","10","","10","other","100","","","10","","10","other","100","","","","","","","","","","","","","","","","","","","","","","","","","","","","",""
"40.25155685-79.74934974---2010","https://mapsengine.google.com/06136759344167181854-06191489742681286724-4/wms/?version=1.3.0","40.2515568498","-79.7493497381","2010","Westmoreland","public","","10","","10","other","100","","","10","","10","other","100","","","","","","","","","","","","","","","","","","","","","","","","","","","","",""
"40.56868258-79.21836124---2005","https://mapsengine.google.com/06136759344167181854-15960346301379896183-4/wms/?version=1.3.0","40.5686825783","-79.218361237","2005","Indiana","final_internal","","3","","3","other","100","","","1","","1","other","100","","","","","","","","","","3","","3","other","100","","","","","","","","","","","","","","",""
"40.1211745-80.22567058---2010","https://mapsengine.google.com/06136759344167181854-06191489742681286724-4/wms/?version=1.3.0","40.1211744981","-80.2256705776","2010","Washington","public","","10","","10","other","100","","","10","","10","other","100","","","","","","","","","","","","","","","","","","","","","","","","","","","","",""
"41.69295094-75.96444808---2008","https://mapsengine.google.com/06136759344167181854-00219351362547715467-4/wms/?version=1.3.0","41.6929509386","-75.9644480772","2008","Susquehanna","final_internal","","3","","3","other","100","","","1","","1","other","100","","","2","1","3","other","66","","","3","","3","other","100","","","","","","","","","","","","","","",""
"39.91952142-80.00176854---2010","https://mapsengine.google.com/06136759344167181854-06191489742681286724-4/wms/?version=1.3.0","39.9195214249","-80.0017685371","2010","Greene","public","","10","","10","other","100","","","10","","10","other","100","","","","","","","","","","","","","","","","","","","","","","","","","","","","",""
"41.69738186-75.88405505---2008","https://mapsengine.google.com/06136759344167181854-00219351362547715467-4/wms/?version=1.3.0","41.6973818572","-75.88405505","2008","Susquehanna","final_internal","1","2","","3","other","66","","","1","","1","other","100","","","3","","3","other","100","","1","2","","3","other","66","","","","","","","","","","","","","","",""
"41.43046464-77.14517797---2005","https://mapsengine.google.com/06136759344167181854-15960346301379896183-4/wms/?version=1.3.0","41.4304646417","-77.1451779666","2005","Lycoming","missing_internal","","1","","1","other","100","","","","","","fracking|unknown|other","","","","","","","","","","","","","","","","","","","","","","","","","1","","1","other","100",""
"39.95962202-79.83799927---2008","https://mapsengine.google.com/06136759344167181854-00219351362547715467-4/wms/?version=1.3.0","39.959622021","-79.8379992695","2008","Fayette","sweeper_internal","","1","","1","other","100","","2","6","2","10","other","60","","","3","","3","other","100","","","","","","","","","","1","","1","other","100","","","","","","","",""
"41.98352423-77.50614465---2005","https://mapsengine.google.com/06136759344167181854-15960346301379896183-4/wms/?version=1.3.0","41.9835242297","-77.5061446463","2005","Tioga","missing_internal","","1","","1","other","100","","","","","","fracking|unknown|other","","","","","","","","","","","","","","","","","","","","","","","","","1","","1","other","100",""
"41.68649726-75.90221246---2010","https://mapsengine.google.com/06136759344167181854-06191489742681286724-4/wms/?version=1.3.0","41.68649726","-75.90221246","2010","Susquehanna","first_internal","","3","","3","other","100","","","12","","12","other","100","","","3","","3","other","100","","","","","","","","","","","","","","","","","","","","","",""
"41.7454974-77.03835899---2010","https://mapsengine.google.com/06136759344167181854-06191489742681286724-4/wms/?version=1.3.0","41.7454974001","-77.0383589861","2010","Tioga","sweeper_internal","","1","","1","other","100","","","7","3","10","other","70","","","","","","","","","","","","","","","","","1","","1","other","100","","","","","","","",""
"39.83295659-80.02676936---2010","https://mapsengine.google.com/06136759344167181854-06191489742681286724-4/wms/?version=1.3.0","39.8329565942","-80.0267693625","2010","Greene","public","","10","","10","other","100","","","10","","10","other","100","","","","","","","","","","","","","","","","","","","","","","","","","","","","",""
"41.63641364-76.40832427---2010","https://mapsengine.google.com/06136759344167181854-06191489742681286724-4/wms/?version=1.3.0","41.63641364","-76.40832427","2010","Bradford","first_internal","","3","","3","other","100","","","11","1","12","other","91","","","3","","3","other","100","","","","","","","","","","","","","","","","","","","","","",""
"40.80673919-79.65641466---2010","https://mapsengine.google.com/06136759344167181854-06191489742681286724-4/wms/?version=1.3.0","40.8067391867","-79.6564146572","2010","Armstrong","public","","11","","11","other","100","","","11","","11","other","100","","","","","","","","","","","","","","","","","","","","","","","","","","","","",""
"41.8635919-76.05939945---2010","https://mapsengine.google.com/06136759344167181854-06191489742681286724-4/wms/?version=1.3.0","41.8635919","-76.05939945","2010","Susquehanna","first_internal","","3","","3","other","100","","","10","1","11","other","90","","","3","","3","other","100","","","","","","","","","","","","","","","","","","","","","",""
"40.39788786-79.27698753---2010","https://mapsengine.google.com/06136759344167181854-06191489742681286724-4/wms/?version=1.3.0","40.3978878621","-79.2769875277","2010","Westmoreland","public","","9","1","10","other","90","","","9","1","10","other","90","","","","","","","","","","","","","","","","","","","","","","","","","","","","",""
"41.99506557-76.95353313---2005","https://mapsengine.google.com/06136759344167181854-15960346301379896183-4/wms/?version=1.3.0","41.9950655662","-76.9535331322","2005","Tioga","final_internal","","3","","3","other","100","","","1","","1","other","100","","","","","","","","","","3","","3","other","100","","","","","","","","","","","","","","",""
"39.80133761-79.96322179---2010","https://mapsengine.google.com/06136759344167181854-06191489742681286724-4/wms/?version=1.3.0","39.8013376059","-79.9632217938","2010","Greene","public","1","9","","10","other","90","","1","9","","10","other","90","","","","","","","","","","","","","","","","","","","","","","","","","","","","",""
"41.68655522-75.97085952---2010","https://mapsengine.google.com/06136759344167181854-06191489742681286724-4/wms/?version=1.3.0","41.68655522","-75.97085952","2010","Susquehanna","first_internal","","3","","3","other","100","","","10","","10","other","100","","","3","","3","other","100","","","","","","","","","","","","","","","","","","","","","",""
"41.44699802-77.01045236---2010","https://mapsengine.google.com/06136759344167181854-06191489742681286724-4/wms/?version=1.3.0","41.4469980164","-77.0104523624","2010","Lycoming","public","11","","1","12","fracking","91","","11","","1","12","fracking","91","","","","","","","","","","","","","","","","","","","","","","","","","","","","",""
"41.97510044-76.63401477---2010","https://mapsengine.google.com/06136759344167181854-06191489742681286724-4/wms/?version=1.3.0","41.9751004411","-76.634014768","2010","Bradford","sweeper_internal","","1","","1","other","100","","","9","3","12","other","75","","","1","2","3","unknown","66","","","","","","","","","","1","","1","other","100","","","","","","","",""
"39.90577514-79.97069726---2005","https://mapsengine.google.com/06136759344167181854-15960346301379896183-4/wms/?version=1.3.0","39.9057751371","-79.9706972631","2005","Greene","final_internal","","3","","3","other","100","","","1","","1","other","100","","","","","","","","","","3","","3","other","100","","","","","","","","","","","","","","",""
"40.49538149-79.59444058---2010","https://mapsengine.google.com/06136759344167181854-06191489742681286724-4/wms/?version=1.3.0","40.4953814923","-79.5944405843","2010","Westmoreland","public","","10","","10","other","100","","","10","","10","other","100","","","","","","","","","","","","","","","","","","","","","","","","","","","","",""
"41.79493992-77.02085639---2010","https://mapsengine.google.com/06136759344167181854-06191489742681286724-4/wms/?version=1.3.0","41.7949399223","-77.0208563913","2010","Tioga","public","","8","2","10","other","80","","","8","2","10","other","80","","","","","","","","","","","","","","","","","","","","","","","","","","","","",""
"41.69337967-75.84038889---2005","https://mapsengine.google.com/06136759344167181854-15960346301379896183-4/wms/?version=1.3.0","41.693379675","-75.8403888907","2005","Susquehanna","final_internal","","3","","3","other","100","","","1","","1","other","100","","","","","","","","","","3","","3","other","100","","","","","","","","","","","","","","",""
"41.68160732-76.26082861---2010","https://mapsengine.google.com/06136759344167181854-06191489742681286724-4/wms/?version=1.3.0","41.681607324","-76.2608286075","2010","Bradford","sweeper_internal","","1","","1","other","100","","3","6","1","10","other","60","","","1","2","3","unknown","66","","","","","","","","","","1","","1","other","100","","","","","","","",""
"39.87479932-79.94614051---2008","https://mapsengine.google.com/06136759344167181854-00219351362547715467-4/wms/?version=1.3.0","39.8747993227","-79.9461405096","2008","Greene","first_internal","","3","","3","other","100","","","10","","10","other","100","","","3","","3","other","100","","","","","","","","","","","","","","","","","","","","","",""
"41.42245578-78.27955729---2010","https://mapsengine.google.com/06136759344167181854-06191489742681286724-4/wms/?version=1.3.0","41.4224557765","-78.2795572946","2010","Cameron","public","","12","","12","other","100","","","12","","12","other","100","","","","","","","","","","","","","","","","","","","","","","","","","","","","",""
"40.88676845-79.51357494---2010","https://mapsengine.google.com/06136759344167181854-06191489742681286724-4/wms/?version=1.3.0","40.886768452","-79.5135749422","2010","Armstrong","sweeper_internal","","1","","1","other","100","","2","7","1","10","other","70","","","","","","","","","","","","","","","","","1","","1","other","100","","","","","","","",""
"39.82471465-80.27400009---2005","https://mapsengine.google.com/06136759344167181854-15960346301379896183-4/wms/?version=1.3.0","39.8247146527","-80.2740000935","2005","Greene","final_internal","","3","","3","other","100","","","1","","1","other","100","","","","","","","","","","3","","3","other","100","","","","","","","","","","","","","","",""
"41.2671931-76.61865441---2005","https://mapsengine.google.com/06136759344167181854-15960346301379896183-4/wms/?version=1.3.0","41.267193097","-76.6186544111","2005","Lycoming","missing_internal","","1","","1","other","100","","","","","","fracking|unknown|other","","","","","","","","","","","","","","","","","","","","","","","","","1","","1","other","100",""
"41.91103922-75.81800964---2005","https://mapsengine.google.com/06136759344167181854-15960346301379896183-4/wms/?version=1.3.0","41.9110392242","-75.8180096404","2005","Susquehanna","final_internal","","3","","3","other","100","","","1","","1","other","100","","","3","","3","other","100","","","3","","3","other","100","","","","","","","","","","","","","","",""
"41.66841111-75.67485415---2010","https://mapsengine.google.com/06136759344167181854-06191489742681286724-4/wms/?version=1.3.0","41.66841111","-75.67485415","2010","Susquehanna","first_internal","","3","","3","other","100","","","11","","11","other","100","","","3","","3","other","100","","","","","","","","","","","","","","","","","","","","","",""
"41.20159849-79.21647317---2005","https://mapsengine.google.com/06136759344167181854-15960346301379896183-4/wms/?version=1.3.0","41.2015984859","-79.2164731727","2005","Clarion","final_internal","2","1","","3","fracking","66","","","","1","1","unknown","100","","","","","","","","","2","1","","3","fracking","66","","","","","","","","","","","","","","",""
"40.45377166-80.34128997---2010","https://mapsengine.google.com/06136759344167181854-06191489742681286724-4/wms/?version=1.3.0","40.4537716613","-80.3412899721","2010","Washington","sweeper_internal","","1","","1","other","100","","6","3","1","10","fracking","60","","","","","","","","","","","","","","","","","1","","1","other","100","","","","","","","",""
"39.80077328-79.52954348---2010","https://mapsengine.google.com/06136759344167181854-06191489742681286724-4/wms/?version=1.3.0","39.8007732834","-79.5295434834","2010","Fayette","public","","8","2","10","other","80","","","8","2","10","other","80","","","","","","","","","","","","","","","","","","","","","","","","","","","","",""
"41.69006996-76.05851216---2010","https://mapsengine.google.com/06136759344167181854-06191489742681286724-4/wms/?version=1.3.0","41.69006996","-76.05851216","2010","Susquehanna","first_internal","","3","","3","other","100","","","10","","10","other","100","","","3","","3","other","100","","","","","","","","","","","","","","","","","","","","","",""
"41.74192448-77.03200894---2005","https://mapsengine.google.com/06136759344167181854-15960346301379896183-4/wms/?version=1.3.0","41.741924479","-77.0320089431","2005","Tioga","missing_internal","","1","","1","other","100","","","","","","fracking|unknown|other","","","","","","","","","","","","","","","","","","","","","","","","","1","","1","other","100",""
"41.79579423-77.01898298---2010","https://mapsengine.google.com/06136759344167181854-06191489742681286724-4/wms/?version=1.3.0","41.795794234","-77.0189829825","2010","Tioga","public","","8","2","10","other","80","","","8","2","10","other","80","","","","","","","","","","","","","","","","","","","","","","","","","","","","",""
"39.84808407-79.86097508---2008","https://mapsengine.google.com/06136759344167181854-00219351362547715467-4/wms/?version=1.3.0","39.8480840714","-79.8609750799","2008","Fayette","first_internal","","3","","3","other","100","","","9","1","10","other","90","","","3","","3","other","100","","","","","","","","","","","","","","","","","","","","","",""
"41.27331647-77.28963293---2010","https://mapsengine.google.com/06136759344167181854-06191489742681286724-4/wms/?version=1.3.0","41.2733164721","-77.2896329311","2010","Lycoming","public","","10","","10","other","100","","","10","","10","other","100","","","","","","","","","","","","","","","","","","","","","","","","","","","","",""
"41.72984802-76.00641523---2008","https://mapsengine.google.com/06136759344167181854-00219351362547715467-4/wms/?version=1.3.0","41.7298480167","-76.0064152261","2008","Susquehanna","final_internal","","3","","3","other","100","","","1","","1","other","100","","","3","","3","other","100","","","3","","3","other","100","","","","","","","","","","","","","","",""
"41.7248915-75.90643659---2010","https://mapsengine.google.com/06136759344167181854-06191489742681286724-4/wms/?version=1.3.0","41.7248915","-75.90643659","2010","Susquehanna","first_internal","","3","","3","other","100","","","12","","12","other","100","","","3","","3","other","100","","","","","","","","","","","","","","","","","","","","","",""
"41.78759067-78.16801377---2008","https://mapsengine.google.com/06136759344167181854-00219351362547715467-4/wms/?version=1.3.0","41.7875906731","-78.168013769","2008","Potter","final_internal","1","2","","3","other","66","","","","1","1","unknown","100","","","","","","","","","1","2","","3","other","66","","","","","","","","","","","","","","",""
"39.8377805-79.53688911---2005","https://mapsengine.google.com/06136759344167181854-15960346301379896183-4/wms/?version=1.3.0","39.8377805021","-79.536889113","2005","Fayette","final_internal","","3","","3","other","100","","","1","","1","other","100","","","","","","","","","","3","","3","other","100","","","","","","","","","","","","","","",""
"39.93744796-80.00548948---2010","https://mapsengine.google.com/06136759344167181854-06191489742681286724-4/wms/?version=1.3.0","39.9374479607","-80.0054894766","2010","Greene","public","","10","","10","other","100","","","10","","10","other","100","","","","","","","","","","","","","","","","","","","","","","","","","","","","",""
"40.87601059-79.52159611---2005","https://mapsengine.google.com/06136759344167181854-15960346301379896183-4/wms/?version=1.3.0","40.8760105914","-79.5215961142","2005","Armstrong","final_internal","","3","","3","other","100","","","1","","1","other","100","","","","","","","","","","3","","3","other","100","","","","","","","","","","","","","","",""
"41.46043293-76.40340715---2010","https://mapsengine.google.com/06136759344167181854-06191489742681286724-4/wms/?version=1.3.0","41.46043293","-76.40340715","2010","Sullivan","first_internal","","3","","3","other","100","","","12","1","13","other","92","","","3","","3","other","100","","","","","","","","","","","","","","","","","","","","","",""
"41.7648468-76.50677498---2010","https://mapsengine.google.com/06136759344167181854-06191489742681286724-4/wms/?version=1.3.0","41.7648468","-76.50677498","2010","Bradford","first_internal","","3","","3","other","100","","","10","","10","other","100","","","3","","3","other","100","","","","","","","","","","","","","","","","","","","","","",""
"40.86218561-79.50272526---2005","https://mapsengine.google.com/06136759344167181854-15960346301379896183-4/wms/?version=1.3.0","40.862185606","-79.5027252648","2005","Armstrong","final_internal","","3","","3","other","100","","","","1","1","unknown","100","","","","","","","","","","3","","3","other","100","","","","","","","","","","","","","","",""
"39.92286677-79.96762872---2008","https://mapsengine.google.com/06136759344167181854-00219351362547715467-4/wms/?version=1.3.0","39.9228667729","-79.9676287192","2008","Greene","sweeper_internal","","1","","1","other","100","","2","6","2","10","other","60","","","2","1","3","other","66","","","","","","","","","","1","","1","other","100","","","","","","","",""
"41.94865229-76.95879966---2008","https://mapsengine.google.com/06136759344167181854-00219351362547715467-4/wms/?version=1.3.0","41.9486522898","-76.9587996617","2008","Tioga","final_internal","","4","","4","other","100","","","1","","1","other","100","","","","","","","","","","4","","4","other","100","","","","","","","","","","","","","","",""
"41.74566589-75.94717738---2010","https://mapsengine.google.com/06136759344167181854-06191489742681286724-4/wms/?version=1.3.0","41.74566589","-75.94717738","2010","Susquehanna","first_internal","","3","","3","other","100","","","10","","10","other","100","","","3","","3","other","100","","","","","","","","","","","","","","","","","","","","","",""
"40.26301299-80.46514138---2010","https://mapsengine.google.com/06136759344167181854-06191489742681286724-4/wms/?version=1.3.0","40.263012985","-80.4651413843","2010","Washington","sweeper_internal","1","","","1","fracking","100","","7","1","2","10","fracking","70","","","","","","","","","","","","","","","","1","","","1","fracking","100","","","","","","","",""
"41.72385565-76.26278896---2008","https://mapsengine.google.com/06136759344167181854-00219351362547715467-4/wms/?version=1.3.0","41.7238556525","-76.2627889632","2008","Bradford","final_internal","","3","","3","other","100","","","1","","1","other","100","","","3","","3","other","100","","","3","","3","other","100","","","","","","","","","","","","","","",""
"41.88756325-76.95964305---2008","https://mapsengine.google.com/06136759344167181854-00219351362547715467-4/wms/?version=1.3.0","41.8875632501","-76.9596430456","2008","Tioga","final_internal","","3","","3","other","100","","","1","","1","other","100","","","","","","","","","","3","","3","other","100","","","","","","","","","","","","","","",""
"41.71396674-75.88351679---2008","https://mapsengine.google.com/06136759344167181854-00219351362547715467-4/wms/?version=1.3.0","41.7139667427","-75.8835167924","2008","Susquehanna","final_internal","","3","","3","other","100","","","1","","1","other","100","","","3","","3","other","100","","","3","","3","other","100","","","","","","","","","","","","","","",""
"41.77740231-75.94534547---2005","https://mapsengine.google.com/06136759344167181854-15960346301379896183-4/wms/?version=1.3.0","41.777402309","-75.9453454698","2005","Susquehanna","final_internal","","3","","3","other","100","","","","1","1","unknown","100","","","1","2","3","unknown","66","","","3","","3","other","100","","","","","","","","","","","","","","",""
"39.90076481-79.95466929---2008","https://mapsengine.google.com/06136759344167181854-00219351362547715467-4/wms/?version=1.3.0","39.9007648101","-79.9546692867","2008","Greene","first_internal","","3","","3","other","100","","","8","2","10","other","80","","","3","","3","other","100","","","","","","","","","","","","","","","","","","","","","",""
"41.46534379-76.40110944---2008","https://mapsengine.google.com/06136759344167181854-00219351362547715467-4/wms/?version=1.3.0","41.4653437935","-76.4011094419","2008","Sullivan","final_internal","","3","","3","other","100","","","1","","1","other","100","","","3","","3","other","100","","","3","","3","other","100","","","","","","","","","","","","","","",""
"41.72364081-76.27119454---2010","https://mapsengine.google.com/06136759344167181854-06191489742681286724-4/wms/?version=1.3.0","41.72364081","-76.27119454","2010","Bradford","first_internal","","3","","3","other","100","","","10","","10","other","100","","","3","","3","other","100","","","","","","","","","","","","","","","","","","","","","",""
"39.96992734-79.99063468---2008","https://mapsengine.google.com/06136759344167181854-00219351362547715467-4/wms/?version=1.3.0","39.9699273418","-79.990634677","2008","Fayette","sweeper_internal","","1","","1","other","100","","7","2","1","10","fracking","70","","","2","1","3","other","66","","","","","","","","","","1","","1","other","100","","","","","","","",""
"41.90632857-76.8571154---2010","https://mapsengine.google.com/06136759344167181854-06191489742681286724-4/wms/?version=1.3.0","41.90632857","-76.8571154","2010","Bradford","first_internal","","3","","3","other","100","","2","8","","10","other","80","","","3","","3","other","100","","","","","","","","","","","","","","","","","","","","","",""
"41.70284828-77.53774753---2008","https://mapsengine.google.com/06136759344167181854-00219351362547715467-4/wms/?version=1.3.0","41.7028482803","-77.5377475334","2008","Tioga","final_internal","","3","","3","other","100","","","1","","1","other","100","","","","","","","","","","3","","3","other","100","","","","","","","","","","","","","","",""
"41.9577804-77.41903356---2005","https://mapsengine.google.com/06136759344167181854-15960346301379896183-4/wms/?version=1.3.0","41.9577803963","-77.4190335607","2005","Tioga","missing_internal","","1","","1","other","100","","","","","","fracking|unknown|other","","","","","","","","","","","","","","","","","","","","","","","","","1","","1","other","100",""
"39.83039143-79.95479467---2010","https://mapsengine.google.com/06136759344167181854-06191489742681286724-4/wms/?version=1.3.0","39.8303914305","-79.9547946686","2010","Greene","public","1","8","1","10","other","80","","1","8","1","10","other","80","","","","","","","","","","","","","","","","","","","","","","","","","","","","",""
"41.33315241-77.18020865---2008","https://mapsengine.google.com/06136759344167181854-00219351362547715467-4/wms/?version=1.3.0","41.333152411","-77.1802086499","2008","Lycoming","final_internal","","3","","3","other","100","","","1","","1","other","100","","","","","","","","","","3","","3","other","100","","","","","","","","","","","","","","",""
"40.11901122-79.81584218---2010","https://mapsengine.google.com/06136759344167181854-06191489742681286724-4/wms/?version=1.3.0","40.1190112249","-79.8158421781","2010","Fayette","public","1","9","","10","other","90","","1","9","","10","other","90","","","","","","","","","","","","","","","","","","","","","","","","","","","","",""
"41.57999908-77.05841137---2005","https://mapsengine.google.com/06136759344167181854-15960346301379896183-4/wms/?version=1.3.0","41.5799990843","-77.0584113732","2005","Tioga","missing_internal","","1","","1","other","100","","","","","","fracking|unknown|other","","","","","","","","","","","","","","","","","","","","","","","","","1","","1","other","100",""
"41.85742576-76.83755597---2008","https://mapsengine.google.com/06136759344167181854-00219351362547715467-4/wms/?version=1.3.0","41.8574257607","-76.837555972","2008","Bradford","final_internal","","3","","3","other","100","","","1","","1","other","100","","","3","","3","other","100","","","3","","3","other","100","","","","","","","","","","","","","","",""
"41.64601079-76.34352864---2010","https://mapsengine.google.com/06136759344167181854-06191489742681286724-4/wms/?version=1.3.0","41.64601079","-76.34352864","2010","Bradford","first_internal","","3","","3","other","100","","","10","","10","other","100","","","3","","3","other","100","","","","","","","","","","","","","","","","","","","","","",""
"41.69444766-75.95764141---2010","https://mapsengine.google.com/06136759344167181854-06191489742681286724-4/wms/?version=1.3.0","41.69444766","-75.95764141","2010","Susquehanna","first_internal","","3","","3","other","100","","","11","","11","other","100","","","3","","3","other","100","","","","","","","","","","","","","","","","","","","","","",""
"39.73374094-80.32788763---2010","https://mapsengine.google.com/06136759344167181854-06191489742681286724-4/wms/?version=1.3.0","39.7337409386","-80.3278876254","2010","Greene","public","","9","1","10","other","90","","","9","1","10","other","90","","","","","","","","","","","","","","","","","","","","","","","","","","","","",""
"41.88476788-75.89081817---2005","https://mapsengine.google.com/06136759344167181854-15960346301379896183-4/wms/?version=1.3.0","41.8847678767","-75.8908181669","2005","Susquehanna","final_internal","","3","","3","other","100","","","1","","1","other","100","","","3","","3","other","100","","","3","","3","other","100","","","","","","","","","","","","","","",""
"41.38883555-79.00466279---2010","https://mapsengine.google.com/06136759344167181854-06191489742681286724-4/wms/?version=1.3.0","41.3888355508","-79.0046627922","2010","Elk","public","","15","","15","other","100","","","15","","15","other","100","","","","","","","","","","","","","","","","","","","","","","","","","","","","",""
"39.91153481-79.96571192---2008","https://mapsengine.google.com/06136759344167181854-00219351362547715467-4/wms/?version=1.3.0","39.911534813","-79.965711921","2008","Greene","sweeper_internal","","1","","1","other","100","","1","7","2","10","other","70","","","3","","3","other","100","","","","","","","","","","1","","1","other","100","","","","","","","",""
"41.73793587-76.09239617---2010","https://mapsengine.google.com/06136759344167181854-06191489742681286724-4/wms/?version=1.3.0","41.73793587","-76.09239617","2010","Susquehanna","first_internal","","3","","3","other","100","","","10","","10","other","100","","","3","","3","other","100","","","","","","","","","","","","","","","","","","","","","",""
"40.01787045-80.06682824---2005","https://mapsengine.google.com/06136759344167181854-15960346301379896183-4/wms/?version=1.3.0","40.0178704514","-80.0668282374","2005","Washington","final_internal","","3","","3","other","100","","","1","","1","other","100","","","","","","","","","","3","","3","other","100","","","","","","","","","","","","","","",""
"41.76399743-76.81802587---2005","https://mapsengine.google.com/06136759344167181854-15960346301379896183-4/wms/?version=1.3.0","41.7639974266","-76.8180258709","2005","Bradford","final_internal","","3","","3","other","100","","","1","","1","other","100","","","3","","3","other","100","","","3","","3","other","100","","","","","","","","","","","","","","",""
"39.87506098-80.0570328---2008","https://mapsengine.google.com/06136759344167181854-00219351362547715467-4/wms/?version=1.3.0","39.8750609827","-80.057032797","2008","Greene","first_internal","","3","","3","other","100","","1","9","","10","other","90","","","3","","3","other","100","","","","","","","","","","","","","","","","","","","","","",""
"41.78235768-75.96325237---2005","https://mapsengine.google.com/06136759344167181854-15960346301379896183-4/wms/?version=1.3.0","41.7823576788","-75.963252373","2005","Susquehanna","final_internal","","3","","3","other","100","","","1","","1","other","100","","","3","","3","other","100","","","3","","3","other","100","","","","","","","","","","","","","","",""
"41.68245397-76.35054862---2005","https://mapsengine.google.com/06136759344167181854-15960346301379896183-4/wms/?version=1.3.0","41.6824539678","-76.3505486233","2005","Bradford","final_internal","","3","","3","other","100","","","1","","1","other","100","","","3","","3","other","100","","","3","","3","other","100","","","","","","","","","","","","","","",""
"40.33660302-79.35968229---2010","https://mapsengine.google.com/06136759344167181854-06191489742681286724-4/wms/?version=1.3.0","40.3366030244","-79.3596822934","2010","Westmoreland","public","9","","1","10","fracking","90","","9","","1","10","fracking","90","","","","","","","","","","","","","","","","","","","","","","","","","","","","",""
"41.9217353-78.73557097---2005","https://mapsengine.google.com/06136759344167181854-15960346301379896183-4/wms/?version=1.3.0","41.9217352973","-78.7355709668","2005","McKean","final_internal","","3","","3","other","100","","","1","","1","other","100","","","","","","","","","","3","","3","other","100","","","","","","","","","","","","","","",""
"39.84631377-79.85860424---2008","https://mapsengine.google.com/06136759344167181854-00219351362547715467-4/wms/?version=1.3.0","39.8463137723","-79.8586042382","2008","Fayette","sweeper_internal","","1","","1","other","100","","7","2","1","10","fracking","70","","2","","1","3","fracking","66","","","","","","","","","","1","","1","other","100","","","","","","","",""
"39.83644372-79.88219838---2010","https://mapsengine.google.com/06136759344167181854-06191489742681286724-4/wms/?version=1.3.0","39.8364437154","-79.8821983784","2010","Fayette","sweeper_internal","","1","","1","other","100","","2","7","1","10","other","70","","","","","","","","","","","","","","","","","1","","1","other","100","","","","","","","",""
"41.28362211-76.32801815---2010","https://mapsengine.google.com/06136759344167181854-06191489742681286724-4/wms/?version=1.3.0","41.28362211","-76.32801815","2010","Columbia","first_internal","","3","","3","other","100","","","10","1","11","other","90","","","3","","3","other","100","","","","","","","","","","","","","","","","","","","","","",""
"41.74568272-77.11998291---2008","https://mapsengine.google.com/06136759344167181854-00219351362547715467-4/wms/?version=1.3.0","41.7456827175","-77.1199829149","2008","Tioga","final_internal","","3","","3","other","100","","","1","","1","other","100","","","","","","","","","","3","","3","other","100","","","","","","","","","","","","","","",""
"41.11902817-78.05792302---2005","https://mapsengine.google.com/06136759344167181854-15960346301379896183-4/wms/?version=1.3.0","41.1190281697","-78.0579230217","2005","Centre","missing_internal","","1","","1","other","100","","","","","","fracking|unknown|other","","","","","","","","","","","","","","","","","","","","","","","","","1","","1","other","100",""
"40.27292295-80.31489407---2010","https://mapsengine.google.com/06136759344167181854-06191489742681286724-4/wms/?version=1.3.0","40.2729229532","-80.314894072","2010","Washington","public","","10","","10","other","100","","","10","","10","other","100","","","","","","","","","","","","","","","","","","","","","","","","","","","","",""
"39.94255898-80.26449459---2010","https://mapsengine.google.com/06136759344167181854-06191489742681286724-4/wms/?version=1.3.0","39.9425589766","-80.2644945937","2010","Greene","public","9","","1","10","fracking","90","","9","","1","10","fracking","90","","","","","","","","","","","","","","","","","","","","","","","","","","","","",""
"41.63274084-76.15879781---2005","https://mapsengine.google.com/06136759344167181854-15960346301379896183-4/wms/?version=1.3.0","41.6327408381","-76.1587978078","2005","Wyoming","final_internal","","3","","3","other","100","","","1","","1","other","100","","","3","","3","other","100","","","3","","3","other","100","","","","","","","","","","","","","","",""
"39.87119281-79.98838501---2010","https://mapsengine.google.com/06136759344167181854-06191489742681286724-4/wms/?version=1.3.0","39.8711928085","-79.9883850107","2010","Greene","public","","9","1","10","other","90","","","9","1","10","other","90","","","","","","","","","","","","","","","","","","","","","","","","","","","","",""
"40.29862509-80.37887025---2010","https://mapsengine.google.com/06136759344167181854-06191489742681286724-4/wms/?version=1.3.0","40.29862509","-80.3788702454","2010","Washington","public","2","8","","10","other","80","","2","8","","10","other","80","","","","","","","","","","","","","","","","","","","","","","","","","","","","",""
"41.65555575-75.96035697---2010","https://mapsengine.google.com/06136759344167181854-06191489742681286724-4/wms/?version=1.3.0","41.6555557527","-75.9603569678","2010","Susquehanna","sweeper_internal","","1","","1","other","100","","5","3","2","10","fracking","50","","2","","1","3","fracking","66","","","","","","","","","","1","","1","other","100","","","","","","","",""
"40.83094376-79.14553784---2005","https://mapsengine.google.com/06136759344167181854-15960346301379896183-4/wms/?version=1.3.0","40.8309437589","-79.1455378441","2005","Indiana","final_internal","","3","","3","other","100","","","1","","1","other","100","","","","","","","","","","3","","3","other","100","","","","","","","","","","","","","","",""
"39.88885814-80.02590974---2005","https://mapsengine.google.com/06136759344167181854-15960346301379896183-4/wms/?version=1.3.0","39.8888581403","-80.025909742","2005","Greene","final_internal","2","","1","3","fracking","66","","1","","","1","fracking","100","","","","","","","","","2","","1","3","fracking","66","","","","","","","","","","","","","","",""
"39.90946392-79.96307561---2008","https://mapsengine.google.com/06136759344167181854-00219351362547715467-4/wms/?version=1.3.0","39.9094639249","-79.9630756124","2008","Greene","first_internal","3","","","3","fracking","100","","9","","1","10","fracking","90","","3","","","3","fracking","100","","","","","","","","","","","","","","","","","","","","","",""
"41.24895212-77.47832111---2008","https://mapsengine.google.com/06136759344167181854-00219351362547715467-4/wms/?version=1.3.0","41.2489521242","-77.4783211105","2008","Clinton","final_internal","","4","","4","other","100","","","1","","1","other","100","","","","","","","","","","4","","4","other","100","","","","","","","","","","","","","","",""
"39.91396299-79.98510056---2010","https://mapsengine.google.com/06136759344167181854-06191489742681286724-4/wms/?version=1.3.0","39.9139629905","-79.9851005593","2010","Greene","sweeper_internal","","1","","1","other","100","","","7","3","10","other","70","","","","","","","","","","","","","","","","","1","","1","other","100","","","","","","","",""
"40.43916619-79.07734831---2010","https://mapsengine.google.com/06136759344167181854-06191489742681286724-4/wms/?version=1.3.0","40.4391661872","-79.0773483051","2010","Indiana","sweeper_internal","1","","","1","fracking","100","","23","2","5","30","fracking","76","","","","","","","","","","","","","","","","1","","","1","fracking","100","","","","","","","",""
"41.67206036-76.09768426---2010","https://mapsengine.google.com/06136759344167181854-06191489742681286724-4/wms/?version=1.3.0","41.67206036","-76.09768426","2010","Susquehanna","first_internal","","3","","3","other","100","","","10","","10","other","100","","","3","","3","other","100","","","","","","","","","","","","","","","","","","","","","",""
"41.81087007-76.93865621---2008","https://mapsengine.google.com/06136759344167181854-00219351362547715467-4/wms/?version=1.3.0","41.8108700654","-76.938656214","2008","Tioga","final_internal","","3","","3","other","100","","","1","","1","other","100","","","","","","","","","","3","","3","other","100","","","","","","","","","","","","","","",""
"41.73334438-75.88650203---2008","https://mapsengine.google.com/06136759344167181854-00219351362547715467-4/wms/?version=1.3.0","41.7333443809","-75.8865020259","2008","Susquehanna","final_internal","1","2","","3","other","66","","1","","","1","fracking","100","","1","2","","3","other","66","","1","2","","3","other","66","","","","","","","","","","","","","","",""
"40.27079163-80.35548692---2010","https://mapsengine.google.com/06136759344167181854-06191489742681286724-4/wms/?version=1.3.0","40.2707916257","-80.3554869169","2010","Washington","public","1","9","","10","other","90","","1","9","","10","other","90","","","","","","","","","","","","","","","","","","","","","","","","","","","","",""
"41.77131842-76.86104339---2010","https://mapsengine.google.com/06136759344167181854-06191489742681286724-4/wms/?version=1.3.0","41.77131842","-76.86104339","2010","Bradford","first_internal","1","2","","3","other","66","","2","8","","10","other","80","","1","2","","3","other","66","","","","","","","","","","","","","","","","","","","","","",""
"40.82687755-78.63414906---2010","https://mapsengine.google.com/06136759344167181854-06191489742681286724-4/wms/?version=1.3.0","40.8268775486","-78.6341490573","2010","Clearfield","public","","12","","12","other","100","","","12","","12","other","100","","","","","","","","","","","","","","","","","","","","","","","","","","","","",""
"39.8816002-80.01637686---2010","https://mapsengine.google.com/06136759344167181854-06191489742681286724-4/wms/?version=1.3.0","39.881600204","-80.0163768641","2010","Greene","public","","10","","10","other","100","","","10","","10","other","100","","","","","","","","","","","","","","","","","","","","","","","","","","","","",""
"41.7869978-78.17136795---2005","https://mapsengine.google.com/06136759344167181854-15960346301379896183-4/wms/?version=1.3.0","41.7869978007","-78.1713679519","2005","Potter","final_internal","","3","","3","other","100","","","1","","1","other","100","","","","","","","","","","3","","3","other","100","","","","","","","","","","","","","","",""
"39.94862491-79.9941251---2008","https://mapsengine.google.com/06136759344167181854-00219351362547715467-4/wms/?version=1.3.0","39.9486249098","-79.9941250973","2008","Greene","first_internal","","3","","3","other","100","","","10","","10","other","100","","","3","","3","other","100","","","","","","","","","","","","","","","","","","","","","",""
"41.68350883-76.31596525---2010","https://mapsengine.google.com/06136759344167181854-06191489742681286724-4/wms/?version=1.3.0","41.68350883","-76.31596525","2010","Bradford","first_internal","","3","","3","other","100","","","9","1","10","other","90","","","3","","3","other","100","","","","","","","","","","","","","","","","","","","","","",""
"41.79281553-76.02893571---2005","https://mapsengine.google.com/06136759344167181854-15960346301379896183-4/wms/?version=1.3.0","41.7928155294","-76.0289357052","2005","Susquehanna","final_internal","","3","","3","other","100","","","1","","1","other","100","","","3","","3","other","100","","","3","","3","other","100","","","","","","","","","","","","","","",""
"41.89382935-75.41132913---2010","https://mapsengine.google.com/06136759344167181854-06191489742681286724-4/wms/?version=1.3.0","41.89382935","-75.41132913","2010","Wayne","sweeper_internal","","1","","1","other","100","","7","2","1","10","fracking","70","","1","1","1","3","fracking|unknown|other","","33|33|33","","","","","","","","","1","","1","other","100","","","","","","","",""
"41.80798525-76.93592327---2010","https://mapsengine.google.com/06136759344167181854-06191489742681286724-4/wms/?version=1.3.0","41.8079852468","-76.9359232681","2010","Tioga","public","","9","1","10","other","90","","","9","1","10","other","90","","","","","","","","","","","","","","","","","","","","","","","","","","","","",""
"41.72988237-75.94755402---2010","https://mapsengine.google.com/06136759344167181854-06191489742681286724-4/wms/?version=1.3.0","41.72988237","-75.94755402","2010","Susquehanna","first_internal","","3","","3","other","100","","","10","","10","other","100","","","3","","3","other","100","","","","","","","","","","","","","","","","","","","","","",""
"41.547611-76.43310225---2010","https://mapsengine.google.com/06136759344167181854-06191489742681286724-4/wms/?version=1.3.0","41.547611","-76.43310225","2010","Sullivan","first_internal","","3","","3","other","100","","","12","","12","other","100","","","3","","3","other","100","","","","","","","","","","","","","","","","","","","","","",""
"39.71957106-79.98426796---2005","https://mapsengine.google.com/06136759344167181854-15960346301379896183-4/wms/?version=1.3.0","39.7195710557","-79.9842679647","2005","Greene","final_internal","","3","","3","other","100","","","1","","1","other","100","","","","","","","","","","3","","3","other","100","","","","","","","","","","","","","","",""
"40.79570966-79.58705676---2010","https://mapsengine.google.com/06136759344167181854-06191489742681286724-4/wms/?version=1.3.0","40.795709657","-79.5870567642","2010","Armstrong","public","","8","2","10","other","80","","","8","2","10","other","80","","","","","","","","","","","","","","","","","","","","","","","","","","","","",""
"41.41987723-78.27432721---2005","https://mapsengine.google.com/06136759344167181854-15960346301379896183-4/wms/?version=1.3.0","41.4198772252","-78.2743272141","2005","Cameron","final_internal","","3","","3","other","100","","","","1","1","unknown","100","","","","","","","","","","3","","3","other","100","","","","","","","","","","","","","","",""
"41.75009033-75.87215927---2008","https://mapsengine.google.com/06136759344167181854-00219351362547715467-4/wms/?version=1.3.0","41.7500903268","-75.872159269","2008","Susquehanna","final_internal","","3","","3","other","100","","","1","","1","other","100","","","3","","3","other","100","","","3","","3","other","100","","","","","","","","","","","","","","",""
"41.68629485-75.87048455---2005","https://mapsengine.google.com/06136759344167181854-15960346301379896183-4/wms/?version=1.3.0","41.6862948472","-75.8704845538","2005","Susquehanna","final_internal","","3","","3","other","100","","","1","","1","other","100","","","3","","3","other","100","","","3","","3","other","100","","","","","","","","","","","","","","",""
"41.87978189-76.10463459---2005","https://mapsengine.google.com/06136759344167181854-15960346301379896183-4/wms/?version=1.3.0","41.8797818906","-76.1046345947","2005","Susquehanna","final_internal","","3","","3","other","100","","","1","","1","other","100","","","3","","3","other","100","","","3","","3","other","100","","","","","","","","","","","","","","",""
"39.9127666-80.00084594---2010","https://mapsengine.google.com/06136759344167181854-06191489742681286724-4/wms/?version=1.3.0","39.9127665958","-80.0008459402","2010","Greene","public","2","8","","10","other","80","","2","8","","10","other","80","","","","","","","","","","","","","","","","","","","","","","","","","","","","",""
"41.87782263-76.30430396---2010","https://mapsengine.google.com/06136759344167181854-06191489742681286724-4/wms/?version=1.3.0","41.87782263","-76.30430396","2010","Bradford","first_internal","","3","","3","other","100","","","10","","10","other","100","","","3","","3","other","100","","","","","","","","","","","","","","","","","","","","","",""
"40.81818451-79.33173643---2005","https://mapsengine.google.com/06136759344167181854-15960346301379896183-4/wms/?version=1.3.0","40.8181845111","-79.3317364267","2005","Armstrong","final_internal","","3","","3","other","100","","","1","","1","other","100","","","","","","","","","","3","","3","other","100","","","","","","","","","","","","","","",""
"41.8549509-76.99280895---2010","https://mapsengine.google.com/06136759344167181854-06191489742681286724-4/wms/?version=1.3.0","41.8549509045","-76.9928089535","2010","Tioga","public","","10","","10","other","100","","","10","","10","other","100","","","","","","","","","","","","","","","","","","","","","","","","","","","","",""
"40.15541041-79.74779214---2010","https://mapsengine.google.com/06136759344167181854-06191489742681286724-4/wms/?version=1.3.0","40.1554104081","-79.7477921438","2010","Westmoreland","public","10","","","10","fracking","100","","10","","","10","fracking","100","","","","","","","","","","","","","","","","","","","","","","","","","","","","",""
"41.71990776-75.93685502---2010","https://mapsengine.google.com/06136759344167181854-06191489742681286724-4/wms/?version=1.3.0","41.71990776","-75.93685502","2010","Susquehanna","first_internal","","3","","3","other","100","","","11","","11","other","100","","","3","","3","other","100","","","","","","","","","","","","","","","","","","","","","",""
"41.78618984-78.17228616---2010","https://mapsengine.google.com/06136759344167181854-06191489742681286724-4/wms/?version=1.3.0","41.7861898365","-78.1722861631","2010","Potter","public","","11","","11","other","100","","","11","","11","other","100","","","","","","","","","","","","","","","","","","","","","","","","","","","","",""
"41.7509589-75.86761596---2010","https://mapsengine.google.com/06136759344167181854-06191489742681286724-4/wms/?version=1.3.0","41.7509589011","-75.8676159551","2010","Susquehanna","sweeper_internal","","1","","1","other","100","","2","6","5","13","other","46","","","1","2","3","unknown","66","","","","","","","","","","1","","1","other","100","","","","","","","",""
"41.84951646-77.0869525---2005","https://mapsengine.google.com/06136759344167181854-15960346301379896183-4/wms/?version=1.3.0","41.8495164635","-77.0869525001","2005","Tioga","missing_internal","","1","","1","other","100","","","","","","fracking|unknown|other","","","","","","","","","","","","","","","","","","","","","","","","","1","","1","other","100",""
"41.79464877-77.03068839---2008","https://mapsengine.google.com/06136759344167181854-00219351362547715467-4/wms/?version=1.3.0","41.7946487713","-77.0306883936","2008","Tioga","final_internal","","3","","3","other","100","","","1","","1","other","100","","","","","","","","","","3","","3","other","100","","","","","","","","","","","","","","",""
"39.90556963-79.97077385---2008","https://mapsengine.google.com/06136759344167181854-00219351362547715467-4/wms/?version=1.3.0","39.9055696275","-79.9707738482","2008","Greene","first_internal","","3","","3","other","100","","","10","","10","other","100","","","3","","3","other","100","","","","","","","","","","","","","","","","","","","","","",""
"41.79253086-77.24761879---2005","https://mapsengine.google.com/06136759344167181854-15960346301379896183-4/wms/?version=1.3.0","41.7925308647","-77.247618792","2005","Tioga","missing_internal","","1","","1","other","100","","","","","","fracking|unknown|other","","","","","","","","","","","","","","","","","","","","","","","","","1","","1","other","100",""
"41.32672475-77.30435733---2008","https://mapsengine.google.com/06136759344167181854-00219351362547715467-4/wms/?version=1.3.0","41.3267247483","-77.3043573307","2008","Lycoming","final_internal","","3","","3","other","100","","","1","","1","other","100","","","","","","","","","","3","","3","other","100","","","","","","","","","","","","","","",""
"41.44645197-78.25177699---2010","https://mapsengine.google.com/06136759344167181854-06191489742681286724-4/wms/?version=1.3.0","41.4464519713","-78.2517769927","2010","Cameron","sweeper_internal","","1","","1","other","100","","2","4","4","10","unknown|other","","40|40","","","","","","","","","","","","","","","","1","","1","other","100","","","","","","","",""
"41.76946-77.14298841---2010","https://mapsengine.google.com/06136759344167181854-06191489742681286724-4/wms/?version=1.3.0","41.7694599999","-77.1429884054","2010","Tioga","public","","10","","10","other","100","","","10","","10","other","100","","","","","","","","","","","","","","","","","","","","","","","","","","","","",""
"40.86086915-79.50296038---2008","https://mapsengine.google.com/06136759344167181854-00219351362547715467-4/wms/?version=1.3.0","40.8608691513","-79.5029603812","2008","Armstrong","first_internal","","3","","3","other","100","","1","5","","6","other","83","","","3","","3","other","100","","","","","","","","","","","","","","","","","","","","","",""
"41.79441117-76.03631828---2005","https://mapsengine.google.com/06136759344167181854-15960346301379896183-4/wms/?version=1.3.0","41.79441117","-76.036318284","2005","Susquehanna","final_internal","","3","","3","other","100","","","1","","1","other","100","","","3","","3","other","100","","","3","","3","other","100","","","","","","","","","","","","","","",""
"41.93170479-75.86271452---2010","https://mapsengine.google.com/06136759344167181854-06191489742681286724-4/wms/?version=1.3.0","41.93170479","-75.86271452","2010","Susquehanna","first_internal","","3","","3","other","100","","","12","","12","other","100","","","3","","3","other","100","","","","","","","","","","","","","","","","","","","","","",""
"41.75659191-76.47043986---2005","https://mapsengine.google.com/06136759344167181854-15960346301379896183-4/wms/?version=1.3.0","41.7565919137","-76.4704398613","2005","Bradford","final_internal","","3","","3","other","100","","","1","","1","other","100","","","3","","3","other","100","","","3","","3","other","100","","","","","","","","","","","","","","",""
"41.90999881-76.89467303---2008","https://mapsengine.google.com/06136759344167181854-00219351362547715467-4/wms/?version=1.3.0","41.9099988125","-76.8946730291","2008","Bradford","final_internal","","3","","3","other","100","","","1","","1","other","100","","","3","","3","other","100","","","3","","3","other","100","","","","","","","","","","","","","","",""
"41.45392426-77.14483133---2010","https://mapsengine.google.com/06136759344167181854-06191489742681286724-4/wms/?version=1.3.0","41.4539242609","-77.1448313251","2010","Lycoming","public","","10","","10","other","100","","","10","","10","other","100","","","","","","","","","","","","","","","","","","","","","","","","","","","","",""
"41.73420073-76.0092223---2008","https://mapsengine.google.com/06136759344167181854-00219351362547715467-4/wms/?version=1.3.0","41.7342007322","-76.009222297","2008","Susquehanna","final_internal","","3","","3","other","100","","","1","","1","other","100","","","3","","3","other","100","","","3","","3","other","100","","","","","","","","","","","","","","",""
"41.60102099-77.0229529---2008","https://mapsengine.google.com/06136759344167181854-00219351362547715467-4/wms/?version=1.3.0","41.6010209941","-77.0229528999","2008","Tioga","final_internal","","3","","3","other","100","","","1","","1","other","100","","","","","","","","","","3","","3","other","100","","","","","","","","","","","","","","",""
"41.59251852-77.100445---2005","https://mapsengine.google.com/06136759344167181854-15960346301379896183-4/wms/?version=1.3.0","41.5925185161","-77.1004449999","2005","Tioga","missing_internal","","1","","1","other","100","","","","","","fracking|unknown|other","","","","","","","","","","","","","","","","","","","","","","","","","1","","1","other","100",""
"40.24917605-80.26471215---2008","https://mapsengine.google.com/06136759344167181854-00219351362547715467-4/wms/?version=1.3.0","40.2491760468","-80.2647121545","2008","Washington","sweeper_internal","","1","","1","other","100","","3","7","","10","other","70","","","3","","3","other","100","","","","","","","","","","1","","1","other","100","","","","","","","",""
"41.64430181-77.41636227---2010","https://mapsengine.google.com/06136759344167181854-06191489742681286724-4/wms/?version=1.3.0","41.6443018149","-77.4163622672","2010","Tioga","sweeper_internal","","1","","1","other","100","","2","7","3","12","other","58","","","","","","","","","","","","","","","","","1","","1","other","100","","","","","","","",""
"40.284421-80.34979912---2010","https://mapsengine.google.com/06136759344167181854-06191489742681286724-4/wms/?version=1.3.0","40.2844210043","-80.3497991248","2010","Washington","sweeper_internal","","1","","1","other","100","","3","7","","10","other","70","","","","","","","","","","","","","","","","","1","","1","other","100","","","","","","","",""
"39.94513534-78.89488172---2010","https://mapsengine.google.com/06136759344167181854-06191489742681286724-4/wms/?version=1.3.0","39.9451353418","-78.894881716","2010","Somerset","public","11","","","11","fracking","100","","11","","","11","fracking","100","","","","","","","","","","","","","","","","","","","","","","","","","","","","",""
"41.82136901-77.0417421---2008","https://mapsengine.google.com/06136759344167181854-00219351362547715467-4/wms/?version=1.3.0","41.8213690131","-77.0417420989","2008","Tioga","final_internal","","3","","3","other","100","","","1","","1","other","100","","","","","","","","","","3","","3","other","100","","","","","","","","","","","","","","",""
"41.57995917-77.05827885---2008","https://mapsengine.google.com/06136759344167181854-00219351362547715467-4/wms/?version=1.3.0","41.5799591687","-77.0582788515","2008","Tioga","final_internal","","4","","4","other","100","","","1","","1","other","100","","","","","","","","","","4","","4","other","100","","","","","","","","","","","","","","",""
"40.83093916-80.04527004---2008","https://mapsengine.google.com/06136759344167181854-00219351362547715467-4/wms/?version=1.3.0","40.8309391586","-80.0452700407","2008","Butler","first_internal","","3","","3","other","100","","","2","","2","other","100","","","3","","3","other","100","","","","","","","","","","","","","","","","","","","","","",""
"40.75397453-79.73066375---2010","https://mapsengine.google.com/06136759344167181854-06191489742681286724-4/wms/?version=1.3.0","40.7539745304","-79.7306637503","2010","Butler","public","1","16","","17","other","94","","1","16","","17","other","94","","","","","","","","","","","","","","","","","","","","","","","","","","","","",""
"39.72157117-79.95982146---2010","https://mapsengine.google.com/06136759344167181854-06191489742681286724-4/wms/?version=1.3.0","39.7215711684","-79.9598214577","2010","Greene","public","1","8","1","10","other","80","","1","8","1","10","other","80","","","","","","","","","","","","","","","","","","","","","","","","","","","","",""
"41.77071384-77.1283448---2010","https://mapsengine.google.com/06136759344167181854-06191489742681286724-4/wms/?version=1.3.0","41.7707138374","-77.1283448039","2010","Tioga","public","","10","","10","other","100","","","10","","10","other","100","","","","","","","","","","","","","","","","","","","","","","","","","","","","",""
"40.49402848-79.57242796---2010","https://mapsengine.google.com/06136759344167181854-06191489742681286724-4/wms/?version=1.3.0","40.4940284841","-79.5724279639","2010","Westmoreland","public","","10","","10","other","100","","","10","","10","other","100","","","","","","","","","","","","","","","","","","","","","","","","","","","","",""
"41.74747632-75.99724508---2010","https://mapsengine.google.com/06136759344167181854-06191489742681286724-4/wms/?version=1.3.0","41.74747632","-75.99724508","2010","Susquehanna","first_internal","","3","","3","other","100","","","10","","10","other","100","","","3","","3","other","100","","","","","","","","","","","","","","","","","","","","","",""
"40.87922916-79.56065647---2010","https://mapsengine.google.com/06136759344167181854-06191489742681286724-4/wms/?version=1.3.0","40.8792291641","-79.5606564711","2010","Armstrong","public","","9","1","10","other","90","","","9","1","10","other","90","","","","","","","","","","","","","","","","","","","","","","","","","","","","",""
"40.13673815-80.26442722---2010","https://mapsengine.google.com/06136759344167181854-06191489742681286724-4/wms/?version=1.3.0","40.1367381469","-80.2644272234","2010","Washington","public","","10","","10","other","100","","","10","","10","other","100","","","","","","","","","","","","","","","","","","","","","","","","","","","","",""
"39.90779049-79.99007702---2008","https://mapsengine.google.com/06136759344167181854-00219351362547715467-4/wms/?version=1.3.0","39.9077904854","-79.9900770169","2008","Greene","sweeper_internal","","1","","1","other","100","","3","6","1","10","other","60","","","3","","3","other","100","","","","","","","","","","1","","1","other","100","","","","","","","",""
"41.87182136-76.68904166---2010","https://mapsengine.google.com/06136759344167181854-06191489742681286724-4/wms/?version=1.3.0","41.87182136","-76.68904166","2010","Bradford","first_internal","","3","","3","other","100","","","12","1","13","other","92","","","3","","3","other","100","","","","","","","","","","","","","","","","","","","","","",""
"40.52087119-79.19914647---2010","https://mapsengine.google.com/06136759344167181854-06191489742681286724-4/wms/?version=1.3.0","40.5208711944","-79.1991464651","2010","Indiana","sweeper_internal","","1","","1","other","100","","","9","3","12","other","75","","","","","","","","","","","","","","","","","1","","1","other","100","","","","","","","",""
"41.93265743-77.06212393---2008","https://mapsengine.google.com/06136759344167181854-00219351362547715467-4/wms/?version=1.3.0","41.9326574274","-77.0621239275","2008","Tioga","final_internal","","3","","3","other","100","","","1","","1","other","100","","","","","","","","","","3","","3","other","100","","","","","","","","","","","","","","",""
"41.76034778-76.49344981---2010","https://mapsengine.google.com/06136759344167181854-06191489742681286724-4/wms/?version=1.3.0","41.76034778","-76.49344981","2010","Bradford","first_internal","","3","","3","other","100","","","14","1","15","other","93","","","3","","3","other","100","","","","","","","","","","","","","","","","","","","","","",""
"39.97843882-80.09647093---2008","https://mapsengine.google.com/06136759344167181854-00219351362547715467-4/wms/?version=1.3.0","39.9784388184","-80.0964709315","2008","Greene","sweeper_internal","","1","","1","other","100","","2","7","1","10","other","70","","","3","","3","other","100","","","","","","","","","","1","","1","other","100","","","","","","","",""
"41.76637881-75.93636889---2005","https://mapsengine.google.com/06136759344167181854-15960346301379896183-4/wms/?version=1.3.0","41.7663788129","-75.9363688879","2005","Susquehanna","final_internal","","3","","3","other","100","","","1","","1","other","100","","","3","","3","other","100","","","3","","3","other","100","","","","","","","","","","","","","","",""
"41.72153829-76.26287099---2010","https://mapsengine.google.com/06136759344167181854-06191489742681286724-4/wms/?version=1.3.0","41.72153829","-76.26287099","2010","Bradford","first_internal","","3","","3","other","100","","","15","","15","other","100","","","3","","3","other","100","","","","","","","","","","","","","","","","","","","","","",""
"40.00824709-79.64998803---2010","https://mapsengine.google.com/06136759344167181854-06191489742681286724-4/wms/?version=1.3.0","40.0082470879","-79.6499880288","2010","Fayette","public","9","1","","10","fracking","90","","9","1","","10","fracking","90","","","","","","","","","","","","","","","","","","","","","","","","","","","","",""
"40.52875462-79.20343888---2008","https://mapsengine.google.com/06136759344167181854-00219351362547715467-4/wms/?version=1.3.0","40.5287546151","-79.2034388801","2008","Indiana","first_internal","","3","","3","other","100","","","1","","1","other","100","","","3","","3","other","100","","","","","","","","","","","","","","","","","","","","","",""
"41.62311865-76.82747221---2005","https://mapsengine.google.com/06136759344167181854-15960346301379896183-4/wms/?version=1.3.0","41.6231186479","-76.8274722055","2005","Bradford","final_internal","","3","","3","other","100","","","1","","1","other","100","","","3","","3","other","100","","","3","","3","other","100","","","","","","","","","","","","","","",""
"41.73864886-75.87323203---2008","https://mapsengine.google.com/06136759344167181854-00219351362547715467-4/wms/?version=1.3.0","41.7386488594","-75.8732320258","2008","Susquehanna","final_internal","","3","","3","other","100","","","1","","1","other","100","","","3","","3","other","100","","","3","","3","other","100","","","","","","","","","","","","","","",""
"41.38593277-77.51229429---2010","https://mapsengine.google.com/06136759344167181854-06191489742681286724-4/wms/?version=1.3.0","41.3859327739","-77.5122942923","2010","Lycoming","sweeper_internal","","1","","1","other","100","","2","5","4","11","other","45","","","","","","","","","","","","","","","","","1","","1","other","100","","","","","","","",""
"40.17275362-80.0570391---2010","https://mapsengine.google.com/06136759344167181854-06191489742681286724-4/wms/?version=1.3.0","40.1727536226","-80.0570391041","2010","Washington","public","","10","","10","other","100","","","10","","10","other","100","","","","","","","","","","","","","","","","","","","","","","","","","","","","",""
"41.07465415-77.80074224---2010","https://mapsengine.google.com/06136759344167181854-06191489742681286724-4/wms/?version=1.3.0","41.0746541471","-77.8007422436","2010","Centre","public","10","","2","12","fracking","83","","10","","2","12","fracking","83","","","","","","","","","","","","","","","","","","","","","","","","","","","","",""
"40.03532987-80.06764135---2010","https://mapsengine.google.com/06136759344167181854-06191489742681286724-4/wms/?version=1.3.0","40.0353298688","-80.0676413465","2010","Washington","public","","10","","10","other","100","","","10","","10","other","100","","","","","","","","","","","","","","","","","","","","","","","","","","","","",""
"41.70846814-76.68969116---2010","https://mapsengine.google.com/06136759344167181854-06191489742681286724-4/wms/?version=1.3.0","41.70846814","-76.68969116","2010","Bradford","first_internal","","3","","3","other","100","","","10","","10","other","100","","","3","","3","other","100","","","","","","","","","","","","","","","","","","","","","",""
"41.85390043-76.69866885---2005","https://mapsengine.google.com/06136759344167181854-15960346301379896183-4/wms/?version=1.3.0","41.8539004324","-76.6986688518","2005","Bradford","final_internal","","3","","3","other","100","","","1","","1","other","100","","","3","","3","other","100","","","3","","3","other","100","","","","","","","","","","","","","","",""
"41.62736565-76.83174869---2010","https://mapsengine.google.com/06136759344167181854-06191489742681286724-4/wms/?version=1.3.0","41.62736565","-76.83174869","2010","Bradford","first_internal","","3","","3","other","100","","","15","","15","other","100","","","3","","3","other","100","","","","","","","","","","","","","","","","","","","","","",""
"41.74414638-76.55067432---2010","https://mapsengine.google.com/06136759344167181854-06191489742681286724-4/wms/?version=1.3.0","41.7441463784","-76.5506743155","2010","Bradford","sweeper_internal","1","","","1","fracking","100","","3","6","1","10","other","60","","","1","2","3","unknown","66","","","","","","","","","1","","","1","fracking","100","","","","","","","",""
"39.74548492-79.43907205---2008","https://mapsengine.google.com/06136759344167181854-00219351362547715467-4/wms/?version=1.3.0","39.7454849246","-79.4390720503","2008","Fayette","first_internal","","3","","3","other","100","","1","9","","10","other","90","","","3","","3","other","100","","","","","","","","","","","","","","","","","","","","","",""
"41.79671064-76.99604387---2010","https://mapsengine.google.com/06136759344167181854-06191489742681286724-4/wms/?version=1.3.0","41.7967106426","-76.9960438725","2010","Tioga","public","","10","1","11","other","90","","","10","1","11","other","90","","","","","","","","","","","","","","","","","","","","","","","","","","","","",""
"40.22926342-80.32374456---2010","https://mapsengine.google.com/06136759344167181854-06191489742681286724-4/wms/?version=1.3.0","40.229263425","-80.3237445559","2010","Washington","public","9","1","","10","fracking","90","","9","1","","10","fracking","90","","","","","","","","","","","","","","","","","","","","","","","","","","","","",""
"41.73340721-75.8876126---2010","https://mapsengine.google.com/06136759344167181854-06191489742681286724-4/wms/?version=1.3.0","41.73340721","-75.8876126","2010","Susquehanna","first_internal","","3","","3","other","100","","","10","","10","other","100","","","3","","3","other","100","","","","","","","","","","","","","","","","","","","","","",""
"39.9686578-79.83365736---2010","https://mapsengine.google.com/06136759344167181854-06191489742681286724-4/wms/?version=1.3.0","39.968657797","-79.8336573639","2010","Fayette","sweeper_internal","","1","","1","other","100","","6","1","3","10","fracking","60","","","","","","","","","","","","","","","","","1","","1","other","100","","","","","","","",""
"41.67772431-76.35739281---2010","https://mapsengine.google.com/06136759344167181854-06191489742681286724-4/wms/?version=1.3.0","41.67772431","-76.35739281","2010","Bradford","first_internal","","3","","3","other","100","","","10","","10","other","100","","","3","","3","other","100","","","","","","","","","","","","","","","","","","","","","",""
"39.93513749-80.29756486---2010","https://mapsengine.google.com/06136759344167181854-06191489742681286724-4/wms/?version=1.3.0","39.9351374913","-80.2975648562","2010","Greene","sweeper_internal","","1","","1","other","100","","4","3","3","10","fracking","40","","","","","","","","","","","","","","","","","1","","1","other","100","","","","","","","",""
"40.18956688-79.93649792---2010","https://mapsengine.google.com/06136759344167181854-06191489742681286724-4/wms/?version=1.3.0","40.1895668844","-79.936497915","2010","Washington","sweeper_internal","1","","","1","fracking","100","","7","3","","10","fracking","70","","","","","","","","","","","","","","","","1","","","1","fracking","100","","","","","","","",""
"41.0019318-78.86904441---2008","https://mapsengine.google.com/06136759344167181854-00219351362547715467-4/wms/?version=1.3.0","41.0019317964","-78.8690444063","2008","Jefferson","first_internal","","3","","3","other","100","","","10","","10","other","100","","","3","","3","other","100","","","","","","","","","","","","","","","","","","","","","",""
"41.03005051-78.81657769---2010","https://mapsengine.google.com/06136759344167181854-06191489742681286724-4/wms/?version=1.3.0","41.0300505062","-78.8165776948","2010","Jefferson","public","","10","","10","other","100","","","10","","10","other","100","","","","","","","","","","","","","","","","","","","","","","","","","","","","",""
"41.98913097-76.97980659---2010","https://mapsengine.google.com/06136759344167181854-06191489742681286724-4/wms/?version=1.3.0","41.989130974","-76.9798065886","2010","Tioga","sweeper_internal","","1","","1","other","100","","1","7","3","11","other","63","","","","","","","","","","","","","","","","","1","","1","other","100","","","","","","","",""
"41.7760446-76.67307785---2010","https://mapsengine.google.com/06136759344167181854-06191489742681286724-4/wms/?version=1.3.0","41.7760445953","-76.6730778503","2010","Bradford","sweeper_internal","","1","","1","other","100","","","7","3","10","other","70","","","3","","3","other","100","","","","","","","","","","1","","1","other","100","","","","","","","",""
"40.26499881-80.38375077---2005","https://mapsengine.google.com/06136759344167181854-15960346301379896183-4/wms/?version=1.3.0","40.2649988106","-80.3837507738","2005","Washington","final_internal","","3","","3","other","100","","","1","","1","other","100","","","","","","","","","","3","","3","other","100","","","","","","","","","","","","","","",""
"39.95625388-80.09740196---2008","https://mapsengine.google.com/06136759344167181854-00219351362547715467-4/wms/?version=1.3.0","39.956253883","-80.0974019632","2008","Greene","first_internal","","3","","3","other","100","","","10","","10","other","100","","","3","","3","other","100","","","","","","","","","","","","","","","","","","","","","",""
"41.55096828-76.46999517---2010","https://mapsengine.google.com/06136759344167181854-06191489742681286724-4/wms/?version=1.3.0","41.55096828","-76.46999517","2010","Sullivan","first_internal","","3","","3","other","100","","","12","","12","other","100","","","3","","3","other","100","","","","","","","","","","","","","","","","","","","","","",""
"41.68177685-76.09382573---2005","https://mapsengine.google.com/06136759344167181854-15960346301379896183-4/wms/?version=1.3.0","41.6817768466","-76.0938257276","2005","Susquehanna","final_internal","","3","","3","other","100","","","1","","1","other","100","","","3","","3","other","100","","","3","","3","other","100","","","","","","","","","","","","","","",""
"40.96689693-78.86891476---2010","https://mapsengine.google.com/06136759344167181854-06191489742681286724-4/wms/?version=1.3.0","40.9668969276","-78.8689147614","2010","Jefferson","public","","10","","10","other","100","","","10","","10","other","100","","","","","","","","","","","","","","","","","","","","","","","","","","","","",""
"41.72795757-76.83732852---2005","https://mapsengine.google.com/06136759344167181854-15960346301379896183-4/wms/?version=1.3.0","41.7279575746","-76.8373285194","2005","Bradford","final_internal","","4","","4","other","100","","","1","","1","other","100","","","3","","3","other","100","","","4","","4","other","100","","","","","","","","","","","","","","",""
"41.95818232-77.607666---2010","https://mapsengine.google.com/06136759344167181854-06191489742681286724-4/wms/?version=1.3.0","41.9581823162","-77.6076660024","2010","Tioga","sweeper_internal","1","","","1","fracking","100","","6","1","3","10","fracking","60","","","","","","","","","","","","","","","","1","","","1","fracking","100","","","","","","","",""
"40.56135718-79.22769576---2005","https://mapsengine.google.com/06136759344167181854-15960346301379896183-4/wms/?version=1.3.0","40.5613571829","-79.2276957573","2005","Indiana","final_internal","","3","","3","other","100","","","1","","1","other","100","","","","","","","","","","3","","3","other","100","","","","","","","","","","","","","","",""
"39.89573463-80.12712161---2010","https://mapsengine.google.com/06136759344167181854-06191489742681286724-4/wms/?version=1.3.0","39.8957346286","-80.1271216148","2010","Greene","public","","8","2","10","other","80","","","8","2","10","other","80","","","","","","","","","","","","","","","","","","","","","","","","","","","","",""
"41.80742375-76.54712025---2008","https://mapsengine.google.com/06136759344167181854-00219351362547715467-4/wms/?version=1.3.0","41.807423753","-76.5471202533","2008","Bradford","final_internal","","3","","3","other","100","","","1","","1","other","100","","","3","","3","other","100","","","3","","3","other","100","","","","","","","","","","","","","","",""
"40.03531804-80.06764675---2008","https://mapsengine.google.com/06136759344167181854-00219351362547715467-4/wms/?version=1.3.0","40.035318042","-80.067646754","2008","Washington","first_internal","","3","","3","other","100","","","8","","8","other","100","","","3","","3","other","100","","","","","","","","","","","","","","","","","","","","","",""
"40.23551412-80.27576642---2008","https://mapsengine.google.com/06136759344167181854-00219351362547715467-4/wms/?version=1.3.0","40.2355141169","-80.2757664249","2008","Washington","first_internal","","3","","3","other","100","","1","7","","8","other","87","","","3","","3","other","100","","","","","","","","","","","","","","","","","","","","","",""
"41.23296208-77.75808249---2010","https://mapsengine.google.com/06136759344167181854-06191489742681286724-4/wms/?version=1.3.0","41.2329620829","-77.7580824908","2010","Clinton","sweeper_internal","1","","","1","fracking","100","","4","2","5","11","unknown","45","","","","","","","","","","","","","","","","1","","","1","fracking","100","","","","","","","",""
"41.58863756-76.02423241---2008","https://mapsengine.google.com/06136759344167181854-00219351362547715467-4/wms/?version=1.3.0","41.5886375638","-76.0242324118","2008","Wyoming","final_internal","","3","","3","other","100","","","1","","1","other","100","","","3","","3","other","100","","","3","","3","other","100","","","","","","","","","","","","","","",""
"41.72981956-75.94762605---2005","https://mapsengine.google.com/06136759344167181854-15960346301379896183-4/wms/?version=1.3.0","41.7298195599","-75.947626049","2005","Susquehanna","final_internal","","3","","3","other","100","","","1","","1","other","100","","","3","","3","other","100","","","3","","3","other","100","","","","","","","","","","","","","","",""
"39.72338196-79.98038584---2008","https://mapsengine.google.com/06136759344167181854-00219351362547715467-4/wms/?version=1.3.0","39.7233819586","-79.9803858418","2008","Greene","sweeper_internal","","1","","1","other","100","","1","7","2","10","other","70","","","3","","3","other","100","","","","","","","","","","1","","1","other","100","","","","","","","",""
"41.6931012-76.85387847---2010","https://mapsengine.google.com/06136759344167181854-06191489742681286724-4/wms/?version=1.3.0","41.6931012","-76.85387847","2010","Bradford","first_internal","","3","","3","other","100","","","10","","10","other","100","","","3","","3","other","100","","","","","","","","","","","","","","","","","","","","","",""
"40.861026-79.50446875---2008","https://mapsengine.google.com/06136759344167181854-00219351362547715467-4/wms/?version=1.3.0","40.8610260029","-79.5044687486","2008","Armstrong","first_internal","","3","","3","other","100","","1","4","1","6","other","66","","","3","","3","other","100","","","","","","","","","","","","","","","","","","","","","",""
"39.75954188-78.84287443---2008","https://mapsengine.google.com/06136759344167181854-00219351362547715467-4/wms/?version=1.3.0","39.7595418815","-78.8428744321","2008","Somerset","first_internal","","3","","3","other","100","","","1","","1","other","100","","","3","","3","other","100","","","","","","","","","","","","","","","","","","","","","",""
"40.36056039-78.55589212---2010","https://mapsengine.google.com/06136759344167181854-06191489742681286724-4/wms/?version=1.3.0","40.3605603913","-78.5558921182","2010","Blair","sweeper_internal","","1","","1","other","100","","2","7","2","11","other","63","","","","","","","","","","","","","","","","","1","","1","other","100","","","","","","","",""
"39.88654916-80.05059859---2005","https://mapsengine.google.com/06136759344167181854-15960346301379896183-4/wms/?version=1.3.0","39.886549163","-80.0505985902","2005","Greene","final_internal","","3","","3","other","100","","1","","","1","fracking","100","","","","","","","","","","3","","3","other","100","","","","","","","","","","","","","","",""
"39.80958686-80.47224208---2010","https://mapsengine.google.com/06136759344167181854-06191489742681286724-4/wms/?version=1.3.0","39.8095868649","-80.4722420828","2010","Greene","public","1","9","","10","other","90","","1","9","","10","other","90","","","","","","","","","","","","","","","","","","","","","","","","","","","","",""
"41.9347231-75.87290523---2008","https://mapsengine.google.com/06136759344167181854-00219351362547715467-4/wms/?version=1.3.0","41.9347230983","-75.8729052321","2008","Susquehanna","final_internal","","3","","3","other","100","","","1","","1","other","100","","","3","","3","other","100","","","3","","3","other","100","","","","","","","","","","","","","","",""
"39.72956511-80.02929352---2008","https://mapsengine.google.com/06136759344167181854-00219351362547715467-4/wms/?version=1.3.0","39.7295651134","-80.0292935213","2008","Greene","first_internal","","3","","3","other","100","","1","10","","11","other","90","","","3","","3","other","100","","","","","","","","","","","","","","","","","","","","","",""
"41.70040093-76.74089131---2008","https://mapsengine.google.com/06136759344167181854-00219351362547715467-4/wms/?version=1.3.0","41.7004009348","-76.7408913081","2008","Bradford","final_internal","","3","","3","other","100","","","1","","1","other","100","","","3","","3","other","100","","","3","","3","other","100","","","","","","","","","","","","","","",""
"41.6671001-75.66920594---2005","https://mapsengine.google.com/06136759344167181854-15960346301379896183-4/wms/?version=1.3.0","41.6671000993","-75.6692059422","2005","Susquehanna","final_internal","","3","","3","other","100","","","","1","1","unknown","100","","","","3","3","unknown","100","","","3","","3","other","100","","","","","","","","","","","","","","",""
"41.71284212-75.92227874---2005","https://mapsengine.google.com/06136759344167181854-15960346301379896183-4/wms/?version=1.3.0","41.7128421184","-75.9222787433","2005","Susquehanna","final_internal","","3","","3","other","100","","","1","","1","other","100","","","3","","3","other","100","","","3","","3","other","100","","","","","","","","","","","","","","",""
"41.73032714-75.87659278---2010","https://mapsengine.google.com/06136759344167181854-06191489742681286724-4/wms/?version=1.3.0","41.73032714","-75.87659278","2010","Susquehanna","first_internal","","3","","3","other","100","","","10","","10","other","100","","","3","","3","other","100","","","","","","","","","","","","","","","","","","","","","",""
"41.64075074-76.35128858---2010","https://mapsengine.google.com/06136759344167181854-06191489742681286724-4/wms/?version=1.3.0","41.6407507415","-76.3512885792","2010","Bradford","sweeper_internal","","1","","1","other","100","","3","4","7","14","unknown","50","","2","1","","3","fracking","66","","","","","","","","","","1","","1","other","100","","","","","","","",""
"41.68391177-75.8686189---2008","https://mapsengine.google.com/06136759344167181854-00219351362547715467-4/wms/?version=1.3.0","41.6839117653","-75.8686188963","2008","Susquehanna","final_internal","","3","","3","other","100","","","1","","1","other","100","","","3","","3","other","100","","","3","","3","other","100","","","","","","","","","","","","","","",""
"39.77972505-80.00266987---2005","https://mapsengine.google.com/06136759344167181854-15960346301379896183-4/wms/?version=1.3.0","39.779725054","-80.0026698727","2005","Greene","final_internal","","3","","3","other","100","","","1","","1","other","100","","","","","","","","","","3","","3","other","100","","","","","","","","","","","","","","",""
"39.90989234-80.14583441---2010","https://mapsengine.google.com/06136759344167181854-06191489742681286724-4/wms/?version=1.3.0","39.9098923401","-80.1458344077","2010","Greene","public","","10","","10","other","100","","","10","","10","other","100","","","","","","","","","","","","","","","","","","","","","","","","","","","","",""
"41.13284811-79.75256911---2010","https://mapsengine.google.com/06136759344167181854-06191489742681286724-4/wms/?version=1.3.0","41.1328481056","-79.7525691085","2010","Butler","public","","19","1","20","other","95","","","19","1","20","other","95","","","","","","","","","","","","","","","","","","","","","","","","","","","","",""
"39.93959615-80.30829714---2010","https://mapsengine.google.com/06136759344167181854-06191489742681286724-4/wms/?version=1.3.0","39.9395961518","-80.3082971405","2010","Greene","public","","10","","10","other","100","","","10","","10","other","100","","","","","","","","","","","","","","","","","","","","","","","","","","","","",""
"39.94497268-79.97404585---2008","https://mapsengine.google.com/06136759344167181854-00219351362547715467-4/wms/?version=1.3.0","39.9449726847","-79.9740458548","2008","Greene","sweeper_internal","","1","","1","other","100","","3","5","2","10","other","50","","","3","","3","other","100","","","","","","","","","","1","","1","other","100","","","","","","","",""
"41.74319235-76.02311433---2010","https://mapsengine.google.com/06136759344167181854-06191489742681286724-4/wms/?version=1.3.0","41.74319235","-76.02311433","2010","Susquehanna","first_internal","","3","","3","other","100","","","11","","11","other","100","","","3","","3","other","100","","","","","","","","","","","","","","","","","","","","","",""
"39.83691464-79.54598932---2010","https://mapsengine.google.com/06136759344167181854-06191489742681286724-4/wms/?version=1.3.0","39.8369146378","-79.5459893238","2010","Fayette","sweeper_internal","","1","","1","other","100","","3","5","2","10","other","50","","","","","","","","","","","","","","","","","1","","1","other","100","","","","","","","",""
"41.82565267-76.9776622---2010","https://mapsengine.google.com/06136759344167181854-06191489742681286724-4/wms/?version=1.3.0","41.8256526744","-76.9776622022","2010","Tioga","public","","10","","10","other","100","","","10","","10","other","100","","","","","","","","","","","","","","","","","","","","","","","","","","","","",""
"40.47657763-79.56099902---2010","https://mapsengine.google.com/06136759344167181854-06191489742681286724-4/wms/?version=1.3.0","40.4765776334","-79.5609990244","2010","Westmoreland","public","","10","","10","other","100","","","10","","10","other","100","","","","","","","","","","","","","","","","","","","","","","","","","","","","",""
"39.80367512-79.9713198---2010","https://mapsengine.google.com/06136759344167181854-06191489742681286724-4/wms/?version=1.3.0","39.803675125","-79.9713198005","2010","Greene","public","","10","","10","other","100","","","10","","10","other","100","","","","","","","","","","","","","","","","","","","","","","","","","","","","",""
"41.64094187-77.40694537---2005","https://mapsengine.google.com/06136759344167181854-15960346301379896183-4/wms/?version=1.3.0","41.6409418657","-77.4069453662","2005","Tioga","missing_internal","","1","","1","other","100","","","","","","fracking|unknown|other","","","","","","","","","","","","","","","","","","","","","","","","","1","","1","other","100",""
"41.79138534-77.19822748---2010","https://mapsengine.google.com/06136759344167181854-06191489742681286724-4/wms/?version=1.3.0","41.7913853426","-77.1982274797","2010","Tioga","public","","11","","11","other","100","","","11","","11","other","100","","","","","","","","","","","","","","","","","","","","","","","","","","","","",""
"41.69328023-75.84676568---2005","https://mapsengine.google.com/06136759344167181854-15960346301379896183-4/wms/?version=1.3.0","41.693280233","-75.8467656836","2005","Susquehanna","final_internal","","3","","3","other","100","","","1","","1","other","100","","","3","","3","other","100","","","3","","3","other","100","","","","","","","","","","","","","","",""
"40.75440929-80.03457165---2010","https://mapsengine.google.com/06136759344167181854-06191489742681286724-4/wms/?version=1.3.0","40.7544092903","-80.0345716464","2010","Butler","public","1","14","1","16","other","87","","1","14","1","16","other","87","","","","","","","","","","","","","","","","","","","","","","","","","","","","",""
"41.74987072-76.77585647---2010","https://mapsengine.google.com/06136759344167181854-06191489742681286724-4/wms/?version=1.3.0","41.7498707184","-76.7758564749","2010","Bradford","sweeper_internal","","1","","1","other","100","","5","2","3","10","fracking","50","","1","","2","3","unknown","66","","","","","","","","","","1","","1","other","100","","","","","","","",""
"41.68411234-76.34213844---2008","https://mapsengine.google.com/06136759344167181854-00219351362547715467-4/wms/?version=1.3.0","41.6841123417","-76.3421384352","2008","Bradford","final_internal","","3","","3","other","100","","","1","","1","other","100","","","3","","3","other","100","","","3","","3","other","100","","","","","","","","","","","","","","",""
"41.73135505-77.3707047---2010","https://mapsengine.google.com/06136759344167181854-06191489742681286724-4/wms/?version=1.3.0","41.7313550521","-77.3707046964","2010","Tioga","public","","9","1","10","other","90","","","9","1","10","other","90","","","","","","","","","","","","","","","","","","","","","","","","","","","","",""
"41.76091204-76.10553078---2010","https://mapsengine.google.com/06136759344167181854-06191489742681286724-4/wms/?version=1.3.0","41.76091204","-76.10553078","2010","Susquehanna","first_internal","","3","","3","other","100","","","10","","10","other","100","","","3","","3","other","100","","","","","","","","","","","","","","","","","","","","","",""
"41.72826504-77.41232817---2005","https://mapsengine.google.com/06136759344167181854-15960346301379896183-4/wms/?version=1.3.0","41.72826504","-77.4123281659","2005","Tioga","missing_internal","","1","","1","other","100","","","","","","fracking|unknown|other","","","","","","","","","","","","","","","","","","","","","","","","","1","","1","other","100",""
"40.22495332-80.38153154---2005","https://mapsengine.google.com/06136759344167181854-15960346301379896183-4/wms/?version=1.3.0","40.2249533229","-80.3815315447","2005","Washington","final_internal","","3","","3","other","100","","","1","","1","other","100","","","","","","","","","","3","","3","other","100","","","","","","","","","","","","","","",""
"41.69256246-76.98207219---2010","https://mapsengine.google.com/06136759344167181854-06191489742681286724-4/wms/?version=1.3.0","41.6925624589","-76.9820721908","2010","Tioga","sweeper_internal","","1","","1","other","100","","8","3","2","13","fracking","61","","","","","","","","","","","","","","","","","1","","1","other","100","","","","","","","",""
"41.75430485-76.73403638---2010","https://mapsengine.google.com/06136759344167181854-06191489742681286724-4/wms/?version=1.3.0","41.75430485","-76.73403638","2010","Bradford","first_internal","","3","","3","other","100","","","13","","13","other","100","","","3","","3","other","100","","","","","","","","","","","","","","","","","","","","","",""
"41.74320349-76.65419411---2005","https://mapsengine.google.com/06136759344167181854-15960346301379896183-4/wms/?version=1.3.0","41.7432034886","-76.6541941132","2005","Bradford","final_internal","","3","","3","other","100","","","1","","1","other","100","","","3","","3","other","100","","","3","","3","other","100","","","","","","","","","","","","","","",""
"39.92422113-79.96744027---2008","https://mapsengine.google.com/06136759344167181854-00219351362547715467-4/wms/?version=1.3.0","39.9242211338","-79.9674402692","2008","Greene","sweeper_internal","1","","","1","fracking","100","","5","2","3","10","fracking","50","","2","","1","3","fracking","66","","","","","","","","","1","","","1","fracking","100","","","","","","","",""
"40.24407671-80.34738009---2008","https://mapsengine.google.com/06136759344167181854-00219351362547715467-4/wms/?version=1.3.0","40.2440767134","-80.3473800891","2008","Washington","first_internal","3","","","3","fracking","100","","9","1","","10","fracking","90","","3","","","3","fracking","100","","","","","","","","","","","","","","","","","","","","","",""
"41.5265617-76.34940866---2010","https://mapsengine.google.com/06136759344167181854-06191489742681286724-4/wms/?version=1.3.0","41.5265616985","-76.3494086564","2010","Sullivan","sweeper_internal","","1","","1","other","100","","3","5","2","10","other","50","","","3","","3","other","100","","","","","","","","","","1","","1","other","100","","","","","","","",""
"41.2802212-76.65131348---2010","https://mapsengine.google.com/06136759344167181854-06191489742681286724-4/wms/?version=1.3.0","41.2802212007","-76.6513134817","2010","Lycoming","public","","11","","11","other","100","","","11","","11","other","100","","","","","","","","","","","","","","","","","","","","","","","","","","","","",""
"41.54393833-76.48045591---2008","https://mapsengine.google.com/06136759344167181854-00219351362547715467-4/wms/?version=1.3.0","41.5439383267","-76.4804559146","2008","Sullivan","final_internal","","4","","4","other","100","","","1","","1","other","100","","","3","","3","other","100","","","4","","4","other","100","","","","","","","","","","","","","","",""
"41.59292569-75.56893496---2008","https://mapsengine.google.com/06136759344167181854-00219351362547715467-4/wms/?version=1.3.0","41.5929256948","-75.568934963","2008","Lackawanna","final_internal","","3","","3","other","100","","","1","","1","other","100","","","3","","3","other","100","","","3","","3","other","100","","","","","","","","","","","","","","",""
"39.78184787-79.86218779---2005","https://mapsengine.google.com/06136759344167181854-15960346301379896183-4/wms/?version=1.3.0","39.7818478715","-79.8621877858","2005","Fayette","final_internal","","3","","3","other","100","","","1","","1","other","100","","","","","","","","","","3","","3","other","100","","","","","","","","","","","","","","",""
"41.93173239-75.86277425---2008","https://mapsengine.google.com/06136759344167181854-00219351362547715467-4/wms/?version=1.3.0","41.9317323925","-75.862774252","2008","Susquehanna","final_internal","","3","","3","other","100","","","1","","1","other","100","","","3","","3","other","100","","","3","","3","other","100","","","","","","","","","","","","","","",""
"41.67523528-75.86167666---2010","https://mapsengine.google.com/06136759344167181854-06191489742681286724-4/wms/?version=1.3.0","41.67523528","-75.86167666","2010","Susquehanna","first_internal","","3","","3","other","100","","","10","","10","other","100","","","3","","3","other","100","","","","","","","","","","","","","","","","","","","","","",""
"41.71602548-75.89258381---2005","https://mapsengine.google.com/06136759344167181854-15960346301379896183-4/wms/?version=1.3.0","41.7160254777","-75.8925838135","2005","Susquehanna","final_internal","","3","","3","other","100","","","1","","1","other","100","","","3","","3","other","100","","","3","","3","other","100","","","","","","","","","","","","","","",""
"41.78053334-76.11095174---2005","https://mapsengine.google.com/06136759344167181854-15960346301379896183-4/wms/?version=1.3.0","41.7805333407","-76.1109517355","2005","Susquehanna","final_internal","","3","","3","other","100","","","1","","1","other","100","","","3","","3","other","100","","","3","","3","other","100","","","","","","","","","","","","","","",""
"41.63086292-76.40113967---2008","https://mapsengine.google.com/06136759344167181854-00219351362547715467-4/wms/?version=1.3.0","41.630862923","-76.4011396698","2008","Bradford","final_internal","","3","","3","other","100","","","1","","1","other","100","","","3","","3","other","100","","","3","","3","other","100","","","","","","","","","","","","","","",""
"40.84899311-78.24517303---2010","https://mapsengine.google.com/06136759344167181854-06191489742681286724-4/wms/?version=1.3.0","40.8489931113","-78.2451730348","2010","Centre","public","10","","","10","fracking","100","","10","","","10","fracking","100","","","","","","","","","","","","","","","","","","","","","","","","","","","","",""
"40.94956673-78.80243584---2010","https://mapsengine.google.com/06136759344167181854-06191489742681286724-4/wms/?version=1.3.0","40.9495667322","-78.8024358373","2010","Jefferson","public","","10","","10","other","100","","","10","","10","other","100","","","","","","","","","","","","","","","","","","","","","","","","","","","","",""
"40.12595171-80.22196304---2008","https://mapsengine.google.com/06136759344167181854-00219351362547715467-4/wms/?version=1.3.0","40.1259517147","-80.2219630439","2008","Washington","first_internal","","3","","3","other","100","","1","8","1","10","other","80","","","3","","3","other","100","","","","","","","","","","","","","","","","","","","","","",""
"40.20777221-79.69775106---2008","https://mapsengine.google.com/06136759344167181854-00219351362547715467-4/wms/?version=1.3.0","40.2077722115","-79.6977510576","2008","Westmoreland","first_internal","4","","","4","fracking","100","","1","","","1","fracking","100","","4","","","4","fracking","100","","","","","","","","","","","","","","","","","","","","","",""
"41.76463131-75.9733796---2010","https://mapsengine.google.com/06136759344167181854-06191489742681286724-4/wms/?version=1.3.0","41.7646313085","-75.9733795968","2010","Susquehanna","sweeper_internal","","1","","1","other","100","","4","5","2","11","other","45","","","2","1","3","other","66","","","","","","","","","","1","","1","other","100","","","","","","","",""
"39.90665362-79.9637619---2005","https://mapsengine.google.com/06136759344167181854-15960346301379896183-4/wms/?version=1.3.0","39.9066536165","-79.9637619","2005","Greene","final_internal","","3","","3","other","100","","","1","","1","other","100","","","","","","","","","","3","","3","other","100","","","","","","","","","","","","","","",""
"40.24663509-80.36116292---2010","https://mapsengine.google.com/06136759344167181854-06191489742681286724-4/wms/?version=1.3.0","40.2466350922","-80.361162916","2010","Washington","public","","10","","10","other","100","","","10","","10","other","100","","","","","","","","","","","","","","","","","","","","","","","","","","","","",""
"41.67967839-76.35503613---2008","https://mapsengine.google.com/06136759344167181854-00219351362547715467-4/wms/?version=1.3.0","41.6796783949","-76.3550361331","2008","Bradford","final_internal","","3","","3","other","100","","","1","","1","other","100","","","3","","3","other","100","","","3","","3","other","100","","","","","","","","","","","","","","",""
"41.76926708-77.00181582---2008","https://mapsengine.google.com/06136759344167181854-00219351362547715467-4/wms/?version=1.3.0","41.7692670795","-77.0018158188","2008","Tioga","final_internal","","3","","3","other","100","","1","","","1","fracking","100","","","","","","","","","","3","","3","other","100","","","","","","","","","","","","","","",""
"41.00082651-79.79132238---2010","https://mapsengine.google.com/06136759344167181854-06191489742681286724-4/wms/?version=1.3.0","41.0008265089","-79.7913223773","2010","Butler","sweeper_internal","1","","","1","fracking","100","","22","2","6","30","fracking","73","","","","","","","","","","","","","","","","1","","","1","fracking","100","","","","","","","",""
"41.76918571-76.67128827---2005","https://mapsengine.google.com/06136759344167181854-15960346301379896183-4/wms/?version=1.3.0","41.7691857058","-76.6712882696","2005","Bradford","final_internal","","4","","4","other","100","","","1","","1","other","100","","","3","","3","other","100","","","4","","4","other","100","","","","","","","","","","","","","","",""
"40.78418049-79.67405434---2010","https://mapsengine.google.com/06136759344167181854-06191489742681286724-4/wms/?version=1.3.0","40.7841804924","-79.6740543384","2010","Armstrong","public","8","","2","10","fracking","80","","8","","2","10","fracking","80","","","","","","","","","","","","","","","","","","","","","","","","","","","","",""
"41.67147295-76.08825905---2008","https://mapsengine.google.com/06136759344167181854-00219351362547715467-4/wms/?version=1.3.0","41.6714729537","-76.088259049","2008","Susquehanna","final_internal","","3","","3","other","100","","","1","","1","other","100","","","3","","3","other","100","","","3","","3","other","100","","","","","","","","","","","","","","",""
"40.33713788-79.3596032---2010","https://mapsengine.google.com/06136759344167181854-06191489742681286724-4/wms/?version=1.3.0","40.3371378794","-79.3596032028","2010","Westmoreland","public","10","","","10","fracking","100","","10","","","10","fracking","100","","","","","","","","","","","","","","","","","","","","","","","","","","","","",""
"40.28332452-80.44665227---2010","https://mapsengine.google.com/06136759344167181854-06191489742681286724-4/wms/?version=1.3.0","40.2833245176","-80.4466522733","2010","Washington","sweeper_internal","","1","","1","other","100","","3","6","1","10","other","60","","","","","","","","","","","","","","","","","1","","1","other","100","","","","","","","",""
"41.13393789-79.75191335---2005","https://mapsengine.google.com/06136759344167181854-15960346301379896183-4/wms/?version=1.3.0","41.1339378892","-79.7519133537","2005","Butler","final_internal","","3","","3","other","100","","","1","","1","other","100","","","","","","","","","","3","","3","other","100","","","","","","","","","","","","","","",""
"41.78004015-76.69364543---2005","https://mapsengine.google.com/06136759344167181854-15960346301379896183-4/wms/?version=1.3.0","41.78004015","-76.6936454301","2005","Bradford","final_internal","","3","","3","other","100","","","1","","1","other","100","","","3","","3","other","100","","","3","","3","other","100","","","","","","","","","","","","","","",""
"40.12242751-80.22102275---2005","https://mapsengine.google.com/06136759344167181854-15960346301379896183-4/wms/?version=1.3.0","40.122427511","-80.2210227537","2005","Washington","final_internal","","3","","3","other","100","","","1","","1","other","100","","","","","","","","","","3","","3","other","100","","","","","","","","","","","","","","",""
"39.92888012-79.95832484---2008","https://mapsengine.google.com/06136759344167181854-00219351362547715467-4/wms/?version=1.3.0","39.9288801191","-79.9583248446","2008","Greene","first_internal","","3","","3","other","100","","","9","1","10","other","90","","","3","","3","other","100","","","","","","","","","","","","","","","","","","","","","",""
"41.78196239-76.98771895---2008","https://mapsengine.google.com/06136759344167181854-00219351362547715467-4/wms/?version=1.3.0","41.7819623857","-76.9877189514","2008","Tioga","final_internal","","3","","3","other","100","","","1","","1","other","100","","","","","","","","","","3","","3","other","100","","","","","","","","","","","","","","",""
"41.7168018-76.19461946---2010","https://mapsengine.google.com/06136759344167181854-06191489742681286724-4/wms/?version=1.3.0","41.7168017998","-76.1946194599","2010","Bradford","sweeper_internal","1","","","1","fracking","100","","10","2","2","14","fracking","71","","3","","","3","fracking","100","","","","","","","","","1","","","1","fracking","100","","","","","","","",""
"41.32351571-77.29159741---2008","https://mapsengine.google.com/06136759344167181854-00219351362547715467-4/wms/?version=1.3.0","41.3235157111","-77.2915974145","2008","Lycoming","final_internal","3","","","3","fracking","100","","1","","","1","fracking","100","","","","","","","","","3","","","3","fracking","100","","","","","","","","","","","","","","",""
"41.72543835-76.24968278---2008","https://mapsengine.google.com/06136759344167181854-00219351362547715467-4/wms/?version=1.3.0","41.7254383473","-76.2496827756","2008","Bradford","final_internal","","3","","3","other","100","","","1","","1","other","100","","","3","","3","other","100","","","3","","3","other","100","","","","","","","","","","","","","","",""
"41.6177765-76.44566774---2010","https://mapsengine.google.com/06136759344167181854-06191489742681286724-4/wms/?version=1.3.0","41.6177765","-76.44566774","2010","Bradford","first_internal","","3","","3","other","100","","","11","","11","other","100","","","3","","3","other","100","","","","","","","","","","","","","","","","","","","","","",""
"39.88650831-80.05057528---2008","https://mapsengine.google.com/06136759344167181854-00219351362547715467-4/wms/?version=1.3.0","39.8865083093","-80.0505752774","2008","Greene","first_internal","","3","","3","other","100","","","10","","10","other","100","","","3","","3","other","100","","","","","","","","","","","","","","","","","","","","","",""
"41.80466046-76.95609993---2010","https://mapsengine.google.com/06136759344167181854-06191489742681286724-4/wms/?version=1.3.0","41.8046604585","-76.9560999334","2010","Tioga","sweeper_internal","","1","","1","other","100","","1","9","2","12","other","75","","","","","","","","","","","","","","","","","1","","1","other","100","","","","","","","",""
"40.07572627-80.24520214---2010","https://mapsengine.google.com/06136759344167181854-06191489742681286724-4/wms/?version=1.3.0","40.0757262665","-80.2452021408","2010","Washington","public","10","","","10","fracking","100","","10","","","10","fracking","100","","","","","","","","","","","","","","","","","","","","","","","","","","","","",""
"41.73748621-76.81052114---2010","https://mapsengine.google.com/06136759344167181854-06191489742681286724-4/wms/?version=1.3.0","41.73748621","-76.81052114","2010","Bradford","first_internal","","3","","3","other","100","","","8","2","10","other","80","","","3","","3","other","100","","","","","","","","","","","","","","","","","","","","","",""
"39.83045168-79.95457896---2008","https://mapsengine.google.com/06136759344167181854-00219351362547715467-4/wms/?version=1.3.0","39.8304516757","-79.9545789598","2008","Greene","sweeper_internal","","1","","1","other","100","","1","7","2","10","other","70","","","3","","3","other","100","","","","","","","","","","1","","1","other","100","","","","","","","",""
"41.78326192-76.01561194---2010","https://mapsengine.google.com/06136759344167181854-06191489742681286724-4/wms/?version=1.3.0","41.78326192","-76.01561194","2010","Susquehanna","first_internal","","3","","3","other","100","","","10","","10","other","100","","","3","","3","other","100","","","","","","","","","","","","","","","","","","","","","",""
"41.93737891-76.86238344---2010","https://mapsengine.google.com/06136759344167181854-06191489742681286724-4/wms/?version=1.3.0","41.93737891","-76.86238344","2010","Bradford","first_internal","","3","","3","other","100","","","14","","14","other","100","","","3","","3","other","100","","","","","","","","","","","","","","","","","","","","","",""
"41.77116457-76.6809532---2005","https://mapsengine.google.com/06136759344167181854-15960346301379896183-4/wms/?version=1.3.0","41.7711645717","-76.6809531962","2005","Bradford","final_internal","","3","","3","other","100","","","1","","1","other","100","","","3","","3","other","100","","","3","","3","other","100","","","","","","","","","","","","","","",""
"39.89572102-80.12715941---2008","https://mapsengine.google.com/06136759344167181854-00219351362547715467-4/wms/?version=1.3.0","39.8957210209","-80.1271594112","2008","Greene","sweeper_internal","","1","","1","other","100","","1","5","4","10","other","50","","","3","","3","other","100","","","","","","","","","","1","","1","other","100","","","","","","","",""
"39.72760687-79.9540088---2008","https://mapsengine.google.com/06136759344167181854-00219351362547715467-4/wms/?version=1.3.0","39.727606866","-79.9540088017","2008","Greene","first_internal","","3","","3","other","100","","1","8","1","10","other","80","","","3","","3","other","100","","","","","","","","","","","","","","","","","","","","","",""
"40.52126508-79.20970719---2010","https://mapsengine.google.com/06136759344167181854-06191489742681286724-4/wms/?version=1.3.0","40.5212650764","-79.2097071919","2010","Indiana","sweeper_internal","","1","","1","other","100","","9","9","11","29","unknown","37","","","","","","","","","","","","","","","","","1","","1","other","100","","","","","","","",""
"40.80074725-80.04494324---2005","https://mapsengine.google.com/06136759344167181854-15960346301379896183-4/wms/?version=1.3.0","40.8007472485","-80.0449432414","2005","Butler","final_internal","","3","","3","other","100","","","1","","1","other","100","","","","","","","","","","3","","3","other","100","","","","","","","","","","","","","","",""
"40.45423238-80.34533588---2010","https://mapsengine.google.com/06136759344167181854-06191489742681286724-4/wms/?version=1.3.0","40.454232381","-80.3453358802","2010","Washington","public","9","","1","10","fracking","90","","9","","1","10","fracking","90","","","","","","","","","","","","","","","","","","","","","","","","","","","","",""
"39.81632023-80.0226037---2010","https://mapsengine.google.com/06136759344167181854-06191489742681286724-4/wms/?version=1.3.0","39.8163202251","-80.0226036976","2010","Greene","public","8","1","1","10","fracking","80","","8","1","1","10","fracking","80","","","","","","","","","","","","","","","","","","","","","","","","","","","","",""
"39.94883223-79.8299432---2010","https://mapsengine.google.com/06136759344167181854-06191489742681286724-4/wms/?version=1.3.0","39.9488322288","-79.8299431995","2010","Fayette","public","10","","","10","fracking","100","","10","","","10","fracking","100","","","","","","","","","","","","","","","","","","","","","","","","","","","","",""
"40.26273628-80.38802922---2010","https://mapsengine.google.com/06136759344167181854-06191489742681286724-4/wms/?version=1.3.0","40.2627362819","-80.3880292152","2010","Washington","sweeper_internal","","1","","1","other","100","","4","5","1","10","other","50","","","","","","","","","","","","","","","","","1","","1","other","100","","","","","","","",""
"41.94861378-76.95883415---2005","https://mapsengine.google.com/06136759344167181854-15960346301379896183-4/wms/?version=1.3.0","41.9486137834","-76.9588341474","2005","Tioga","missing_internal","","1","","1","other","100","","","","","","fracking|unknown|other","","","","","","","","","","","","","","","","","","","","","","","","","1","","1","other","100",""
"41.7332124-77.17017488---2010","https://mapsengine.google.com/06136759344167181854-06191489742681286724-4/wms/?version=1.3.0","41.7332124001","-77.1701748813","2010","Tioga","public","","11","","11","other","100","","","11","","11","other","100","","","","","","","","","","","","","","","","","","","","","","","","","","","","",""
"41.67182905-78.25449503---2010","https://mapsengine.google.com/06136759344167181854-06191489742681286724-4/wms/?version=1.3.0","41.671829046","-78.254495035","2010","McKean","sweeper_internal","","1","","1","other","100","","7","1","2","10","fracking","70","","","","","","","","","","","","","","","","","1","","1","other","100","","","","","","","",""
"39.8242439-80.04470436---2005","https://mapsengine.google.com/06136759344167181854-15960346301379896183-4/wms/?version=1.3.0","39.8242438981","-80.0447043578","2005","Greene","final_internal","","3","","3","other","100","","","1","","1","other","100","","","","","","","","","","3","","3","other","100","","","","","","","","","","","","","","",""
"41.76693636-76.6941021---2010","https://mapsengine.google.com/06136759344167181854-06191489742681286724-4/wms/?version=1.3.0","41.766936357","-76.6941021014","2010","Bradford","sweeper_internal","","1","","1","other","100","","9","3","3","15","fracking","60","","2","","1","3","fracking","66","","","","","","","","","","1","","1","other","100","","","","","","","",""
"39.97683089-79.98571313---2008","https://mapsengine.google.com/06136759344167181854-00219351362547715467-4/wms/?version=1.3.0","39.9768308889","-79.9857131256","2008","Fayette","sweeper_internal","","1","","1","other","100","","1","7","2","10","other","70","","","3","","3","other","100","","","","","","","","","","1","","1","other","100","","","","","","","",""
"41.68607034-76.06188893---2010","https://mapsengine.google.com/06136759344167181854-06191489742681286724-4/wms/?version=1.3.0","41.6860703395","-76.0618889309","2010","Susquehanna","sweeper_internal","","1","","1","other","100","","3","6","1","10","other","60","","","3","","3","other","100","","","","","","","","","","1","","1","other","100","","","","","","","",""
"41.12334419-79.75347301---2008","https://mapsengine.google.com/06136759344167181854-00219351362547715467-4/wms/?version=1.3.0","41.1233441948","-79.7534730134","2008","Butler","first_internal","3","","","3","fracking","100","","2","","","2","fracking","100","","3","","","3","fracking","100","","","","","","","","","","","","","","","","","","","","","",""
"41.13288581-79.75267859---2008","https://mapsengine.google.com/06136759344167181854-00219351362547715467-4/wms/?version=1.3.0","41.1328858088","-79.7526785877","2008","Butler","first_internal","","3","","3","other","100","","","2","","2","other","100","","","3","","3","other","100","","","","","","","","","","","","","","","","","","","","","",""
"39.95046324-79.98649476---2008","https://mapsengine.google.com/06136759344167181854-00219351362547715467-4/wms/?version=1.3.0","39.950463241","-79.9864947635","2008","Greene","first_internal","","3","","3","other","100","","","10","","10","other","100","","","3","","3","other","100","","","","","","","","","","","","","","","","","","","","","",""
"41.7410263-77.04399911---2010","https://mapsengine.google.com/06136759344167181854-06191489742681286724-4/wms/?version=1.3.0","41.7410263031","-77.0439991099","2010","Tioga","public","","11","","11","other","100","","","11","","11","other","100","","","","","","","","","","","","","","","","","","","","","","","","","","","","",""
"39.82880121-79.97495511---2010","https://mapsengine.google.com/06136759344167181854-06191489742681286724-4/wms/?version=1.3.0","39.8288012134","-79.9749551062","2010","Greene","sweeper_internal","","1","","1","other","100","","3","2","5","10","unknown","50","","","","","","","","","","","","","","","","","1","","1","other","100","","","","","","","",""
"39.91005102-79.86353082---2010","https://mapsengine.google.com/06136759344167181854-06191489742681286724-4/wms/?version=1.3.0","39.9100510183","-79.8635308239","2010","Fayette","public","","10","","10","other","100","","","10","","10","other","100","","","","","","","","","","","","","","","","","","","","","","","","","","","","",""
"41.70018777-76.4395337---2008","https://mapsengine.google.com/06136759344167181854-00219351362547715467-4/wms/?version=1.3.0","41.700187772","-76.439533702","2008","Bradford","final_internal","","3","","3","other","100","","","1","","1","other","100","","","3","","3","other","100","","","3","","3","other","100","","","","","","","","","","","","","","",""
"41.73562349-76.56878479---2008","https://mapsengine.google.com/06136759344167181854-00219351362547715467-4/wms/?version=1.3.0","41.7356234923","-76.5687847868","2008","Bradford","final_internal","","3","","3","other","100","","","1","","1","other","100","","","3","","3","other","100","","","3","","3","other","100","","","","","","","","","","","","","","",""
"41.69356803-75.8404853---2008","https://mapsengine.google.com/06136759344167181854-00219351362547715467-4/wms/?version=1.3.0","41.6935680268","-75.8404852993","2008","Susquehanna","final_internal","","3","","3","other","100","","","1","","1","other","100","","","3","","3","other","100","","","3","","3","other","100","","","","","","","","","","","","","","",""
"41.76406495-76.07443157---2005","https://mapsengine.google.com/06136759344167181854-15960346301379896183-4/wms/?version=1.3.0","41.764064945","-76.0744315725","2005","Susquehanna","final_internal","1","2","","3","other","66","","1","","","1","fracking","100","","","","3","3","unknown","100","","1","2","","3","other","66","","","","","","","","","","","","","","",""
"41.76626935-76.49481397---2010","https://mapsengine.google.com/06136759344167181854-06191489742681286724-4/wms/?version=1.3.0","41.7662693524","-76.4948139723","2010","Bradford","sweeper_internal","","1","","1","other","100","","2","11","2","15","other","73","","","3","","3","other","100","","","","","","","","","","1","","1","other","100","","","","","","","",""
"40.72432748-79.61349881---2008","https://mapsengine.google.com/06136759344167181854-00219351362547715467-4/wms/?version=1.3.0","40.7243274841","-79.6134988091","2008","Armstrong","first_internal","","3","","3","other","100","","1","5","","6","other","83","","","3","","3","other","100","","","","","","","","","","","","","","","","","","","","","",""
"39.77049264-79.79873601---2010","https://mapsengine.google.com/06136759344167181854-06191489742681286724-4/wms/?version=1.3.0","39.7704926442","-79.7987360063","2010","Fayette","public","","10","","10","other","100","","","10","","10","other","100","","","","","","","","","","","","","","","","","","","","","","","","","","","","",""
"40.6289411-79.36332704---2005","https://mapsengine.google.com/06136759344167181854-15960346301379896183-4/wms/?version=1.3.0","40.6289411039","-79.3633270356","2005","Armstrong","final_internal","","3","","3","other","100","","","1","","1","other","100","","","","","","","","","","3","","3","other","100","","","","","","","","","","","","","","",""
"39.88461493-79.99842236---2010","https://mapsengine.google.com/06136759344167181854-06191489742681286724-4/wms/?version=1.3.0","39.8846149259","-79.9984223565","2010","Greene","public","","10","","10","other","100","","","10","","10","other","100","","","","","","","","","","","","","","","","","","","","","","","","","","","","",""
"40.82596239-79.3298277---2010","https://mapsengine.google.com/06136759344167181854-06191489742681286724-4/wms/?version=1.3.0","40.8259623947","-79.3298277033","2010","Armstrong","public","10","","","10","fracking","100","","10","","","10","fracking","100","","","","","","","","","","","","","","","","","","","","","","","","","","","","",""
"41.74826065-76.8555871---2010","https://mapsengine.google.com/06136759344167181854-06191489742681286724-4/wms/?version=1.3.0","41.74826065","-76.8555871","2010","Bradford","first_internal","","2","1","3","other","66","","","10","1","11","other","90","","","2","1","3","other","66","","","","","","","","","","","","","","","","","","","","","",""
"41.76149654-75.973638---2008","https://mapsengine.google.com/06136759344167181854-00219351362547715467-4/wms/?version=1.3.0","41.7614965394","-75.9736380049","2008","Susquehanna","final_internal","","3","","3","other","100","","","1","","1","other","100","","","3","","3","other","100","","","3","","3","other","100","","","","","","","","","","","","","","",""
"40.15153326-80.25299---2010","https://mapsengine.google.com/06136759344167181854-06191489742681286724-4/wms/?version=1.3.0","40.1515332584","-80.2529899974","2010","Washington","public","9","","1","10","fracking","90","","9","","1","10","fracking","90","","","","","","","","","","","","","","","","","","","","","","","","","","","","",""
"41.86244054-76.0203097---2010","https://mapsengine.google.com/06136759344167181854-06191489742681286724-4/wms/?version=1.3.0","41.86244054","-76.0203097","2010","Susquehanna","first_internal","","3","","3","other","100","","","8","2","10","other","80","","","3","","3","other","100","","","","","","","","","","","","","","","","","","","","","",""
"40.23296122-80.41944865---2010","https://mapsengine.google.com/06136759344167181854-06191489742681286724-4/wms/?version=1.3.0","40.2329612223","-80.4194486523","2010","Washington","sweeper_internal","","1","","1","other","100","","1","7","2","10","other","70","","","","","","","","","","","","","","","","","1","","1","other","100","","","","","","","",""
"39.82933436-80.27674282---2005","https://mapsengine.google.com/06136759344167181854-15960346301379896183-4/wms/?version=1.3.0","39.8293343551","-80.276742823","2005","Greene","final_internal","","3","","3","other","100","","","1","","1","other","100","","","","","","","","","","3","","3","other","100","","","","","","","","","","","","","","",""
"40.8837845-79.97910831---2008","https://mapsengine.google.com/06136759344167181854-00219351362547715467-4/wms/?version=1.3.0","40.8837845023","-79.9791083094","2008","Butler","first_internal","","3","","3","other","100","","","1","1","2","unknown|other","","50|50","","3","","3","other","100","","","","","","","","","","","","","","","","","","","","","",""
"40.25097369-79.74471591---2010","https://mapsengine.google.com/06136759344167181854-06191489742681286724-4/wms/?version=1.3.0","40.2509736851","-79.7447159099","2010","Westmoreland","public","","13","","13","other","100","","","13","","13","other","100","","","","","","","","","","","","","","","","","","","","","","","","","","","","",""
"39.93830933-79.94959862---2008","https://mapsengine.google.com/06136759344167181854-00219351362547715467-4/wms/?version=1.3.0","39.9383093335","-79.949598619","2008","Greene","sweeper_internal","1","","","1","fracking","100","","3","5","2","10","other","50","","","2","1","3","other","66","","","","","","","","","1","","","1","fracking","100","","","","","","","",""
"41.67351287-75.91607829---2005","https://mapsengine.google.com/06136759344167181854-15960346301379896183-4/wms/?version=1.3.0","41.6735128683","-75.9160782932","2005","Susquehanna","final_internal","","3","","3","other","100","","","1","","1","other","100","","","","3","3","unknown","100","","","3","","3","other","100","","","","","","","","","","","","","","",""
"39.72413319-79.99310737---2008","https://mapsengine.google.com/06136759344167181854-00219351362547715467-4/wms/?version=1.3.0","39.7241331937","-79.9931073666","2008","Greene","first_internal","","2","1","3","other","66","","1","8","1","10","other","80","","","2","1","3","other","66","","","","","","","","","","","","","","","","","","","","","",""
"41.72208684-76.26941581---2005","https://mapsengine.google.com/06136759344167181854-15960346301379896183-4/wms/?version=1.3.0","41.7220868357","-76.2694158112","2005","Bradford","final_internal","","3","","3","other","100","","","1","","1","other","100","","","3","","3","other","100","","","3","","3","other","100","","","","","","","","","","","","","","",""
"41.32953122-77.16752068---2010","https://mapsengine.google.com/06136759344167181854-06191489742681286724-4/wms/?version=1.3.0","41.3295312164","-77.167520676","2010","Lycoming","sweeper_internal","","1","","1","other","100","","8","2","3","13","fracking","61","","","","","","","","","","","","","","","","","1","","1","other","100","","","","","","","",""
"41.19226907-77.59656751---2010","https://mapsengine.google.com/06136759344167181854-06191489742681286724-4/wms/?version=1.3.0","41.1922690652","-77.5965675116","2010","Clinton","public","10","","1","11","fracking","90","","10","","1","11","fracking","90","","","","","","","","","","","","","","","","","","","","","","","","","","","","",""
"41.84499334-77.08366882---2010","https://mapsengine.google.com/06136759344167181854-06191489742681286724-4/wms/?version=1.3.0","41.844993343","-77.083668817","2010","Tioga","public","","11","","11","other","100","","","11","","11","other","100","","","","","","","","","","","","","","","","","","","","","","","","","","","","",""
"39.76732095-79.50267553---2008","https://mapsengine.google.com/06136759344167181854-00219351362547715467-4/wms/?version=1.3.0","39.7673209495","-79.502675534","2008","Fayette","sweeper_internal","","1","","1","other","100","","1","6","3","10","other","60","","","3","","3","other","100","","","","","","","","","","1","","1","other","100","","","","","","","",""
"41.4162985-78.2492672---2010","https://mapsengine.google.com/06136759344167181854-06191489742681286724-4/wms/?version=1.3.0","41.4162985016","-78.2492672035","2010","Cameron","public","10","","","10","fracking","100","","10","","","10","fracking","100","","","","","","","","","","","","","","","","","","","","","","","","","","","","",""
"40.36883668-79.33537485---2010","https://mapsengine.google.com/06136759344167181854-06191489742681286724-4/wms/?version=1.3.0","40.3688366817","-79.3353748515","2010","Westmoreland","sweeper_internal","","","1","1","unknown","100","","2","7","2","11","other","63","","","","","","","","","","","","","","","","","","1","1","unknown","100","","","","","","","",""
"41.62031961-76.81961453---2008","https://mapsengine.google.com/06136759344167181854-00219351362547715467-4/wms/?version=1.3.0","41.6203196139","-76.8196145272","2008","Bradford","final_internal","","3","","3","other","100","","","1","","1","other","100","","","3","","3","other","100","","","3","","3","other","100","","","","","","","","","","","","","","",""
"41.72358702-76.7885537---2005","https://mapsengine.google.com/06136759344167181854-15960346301379896183-4/wms/?version=1.3.0","41.7235870195","-76.7885537","2005","Bradford","final_internal","","3","","3","other","100","","","1","","1","other","100","","","3","","3","other","100","","","3","","3","other","100","","","","","","","","","","","","","","",""
"41.7128655-76.08478274---2005","https://mapsengine.google.com/06136759344167181854-15960346301379896183-4/wms/?version=1.3.0","41.7128655044","-76.0847827418","2005","Susquehanna","final_internal","","3","","3","other","100","","","1","","1","other","100","","","3","","3","other","100","","","3","","3","other","100","","","","","","","","","","","","","","",""
"41.7823733-75.96324166---2010","https://mapsengine.google.com/06136759344167181854-06191489742681286724-4/wms/?version=1.3.0","41.7823733","-75.96324166","2010","Susquehanna","first_internal","","3","","3","other","100","","2","8","","10","other","80","","","3","","3","other","100","","","","","","","","","","","","","","","","","","","","","",""
"39.90075868-79.99038745---2010","https://mapsengine.google.com/06136759344167181854-06191489742681286724-4/wms/?version=1.3.0","39.9007586848","-79.9903874514","2010","Greene","public","","10","","10","other","100","","","10","","10","other","100","","","","","","","","","","","","","","","","","","","","","","","","","","","","",""
"39.77117921-79.8918181---2008","https://mapsengine.google.com/06136759344167181854-00219351362547715467-4/wms/?version=1.3.0","39.7711792136","-79.8918180954","2008","Fayette","first_internal","","3","","3","other","100","","","6","","6","other","100","","","3","","3","other","100","","","","","","","","","","","","","","","","","","","","","",""
"41.72048382-76.05957007---2010","https://mapsengine.google.com/06136759344167181854-06191489742681286724-4/wms/?version=1.3.0","41.72048382","-76.05957007","2010","Susquehanna","first_internal","","3","","3","other","100","","","10","2","12","other","83","","","3","","3","other","100","","","","","","","","","","","","","","","","","","","","","",""
"40.70599289-79.64320039---2010","https://mapsengine.google.com/06136759344167181854-06191489742681286724-4/wms/?version=1.3.0","40.7059928949","-79.6432003915","2010","Armstrong","sweeper_internal","1","","","1","fracking","100","","7","","3","10","fracking","70","","","","","","","","","","","","","","","","1","","","1","fracking","100","","","","","","","",""
"40.11279655-79.79343499---2005","https://mapsengine.google.com/06136759344167181854-15960346301379896183-4/wms/?version=1.3.0","40.1127965518","-79.7934349859","2005","Fayette","final_internal","","3","","3","other","100","","","1","","1","other","100","","","","","","","","","","3","","3","other","100","","","","","","","","","","","","","","",""
"40.64919647-79.38125459---2010","https://mapsengine.google.com/06136759344167181854-06191489742681286724-4/wms/?version=1.3.0","40.6491964673","-79.3812545876","2010","Armstrong","public","","11","","11","other","100","","","11","","11","other","100","","","","","","","","","","","","","","","","","","","","","","","","","","","","",""
"41.68287934-77.42335409---2008","https://mapsengine.google.com/06136759344167181854-00219351362547715467-4/wms/?version=1.3.0","41.6828793402","-77.4233540907","2008","Tioga","final_internal","","3","","3","other","100","","","","1","1","unknown","100","","","","","","","","","","3","","3","other","100","","","","","","","","","","","","","","",""
"41.74860197-75.86555807---2005","https://mapsengine.google.com/06136759344167181854-15960346301379896183-4/wms/?version=1.3.0","41.7486019746","-75.8655580683","2005","Susquehanna","final_internal","","3","","3","other","100","","","1","","1","other","100","","","3","","3","other","100","","","3","","3","other","100","","","","","","","","","","","","","","",""
"41.76201326-76.49812076---2010","https://mapsengine.google.com/06136759344167181854-06191489742681286724-4/wms/?version=1.3.0","41.7620132596","-76.498120764","2010","Bradford","sweeper_internal","","1","","1","other","100","","2","10","4","16","other","62","","","3","","3","other","100","","","","","","","","","","1","","1","other","100","","","","","","","",""
"41.73291234-77.40212718---2010","https://mapsengine.google.com/06136759344167181854-06191489742681286724-4/wms/?version=1.3.0","41.7329123423","-77.4021271821","2010","Tioga","public","","11","","11","other","100","","","11","","11","other","100","","","","","","","","","","","","","","","","","","","","","","","","","","","","",""
"40.45396966-79.55048495---2008","https://mapsengine.google.com/06136759344167181854-00219351362547715467-4/wms/?version=1.3.0","40.4539696553","-79.5504849515","2008","Westmoreland","final_internal","","3","","3","other","100","","","1","","1","other","100","","","","","","","","","","3","","3","other","100","","","","","","","","","","","","","","",""
"41.65288214-76.03481657---2010","https://mapsengine.google.com/06136759344167181854-06191489742681286724-4/wms/?version=1.3.0","41.65288214","-76.03481657","2010","Susquehanna","first_internal","","3","","3","other","100","","","9","1","10","other","90","","","3","","3","other","100","","","","","","","","","","","","","","","","","","","","","",""
"41.74465725-75.96048694---2010","https://mapsengine.google.com/06136759344167181854-06191489742681286724-4/wms/?version=1.3.0","41.7446572484","-75.9604869412","2010","Susquehanna","sweeper_internal","","1","","1","other","100","","4","4","3","11","fracking|other","","36|36","","3","","3","other","100","","","","","","","","","","1","","1","other","100","","","","","","","",""
"41.6849918-78.62491876---2010","https://mapsengine.google.com/06136759344167181854-06191489742681286724-4/wms/?version=1.3.0","41.684991801","-78.6249187583","2010","McKean","sweeper_internal","","1","","1","other","100","","5","4","1","10","fracking","50","","","","","","","","","","","","","","","","","1","","1","other","100","","","","","","","",""
"40.75284093-79.78299325---2010","https://mapsengine.google.com/06136759344167181854-06191489742681286724-4/wms/?version=1.3.0","40.752840928","-79.7829932546","2010","Butler","sweeper_internal","1","","","1","fracking","100","","19","2","9","30","fracking","63","","","","","","","","","","","","","","","","1","","","1","fracking","100","","","","","","","",""
"41.79178104-76.58716656---2008","https://mapsengine.google.com/06136759344167181854-00219351362547715467-4/wms/?version=1.3.0","41.7917810355","-76.5871665609","2008","Bradford","final_internal","","4","","4","other","100","","1","","","1","fracking","100","","","3","","3","other","100","","","4","","4","other","100","","","","","","","","","","","","","","",""
"40.27132285-80.39692677---2010","https://mapsengine.google.com/06136759344167181854-06191489742681286724-4/wms/?version=1.3.0","40.271322849","-80.3969267688","2010","Washington","public","1","9","","10","other","90","","1","9","","10","other","90","","","","","","","","","","","","","","","","","","","","","","","","","","","","",""
"41.75119175-75.86874607---2008","https://mapsengine.google.com/06136759344167181854-00219351362547715467-4/wms/?version=1.3.0","41.7511917521","-75.8687460725","2008","Susquehanna","final_internal","1","2","","3","other","66","","","1","","1","other","100","","","3","","3","other","100","","1","2","","3","other","66","","","","","","","","","","","","","","",""
"41.86295093-76.05825607---2010","https://mapsengine.google.com/06136759344167181854-06191489742681286724-4/wms/?version=1.3.0","41.86295093","-76.05825607","2010","Susquehanna","first_internal","","3","","3","other","100","","","10","","10","other","100","","","3","","3","other","100","","","","","","","","","","","","","","","","","","","","","",""
"41.71971183-75.66037228---2010","https://mapsengine.google.com/06136759344167181854-06191489742681286724-4/wms/?version=1.3.0","41.71971183","-75.66037228","2010","Susquehanna","first_internal","","4","","4","other","100","","","9","1","10","other","90","","","4","","4","other","100","","","","","","","","","","","","","","","","","","","","","",""
"41.94649567-76.98384993---2008","https://mapsengine.google.com/06136759344167181854-00219351362547715467-4/wms/?version=1.3.0","41.9464956658","-76.9838499334","2008","Tioga","final_internal","","2","1","3","other","66","","","1","","1","other","100","","","","","","","","","","2","1","3","other","66","","","","","","","","","","","","","","",""
"41.2990286-78.91255044---2005","https://mapsengine.google.com/06136759344167181854-15960346301379896183-4/wms/?version=1.3.0","41.2990286047","-78.9125504437","2005","Jefferson","final_internal","","3","","3","other","100","","","1","","1","other","100","","","","","","","","","","3","","3","other","100","","","","","","","","","","","","","","",""
"41.81588676-76.83022207---2010","https://mapsengine.google.com/06136759344167181854-06191489742681286724-4/wms/?version=1.3.0","41.8158867589","-76.8302220731","2010","Bradford","sweeper_internal","","1","","1","other","100","","4","3","3","10","fracking","40","","1","2","","3","other","66","","","","","","","","","","1","","1","other","100","","","","","","","",""
"41.76731252-76.25139734---2010","https://mapsengine.google.com/06136759344167181854-06191489742681286724-4/wms/?version=1.3.0","41.76731252","-76.25139734","2010","Bradford","first_internal","","3","","3","other","100","","","10","","10","other","100","","","3","","3","other","100","","","","","","","","","","","","","","","","","","","","","",""
"41.46880544-78.9147002---2010","https://mapsengine.google.com/06136759344167181854-06191489742681286724-4/wms/?version=1.3.0","41.4688054397","-78.9147002046","2010","Elk","public","","10","","10","other","100","","","10","","10","other","100","","","","","","","","","","","","","","","","","","","","","","","","","","","","",""
"41.91928569-75.8197059---2008","https://mapsengine.google.com/06136759344167181854-00219351362547715467-4/wms/?version=1.3.0","41.9192856855","-75.8197059001","2008","Susquehanna","final_internal","","3","","3","other","100","","","1","","1","other","100","","","3","","3","other","100","","","3","","3","other","100","","","","","","","","","","","","","","",""
"39.81888211-79.97574518---2010","https://mapsengine.google.com/06136759344167181854-06191489742681286724-4/wms/?version=1.3.0","39.8188821064","-79.9757451767","2010","Greene","public","9","","1","10","fracking","90","","9","","1","10","fracking","90","","","","","","","","","","","","","","","","","","","","","","","","","","","","",""
"39.97352513-79.6512077---2008","https://mapsengine.google.com/06136759344167181854-00219351362547715467-4/wms/?version=1.3.0","39.9735251349","-79.6512076961","2008","Fayette","first_internal","2","1","","3","fracking","66","","3","1","2","6","fracking","50","","2","1","","3","fracking","66","","","","","","","","","","","","","","","","","","","","","",""
"40.51196606-79.18608886---2010","https://mapsengine.google.com/06136759344167181854-06191489742681286724-4/wms/?version=1.3.0","40.5119660605","-79.1860888579","2010","Indiana","sweeper_internal","1","","","1","fracking","100","","18","3","8","29","fracking","62","","","","","","","","","","","","","","","","1","","","1","fracking","100","","","","","","","",""
"40.81788372-80.20832465---2005","https://mapsengine.google.com/06136759344167181854-15960346301379896183-4/wms/?version=1.3.0","40.8178837227","-80.2083246514","2005","Beaver","final_internal","","2","1","3","other","66","","","1","","1","other","100","","","2","1","3","other","66","","","2","1","3","other","66","","","","","","","","","","","","","","",""
"39.87700541-79.96906978---2005","https://mapsengine.google.com/06136759344167181854-15960346301379896183-4/wms/?version=1.3.0","39.8770054138","-79.9690697825","2005","Greene","final_internal","","3","","3","other","100","","","1","","1","other","100","","","","","","","","","","3","","3","other","100","","","","","","","","","","","","","","",""
"41.70869173-76.83456071---2005","https://mapsengine.google.com/06136759344167181854-15960346301379896183-4/wms/?version=1.3.0","41.7086917268","-76.8345607075","2005","Bradford","final_internal","","3","","3","other","100","","","1","","1","other","100","","","3","","3","other","100","","","3","","3","other","100","","","","","","","","","","","","","","",""
"41.69445316-75.95762829---2008","https://mapsengine.google.com/06136759344167181854-00219351362547715467-4/wms/?version=1.3.0","41.694453163","-75.9576282895","2008","Susquehanna","final_internal","","3","","3","other","100","","","1","","1","other","100","","","3","","3","other","100","","","3","","3","other","100","","","","","","","","","","","","","","",""
"40.11617352-79.7899864---2010","https://mapsengine.google.com/06136759344167181854-06191489742681286724-4/wms/?version=1.3.0","40.1161735176","-79.7899864004","2010","Fayette","public","1","8","1","10","other","80","","1","8","1","10","other","80","","","","","","","","","","","","","","","","","","","","","","","","","","","","",""
"41.75471595-77.03902675---2008","https://mapsengine.google.com/06136759344167181854-00219351362547715467-4/wms/?version=1.3.0","41.7547159516","-77.0390267503","2008","Tioga","final_internal","","3","","3","other","100","","","1","","1","other","100","","","","","","","","","","3","","3","other","100","","","","","","","","","","","","","","",""
"39.90475922-80.14143524---2008","https://mapsengine.google.com/06136759344167181854-00219351362547715467-4/wms/?version=1.3.0","39.904759224","-80.1414352351","2008","Greene","first_internal","","3","","3","other","100","","","10","","10","other","100","","","3","","3","other","100","","","","","","","","","","","","","","","","","","","","","",""
"41.75265854-76.26185544---2010","https://mapsengine.google.com/06136759344167181854-06191489742681286724-4/wms/?version=1.3.0","41.7526585377","-76.2618554436","2010","Bradford","sweeper_internal","","1","","1","other","100","","3","7","6","16","other","43","","","3","","3","other","100","","","","","","","","","","1","","1","other","100","","","","","","","",""
"41.75846685-76.81052664---2008","https://mapsengine.google.com/06136759344167181854-00219351362547715467-4/wms/?version=1.3.0","41.7584668543","-76.8105266442","2008","Bradford","final_internal","","3","","3","other","100","","","1","","1","other","100","","","3","","3","other","100","","","3","","3","other","100","","","","","","","","","","","","","","",""
"39.84667392-79.87168681---2005","https://mapsengine.google.com/06136759344167181854-15960346301379896183-4/wms/?version=1.3.0","39.8466739151","-79.871686812","2005","Fayette","final_internal","","2","1","3","other","66","","","","1","1","unknown","100","","","","","","","","","","2","1","3","other","66","","","","","","","","","","","","","","",""
"40.22366376-79.70694246---2008","https://mapsengine.google.com/06136759344167181854-00219351362547715467-4/wms/?version=1.3.0","40.2236637624","-79.7069424582","2008","Westmoreland","final_internal","","4","","4","other","100","","","2","","2","other","100","","","","","","","","","","4","","4","other","100","","","","","","","","","","","","","","",""
"41.71317749-75.88486117---2010","https://mapsengine.google.com/06136759344167181854-06191489742681286724-4/wms/?version=1.3.0","41.7131774923","-75.8848611735","2010","Susquehanna","sweeper_internal","1","","","1","fracking","100","","4","6","2","12","other","50","","3","","","3","fracking","100","","","","","","","","","1","","","1","fracking","100","","","","","","","",""
"39.87123972-79.95136321---2005","https://mapsengine.google.com/06136759344167181854-15960346301379896183-4/wms/?version=1.3.0","39.8712397172","-79.9513632094","2005","Greene","sweeper_internal","","1","","1","other","100","","","1","","1","other","100","","","","","","","","","1","1","1","3","fracking|unknown|other","","33|33|33","","1","","1","other","100","","","","","","","",""
"41.70645026-75.93265187---2008","https://mapsengine.google.com/06136759344167181854-00219351362547715467-4/wms/?version=1.3.0","41.70645026","-75.932651865","2008","Susquehanna","final_internal","","3","","3","other","100","","","1","","1","other","100","","","3","","3","other","100","","","3","","3","other","100","","","","","","","","","","","","","","",""
"40.27397378-80.31862617---2008","https://mapsengine.google.com/06136759344167181854-00219351362547715467-4/wms/?version=1.3.0","40.2739737842","-80.3186261729","2008","Washington","first_internal","3","","","3","fracking","100","","8","","","8","fracking","100","","3","","","3","fracking","100","","","","","","","","","","","","","","","","","","","","","",""
"40.33626303-79.1524168---2008","https://mapsengine.google.com/06136759344167181854-00219351362547715467-4/wms/?version=1.3.0","40.3362630315","-79.1524168031","2008","Westmoreland","first_internal","","2","1","3","other","66","","1","","","1","fracking","100","","","2","1","3","other","66","","","","","","","","","","","","","","","","","","","","","",""
"39.90492479-80.14125863---2005","https://mapsengine.google.com/06136759344167181854-15960346301379896183-4/wms/?version=1.3.0","39.9049247875","-80.1412586341","2005","Greene","final_internal","","3","","3","other","100","","","1","","1","other","100","","","","","","","","","","3","","3","other","100","","","","","","","","","","","","","","",""
"41.72037783-75.91136473---2010","https://mapsengine.google.com/06136759344167181854-06191489742681286724-4/wms/?version=1.3.0","41.72037783","-75.91136473","2010","Susquehanna","first_internal","","3","","3","other","100","","","9","2","11","other","81","","","3","","3","other","100","","","","","","","","","","","","","","","","","","","","","",""
"41.79523917-77.01995805---2010","https://mapsengine.google.com/06136759344167181854-06191489742681286724-4/wms/?version=1.3.0","41.795239173","-77.0199580508","2010","Tioga","public","1","9","","10","other","90","","1","9","","10","other","90","","","","","","","","","","","","","","","","","","","","","","","","","","","","",""
"41.31118407-79.35418698---2008","https://mapsengine.google.com/06136759344167181854-00219351362547715467-4/wms/?version=1.3.0","41.3111840741","-79.3541869827","2008","Clarion","first_internal","","3","","3","other","100","","1","5","","6","other","83","","","3","","3","other","100","","","","","","","","","","","","","","","","","","","","","",""
"41.95543021-76.86045912---2010","https://mapsengine.google.com/06136759344167181854-06191489742681286724-4/wms/?version=1.3.0","41.9554302084","-76.8604591188","2010","Bradford","sweeper_internal","","1","","1","other","100","","5","4","1","10","fracking","50","","1","1","1","3","fracking|unknown|other","","33|33|33","","","","","","","","","1","","1","other","100","","","","","","","",""
"40.87853919-79.5475386---2010","https://mapsengine.google.com/06136759344167181854-06191489742681286724-4/wms/?version=1.3.0","40.8785391943","-79.5475386029","2010","Armstrong","sweeper_internal","","1","","1","other","100","","2","7","1","10","other","70","","","","","","","","","","","","","","","","","1","","1","other","100","","","","","","","",""
"41.29122739-78.90751322---2010","https://mapsengine.google.com/06136759344167181854-06191489742681286724-4/wms/?version=1.3.0","41.2912273873","-78.9075132213","2010","Jefferson","public","","10","","10","other","100","","","10","","10","other","100","","","","","","","","","","","","","","","","","","","","","","","","","","","","",""
"41.84656777-76.38944048---2005","https://mapsengine.google.com/06136759344167181854-15960346301379896183-4/wms/?version=1.3.0","41.8465677702","-76.3894404804","2005","Bradford","final_internal","","3","","3","other","100","","","1","","1","other","100","","","3","","3","other","100","","","3","","3","other","100","","","","","","","","","","","","","","",""
"41.6730523-77.60739652---2010","https://mapsengine.google.com/06136759344167181854-06191489742681286724-4/wms/?version=1.3.0","41.6730523019","-77.6073965185","2010","Potter","public","10","","2","12","fracking","83","","10","","2","12","fracking","83","","","","","","","","","","","","","","","","","","","","","","","","","","","","",""
"40.67503289-79.75212756---2010","https://mapsengine.google.com/06136759344167181854-06191489742681286724-4/wms/?version=1.3.0","40.6750328927","-79.7521275583","2010","Butler","sweeper_internal","1","","","1","fracking","100","","4","6","5","15","other","40","","","","","","","","","","","","","","","","1","","","1","fracking","100","","","","","","","",""
"40.26020882-80.46524843---2010","https://mapsengine.google.com/06136759344167181854-06191489742681286724-4/wms/?version=1.3.0","40.2602088192","-80.465248431","2010","Washington","public","1","8","1","10","other","80","","1","8","1","10","other","80","","","","","","","","","","","","","","","","","","","","","","","","","","","","",""
"41.73468758-77.15282973---2010","https://mapsengine.google.com/06136759344167181854-06191489742681286724-4/wms/?version=1.3.0","41.7346875848","-77.1528297285","2010","Tioga","public","","10","","10","other","100","","","10","","10","other","100","","","","","","","","","","","","","","","","","","","","","","","","","","","","",""
"40.74099471-79.51748052---2010","https://mapsengine.google.com/06136759344167181854-06191489742681286724-4/wms/?version=1.3.0","40.7409947065","-79.5174805198","2010","Armstrong","public","","10","","10","other","100","","","10","","10","other","100","","","","","","","","","","","","","","","","","","","","","","","","","","","","",""
"41.75885631-76.98659736---2005","https://mapsengine.google.com/06136759344167181854-15960346301379896183-4/wms/?version=1.3.0","41.7588563095","-76.9865973605","2005","Tioga","missing_internal","","1","","1","other","100","","","","","","fracking|unknown|other","","","","","","","","","","","","","","","","","","","","","","","","","1","","1","other","100",""
"41.00222871-78.85051216---2008","https://mapsengine.google.com/06136759344167181854-00219351362547715467-4/wms/?version=1.3.0","41.0022287147","-78.8505121646","2008","Jefferson","first_internal","","3","","3","other","100","","1","9","","10","other","90","","","3","","3","other","100","","","","","","","","","","","","","","","","","","","","","",""
"41.2798764-76.66225636---2010","https://mapsengine.google.com/06136759344167181854-06191489742681286724-4/wms/?version=1.3.0","41.279876397","-76.6622563607","2010","Lycoming","public","","12","","12","other","100","","","12","","12","other","100","","","","","","","","","","","","","","","","","","","","","","","","","","","","",""
"40.24437385-80.34185161---2010","https://mapsengine.google.com/06136759344167181854-06191489742681286724-4/wms/?version=1.3.0","40.2443738488","-80.3418516092","2010","Washington","sweeper_internal","","1","","1","other","100","","7","1","2","10","fracking","70","","","","","","","","","","","","","","","","","1","","1","other","100","","","","","","","",""
"41.54470067-76.47888024---2010","https://mapsengine.google.com/06136759344167181854-06191489742681286724-4/wms/?version=1.3.0","41.54470067","-76.47888024","2010","Sullivan","first_internal","","3","","3","other","100","","","10","","10","other","100","","","3","","3","other","100","","","","","","","","","","","","","","","","","","","","","",""
"39.74557272-79.43905078---2010","https://mapsengine.google.com/06136759344167181854-06191489742681286724-4/wms/?version=1.3.0","39.7455727202","-79.4390507789","2010","Fayette","public","","10","","10","other","100","","","10","","10","other","100","","","","","","","","","","","","","","","","","","","","","","","","","","","","",""
"39.9240309-80.00283234---2008","https://mapsengine.google.com/06136759344167181854-00219351362547715467-4/wms/?version=1.3.0","39.9240309021","-80.0028323411","2008","Greene","sweeper_internal","","1","","1","other","100","","4","5","1","10","other","50","","1","2","","3","other","66","","","","","","","","","","1","","1","other","100","","","","","","","",""
"40.83522885-79.68223443---2005","https://mapsengine.google.com/06136759344167181854-15960346301379896183-4/wms/?version=1.3.0","40.8352288478","-79.6822344269","2005","Armstrong","final_internal","","3","","3","other","100","","","1","","1","other","100","","","","","","","","","","3","","3","other","100","","","","","","","","","","","","","","",""
"41.75531231-75.90177327---2008","https://mapsengine.google.com/06136759344167181854-00219351362547715467-4/wms/?version=1.3.0","41.7553123142","-75.9017732707","2008","Susquehanna","final_internal","","3","","3","other","100","","","1","","1","other","100","","","3","","3","other","100","","","3","","3","other","100","","","","","","","","","","","","","","",""
"41.88664205-75.89201459---2008","https://mapsengine.google.com/06136759344167181854-00219351362547715467-4/wms/?version=1.3.0","41.886642046","-75.8920145863","2008","Susquehanna","final_internal","","3","","3","other","100","","","1","","1","other","100","","","3","","3","other","100","","","3","","3","other","100","","","","","","","","","","","","","","",""
"41.66834287-75.6755451---2010","https://mapsengine.google.com/06136759344167181854-06191489742681286724-4/wms/?version=1.3.0","41.66834287","-75.6755451","2010","Susquehanna","first_internal","","3","","3","other","100","","","11","","11","other","100","","","3","","3","other","100","","","","","","","","","","","","","","","","","","","","","",""
"41.73864195-76.089228---2005","https://mapsengine.google.com/06136759344167181854-15960346301379896183-4/wms/?version=1.3.0","41.7386419469","-76.0892280014","2005","Susquehanna","final_internal","","3","","3","other","100","","","1","","1","other","100","","","3","","3","other","100","","","3","","3","other","100","","","","","","","","","","","","","","",""
"39.82622405-79.97380745---2008","https://mapsengine.google.com/06136759344167181854-00219351362547715467-4/wms/?version=1.3.0","39.8262240518","-79.9738074472","2008","Greene","sweeper_internal","","1","","1","other","100","","3","7","","10","other","70","","","3","","3","other","100","","","","","","","","","","1","","1","other","100","","","","","","","",""
"41.79255394-77.24789963---2010","https://mapsengine.google.com/06136759344167181854-06191489742681286724-4/wms/?version=1.3.0","41.7925539409","-77.2478996343","2010","Tioga","public","","12","","12","other","100","","","12","","12","other","100","","","","","","","","","","","","","","","","","","","","","","","","","","","","",""
"41.52564708-79.70957432---2008","https://mapsengine.google.com/06136759344167181854-00219351362547715467-4/wms/?version=1.3.0","41.5256470793","-79.7095743195","2008","Venango","first_internal","","3","","3","other","100","","","8","2","10","other","80","","","3","","3","other","100","","","","","","","","","","","","","","","","","","","","","",""
"41.74287741-76.05792507---2010","https://mapsengine.google.com/06136759344167181854-06191489742681286724-4/wms/?version=1.3.0","41.74287741","-76.05792507","2010","Susquehanna","first_internal","","3","","3","other","100","","","10","","10","other","100","","","3","","3","other","100","","","","","","","","","","","","","","","","","","","","","",""
"41.62319268-76.43146609---2010","https://mapsengine.google.com/06136759344167181854-06191489742681286724-4/wms/?version=1.3.0","41.62319268","-76.43146609","2010","Bradford","first_internal","","3","","3","other","100","","","10","","10","other","100","","","3","","3","other","100","","","","","","","","","","","","","","","","","","","","","",""
"39.82614192-80.50307505---2008","https://mapsengine.google.com/06136759344167181854-00219351362547715467-4/wms/?version=1.3.0","39.8261419222","-80.5030750453","2008","Greene","first_internal","","3","","3","other","100","","","9","1","10","other","90","","","3","","3","other","100","","","","","","","","","","","","","","","","","","","","","",""
"41.74256981-76.06047854---2008","https://mapsengine.google.com/06136759344167181854-00219351362547715467-4/wms/?version=1.3.0","41.7425698079","-76.060478535","2008","Susquehanna","final_internal","","3","","3","other","100","","","1","","1","other","100","","","3","","3","other","100","","","3","","3","other","100","","","","","","","","","","","","","","",""
"41.64105183-76.37948047---2008","https://mapsengine.google.com/06136759344167181854-00219351362547715467-4/wms/?version=1.3.0","41.6410518303","-76.3794804664","2008","Bradford","final_internal","","3","","3","other","100","","","1","","1","other","100","","","3","","3","other","100","","","3","","3","other","100","","","","","","","","","","","","","","",""
"40.27451769-80.25402429---2008","https://mapsengine.google.com/06136759344167181854-00219351362547715467-4/wms/?version=1.3.0","40.2745176946","-80.2540242938","2008","Washington","first_internal","2","1","","3","fracking","66","","4","2","2","8","fracking","50","","2","1","","3","fracking","66","","","","","","","","","","","","","","","","","","","","","",""
"40.2799459-80.29211973---2010","https://mapsengine.google.com/06136759344167181854-06191489742681286724-4/wms/?version=1.3.0","40.279945902","-80.292119732","2010","Washington","sweeper_internal","","1","","1","other","100","","","7","3","10","other","70","","","","","","","","","","","","","","","","","1","","1","other","100","","","","","","","",""
"40.29034556-80.29917684---2010","https://mapsengine.google.com/06136759344167181854-06191489742681286724-4/wms/?version=1.3.0","40.2903455649","-80.2991768441","2010","Washington","public","","10","","10","other","100","","","10","","10","other","100","","","","","","","","","","","","","","","","","","","","","","","","","","","","",""
"41.63526891-78.36871399---2008","https://mapsengine.google.com/06136759344167181854-00219351362547715467-4/wms/?version=1.3.0","41.6352689059","-78.36871399","2008","McKean","first_internal","","3","","3","other","100","","1","5","2","8","other","62","","","3","","3","other","100","","","","","","","","","","","","","","","","","","","","","",""
"40.82674433-80.04198194---2008","https://mapsengine.google.com/06136759344167181854-00219351362547715467-4/wms/?version=1.3.0","40.8267443334","-80.0419819382","2008","Butler","first_internal","","3","","3","other","100","","","2","","2","other","100","","","3","","3","other","100","","","","","","","","","","","","","","","","","","","","","",""
"39.97953069-79.99407915---2010","https://mapsengine.google.com/06136759344167181854-06191489742681286724-4/wms/?version=1.3.0","39.9795306892","-79.9940791485","2010","Fayette","public","","11","","11","other","100","","","11","","11","other","100","","","","","","","","","","","","","","","","","","","","","","","","","","","","",""
"41.7044035-75.95213559---2008","https://mapsengine.google.com/06136759344167181854-00219351362547715467-4/wms/?version=1.3.0","41.7044034968","-75.9521355902","2008","Susquehanna","final_internal","","3","","3","other","100","","","1","","1","other","100","","","3","","3","other","100","","","3","","3","other","100","","","","","","","","","","","","","","",""
"41.57725209-76.04366521---2010","https://mapsengine.google.com/06136759344167181854-06191489742681286724-4/wms/?version=1.3.0","41.5772520942","-76.0436652066","2010","Wyoming","sweeper_internal","1","","","1","fracking","100","","4","2","4","10","fracking|unknown","","40|40","1","2","","3","other","66","","","","","","","","","1","","","1","fracking","100","","","","","","","",""
"40.32981746-80.28393838---2010","https://mapsengine.google.com/06136759344167181854-06191489742681286724-4/wms/?version=1.3.0","40.3298174575","-80.2839383811","2010","Washington","public","10","","","10","fracking","100","","10","","","10","fracking","100","","","","","","","","","","","","","","","","","","","","","","","","","","","","",""
"39.72016463-79.98232714---2010","https://mapsengine.google.com/06136759344167181854-06191489742681286724-4/wms/?version=1.3.0","39.7201646323","-79.982327143","2010","Greene","public","2","8","","10","other","80","","2","8","","10","other","80","","","","","","","","","","","","","","","","","","","","","","","","","","","","",""
"40.26303163-80.46576975---2005","https://mapsengine.google.com/06136759344167181854-15960346301379896183-4/wms/?version=1.3.0","40.2630316322","-80.4657697519","2005","Washington","final_internal","","3","","3","other","100","","","1","","1","other","100","","","","","","","","","","3","","3","other","100","","","","","","","","","","","","","","",""
"41.73383282-75.94050222---2010","https://mapsengine.google.com/06136759344167181854-06191489742681286724-4/wms/?version=1.3.0","41.73383282","-75.94050222","2010","Susquehanna","first_internal","3","","","3","fracking","100","","10","","1","11","fracking","90","","3","","","3","fracking","100","","","","","","","","","","","","","","","","","","","","","",""
"41.79581389-76.58456577---2010","https://mapsengine.google.com/06136759344167181854-06191489742681286724-4/wms/?version=1.3.0","41.7958138912","-76.5845657699","2010","Bradford","sweeper_internal","","1","","1","other","100","","5","2","3","10","fracking","50","","","3","","3","other","100","","","","","","","","","","1","","1","other","100","","","","","","","",""
"40.88639329-79.79800738---2010","https://mapsengine.google.com/06136759344167181854-06191489742681286724-4/wms/?version=1.3.0","40.8863932919","-79.7980073764","2010","Butler","public","","13","1","14","other","92","","","13","1","14","other","92","","","","","","","","","","","","","","","","","","","","","","","","","","","","",""
"41.90088733-75.96324287---2005","https://mapsengine.google.com/06136759344167181854-15960346301379896183-4/wms/?version=1.3.0","41.9008873256","-75.9632428674","2005","Susquehanna","final_internal","","3","","3","other","100","","","1","","1","other","100","","","3","","3","other","100","","","3","","3","other","100","","","","","","","","","","","","","","",""
"40.21488326-80.49490505---2010","https://mapsengine.google.com/06136759344167181854-06191489742681286724-4/wms/?version=1.3.0","40.2148832613","-80.4949050515","2010","Washington","public","8","","2","10","fracking","80","","8","","2","10","fracking","80","","","","","","","","","","","","","","","","","","","","","","","","","","","","",""
"39.94535217-80.0232509---2010","https://mapsengine.google.com/06136759344167181854-06191489742681286724-4/wms/?version=1.3.0","39.9453521698","-80.0232509013","2010","Greene","public","","10","","10","other","100","","","10","","10","other","100","","","","","","","","","","","","","","","","","","","","","","","","","","","","",""
"39.83161428-80.0068659---2010","https://mapsengine.google.com/06136759344167181854-06191489742681286724-4/wms/?version=1.3.0","39.8316142806","-80.0068658995","2010","Greene","public","10","","","10","fracking","100","","10","","","10","fracking","100","","","","","","","","","","","","","","","","","","","","","","","","","","","","",""
"41.86188705-76.84349344---2008","https://mapsengine.google.com/06136759344167181854-00219351362547715467-4/wms/?version=1.3.0","41.8618870529","-76.8434934356","2008","Bradford","final_internal","","4","","4","other","100","","","1","","1","other","100","","","3","","3","other","100","","","4","","4","other","100","","","","","","","","","","","","","","",""
"41.72888894-75.90292456---2010","https://mapsengine.google.com/06136759344167181854-06191489742681286724-4/wms/?version=1.3.0","41.72888894","-75.90292456","2010","Susquehanna","first_internal","","3","","3","other","100","","","9","1","10","other","90","","","3","","3","other","100","","","","","","","","","","","","","","","","","","","","","",""
"41.06364305-77.89854558---2010","https://mapsengine.google.com/06136759344167181854-06191489742681286724-4/wms/?version=1.3.0","41.0636430516","-77.8985455779","2010","Centre","public","","10","","10","other","100","","","10","","10","other","100","","","","","","","","","","","","","","","","","","","","","","","","","","","","",""
"39.91227492-79.96238408---2008","https://mapsengine.google.com/06136759344167181854-00219351362547715467-4/wms/?version=1.3.0","39.9122749214","-79.9623840794","2008","Greene","sweeper_internal","","1","","1","other","100","","2","7","1","10","other","70","","","3","","3","other","100","","","","","","","","","","1","","1","other","100","","","","","","","",""
"40.16232771-79.34476011---2010","https://mapsengine.google.com/06136759344167181854-06191489742681286724-4/wms/?version=1.3.0","40.1623277086","-79.3447601053","2010","Westmoreland","public","8","","2","10","fracking","80","","8","","2","10","fracking","80","","","","","","","","","","","","","","","","","","","","","","","","","","","","",""
"41.67140096-76.08827058---2005","https://mapsengine.google.com/06136759344167181854-15960346301379896183-4/wms/?version=1.3.0","41.6714009577","-76.0882705815","2005","Susquehanna","final_internal","","4","","4","other","100","","","1","","1","other","100","","","3","","3","other","100","","","4","","4","other","100","","","","","","","","","","","","","","",""
"41.75725003-75.94216779---2010","https://mapsengine.google.com/06136759344167181854-06191489742681286724-4/wms/?version=1.3.0","41.75725003","-75.94216779","2010","Susquehanna","first_internal","","3","","3","other","100","","","10","","10","other","100","","","3","","3","other","100","","","","","","","","","","","","","","","","","","","","","",""
"40.81192122-80.03257552---2008","https://mapsengine.google.com/06136759344167181854-00219351362547715467-4/wms/?version=1.3.0","40.8119212223","-80.032575516","2008","Butler","first_internal","","3","","3","other","100","","","2","","2","other","100","","","3","","3","other","100","","","","","","","","","","","","","","","","","","","","","",""
"40.35038535-80.28592761---2008","https://mapsengine.google.com/06136759344167181854-00219351362547715467-4/wms/?version=1.3.0","40.350385355","-80.2859276074","2008","Washington","first_internal","","3","","3","other","100","","","7","1","8","other","87","","","3","","3","other","100","","","","","","","","","","","","","","","","","","","","","",""
"40.0926501-79.80205225---2008","https://mapsengine.google.com/06136759344167181854-00219351362547715467-4/wms/?version=1.3.0","40.0926501037","-79.8020522486","2008","Fayette","first_internal","2","","1","3","fracking","66","","8","1","1","10","fracking","80","","2","","1","3","fracking","66","","","","","","","","","","","","","","","","","","","","","",""
"41.80530558-77.29403913---2008","https://mapsengine.google.com/06136759344167181854-00219351362547715467-4/wms/?version=1.3.0","41.8053055769","-77.2940391285","2008","Tioga","final_internal","1","2","","3","other","66","","1","","","1","fracking","100","","","","","","","","","1","2","","3","other","66","","","","","","","","","","","","","","",""
"41.72668739-76.80806908---2010","https://mapsengine.google.com/06136759344167181854-06191489742681286724-4/wms/?version=1.3.0","41.72668739","-76.80806908","2010","Bradford","first_internal","","3","","3","other","100","","","10","","10","other","100","","","3","","3","other","100","","","","","","","","","","","","","","","","","","","","","",""
"41.69739212-75.96386362---2010","https://mapsengine.google.com/06136759344167181854-06191489742681286724-4/wms/?version=1.3.0","41.69739212","-75.96386362","2010","Susquehanna","first_internal","","3","","3","other","100","","","12","","12","other","100","","","3","","3","other","100","","","","","","","","","","","","","","","","","","","","","",""
"41.75526016-76.63271417---2008","https://mapsengine.google.com/06136759344167181854-00219351362547715467-4/wms/?version=1.3.0","41.7552601622","-76.6327141701","2008","Bradford","final_internal","","3","","3","other","100","","","1","","1","other","100","","","3","","3","other","100","","","3","","3","other","100","","","","","","","","","","","","","","",""
"41.65552114-75.96190326---2005","https://mapsengine.google.com/06136759344167181854-15960346301379896183-4/wms/?version=1.3.0","41.655521135","-75.9619032617","2005","Susquehanna","final_internal","","3","","3","other","100","","","1","","1","other","100","","","3","","3","other","100","","","3","","3","other","100","","","","","","","","","","","","","","",""
"40.77854113-79.62655944---2008","https://mapsengine.google.com/06136759344167181854-00219351362547715467-4/wms/?version=1.3.0","40.7785411289","-79.6265594436","2008","Armstrong","first_internal","1","2","","3","other","66","","1","3","2","6","other","50","","1","2","","3","other","66","","","","","","","","","","","","","","","","","","","","","",""
"41.09122112-77.95532929---2010","https://mapsengine.google.com/06136759344167181854-06191489742681286724-4/wms/?version=1.3.0","41.0912211191","-77.9553292919","2010","Centre","public","10","","","10","fracking","100","","10","","","10","fracking","100","","","","","","","","","","","","","","","","","","","","","","","","","","","","",""
"41.76732721-76.71257456---2008","https://mapsengine.google.com/06136759344167181854-00219351362547715467-4/wms/?version=1.3.0","41.7673272067","-76.7125745602","2008","Bradford","final_internal","1","2","","3","other","66","","","1","","1","other","100","","","3","","3","other","100","","1","2","","3","other","66","","","","","","","","","","","","","","",""
"40.29944121-80.30312538---2010","https://mapsengine.google.com/06136759344167181854-06191489742681286724-4/wms/?version=1.3.0","40.2994412135","-80.3031253784","2010","Washington","public","","10","","10","other","100","","","10","","10","other","100","","","","","","","","","","","","","","","","","","","","","","","","","","","","",""
"41.54060153-77.10007426---2008","https://mapsengine.google.com/06136759344167181854-00219351362547715467-4/wms/?version=1.3.0","41.5406015277","-77.1000742561","2008","Lycoming","final_internal","","3","","3","other","100","","","1","","1","other","100","","","","","","","","","","3","","3","other","100","","","","","","","","","","","","","","",""
"41.7014735-75.89156994---2010","https://mapsengine.google.com/06136759344167181854-06191489742681286724-4/wms/?version=1.3.0","41.7014735","-75.89156994","2010","Susquehanna","first_internal","","3","","3","other","100","","","10","1","11","other","90","","","3","","3","other","100","","","","","","","","","","","","","","","","","","","","","",""
"41.7867156-78.1720076---2008","https://mapsengine.google.com/06136759344167181854-00219351362547715467-4/wms/?version=1.3.0","41.7867155988","-78.1720076043","2008","Potter","final_internal","","3","","3","other","100","","","1","","1","other","100","","","","","","","","","","3","","3","other","100","","","","","","","","","","","","","","",""
"39.81355982-79.38295582---2010","https://mapsengine.google.com/06136759344167181854-06191489742681286724-4/wms/?version=1.3.0","39.813559816","-79.3829558211","2010","Fayette","public","","10","","10","other","100","","","10","","10","other","100","","","","","","","","","","","","","","","","","","","","","","","","","","","","",""
"41.26441033-76.62186752---2010","https://mapsengine.google.com/06136759344167181854-06191489742681286724-4/wms/?version=1.3.0","41.2644103341","-76.6218675173","2010","Lycoming","public","","11","","11","other","100","","","11","","11","other","100","","","","","","","","","","","","","","","","","","","","","","","","","","","","",""
"39.83673321-79.97522931---2010","https://mapsengine.google.com/06136759344167181854-06191489742681286724-4/wms/?version=1.3.0","39.8367332105","-79.9752293053","2010","Greene","sweeper_internal","","1","","1","other","100","","3","6","1","10","other","60","","","","","","","","","","","","","","","","","1","","1","other","100","","","","","","","",""
"41.6131101-77.8761851---2010","https://mapsengine.google.com/06136759344167181854-06191489742681286724-4/wms/?version=1.3.0","41.6131101024","-77.8761850953","2010","Potter","sweeper_internal","1","","","1","fracking","100","","8","","3","11","fracking","72","","","","","","","","","","","","","","","","1","","","1","fracking","100","","","","","","","",""
"39.94357512-79.83873151---2008","https://mapsengine.google.com/06136759344167181854-00219351362547715467-4/wms/?version=1.3.0","39.9435751206","-79.8387315131","2008","Fayette","sweeper_internal","","1","","1","other","100","","2","6","2","10","other","60","","","3","","3","other","100","","","","","","","","","","1","","1","other","100","","","","","","","",""
"41.64607936-76.34432859---2010","https://mapsengine.google.com/06136759344167181854-06191489742681286724-4/wms/?version=1.3.0","41.6460793581","-76.344328595","2010","Bradford","public","","14","","14","other","100","","","14","","14","other","100","","","","","","","","","","","","","","","","","","","","","","","","","","","","",""
"41.69961636-76.77491714---2010","https://mapsengine.google.com/06136759344167181854-06191489742681286724-4/wms/?version=1.3.0","41.69961636","-76.77491714","2010","Bradford","first_internal","","3","","3","other","100","","","10","","10","other","100","","","3","","3","other","100","","","","","","","","","","","","","","","","","","","","","",""
"41.79085734-76.59051859---2008","https://mapsengine.google.com/06136759344167181854-00219351362547715467-4/wms/?version=1.3.0","41.7908573446","-76.5905185947","2008","Bradford","final_internal","","3","","3","other","100","","","1","","1","other","100","","","3","","3","other","100","","","3","","3","other","100","","","","","","","","","","","","","","",""
"41.44274233-78.25030132---2005","https://mapsengine.google.com/06136759344167181854-15960346301379896183-4/wms/?version=1.3.0","41.4427423254","-78.250301318","2005","Cameron","final_internal","","3","","3","other","100","","","1","","1","other","100","","","","","","","","","","3","","3","other","100","","","","","","","","","","","","","","",""
"40.67828362-79.7462106---2005","https://mapsengine.google.com/06136759344167181854-15960346301379896183-4/wms/?version=1.3.0","40.6782836216","-79.7462106011","2005","Butler","final_internal","","3","","3","other","100","","","1","","1","other","100","","","","","","","","","","3","","3","other","100","","","","","","","","","","","","","","",""
"41.74122219-76.65221282---2005","https://mapsengine.google.com/06136759344167181854-15960346301379896183-4/wms/?version=1.3.0","41.7412221923","-76.652212817","2005","Bradford","final_internal","","3","","3","other","100","","","1","","1","other","100","","","2","1","3","other","66","","","3","","3","other","100","","","","","","","","","","","","","","",""
"40.77481885-80.1843121---2010","https://mapsengine.google.com/06136759344167181854-06191489742681286724-4/wms/?version=1.3.0","40.774818855","-80.1843121044","2010","Beaver","public","9","","1","10","fracking","90","","9","","1","10","fracking","90","","","","","","","","","","","","","","","","","","","","","","","","","","","","",""
"41.93398366-77.35490399---2008","https://mapsengine.google.com/06136759344167181854-00219351362547715467-4/wms/?version=1.3.0","41.9339836571","-77.3549039877","2008","Tioga","final_internal","","3","","3","other","100","","","1","","1","other","100","","","","","","","","","","3","","3","other","100","","","","","","","","","","","","","","",""
"41.77520594-77.43163345---2008","https://mapsengine.google.com/06136759344167181854-00219351362547715467-4/wms/?version=1.3.0","41.7752059383","-77.4316334497","2008","Tioga","final_internal","","3","","3","other","100","","","1","","1","other","100","","","","","","","","","","3","","3","other","100","","","","","","","","","","","","","","",""
"39.85795523-79.52888078---2005","https://mapsengine.google.com/06136759344167181854-15960346301379896183-4/wms/?version=1.3.0","39.8579552279","-79.5288807828","2005","Fayette","final_internal","","3","","3","other","100","","","1","","1","other","100","","","","","","","","","","3","","3","other","100","","","","","","","","","","","","","","",""
"41.68762599-76.30390893---2005","https://mapsengine.google.com/06136759344167181854-15960346301379896183-4/wms/?version=1.3.0","41.6876259867","-76.3039089321","2005","Bradford","final_internal","","3","","3","other","100","","","1","","1","other","100","","","3","","3","other","100","","","3","","3","other","100","","","","","","","","","","","","","","",""
"41.78777515-75.97157882---2008","https://mapsengine.google.com/06136759344167181854-00219351362547715467-4/wms/?version=1.3.0","41.7877751519","-75.9715788152","2008","Susquehanna","final_internal","","4","","4","other","100","","","1","","1","other","100","","","3","","3","other","100","","","4","","4","other","100","","","","","","","","","","","","","","",""
"41.3811567-77.5280268---2010","https://mapsengine.google.com/06136759344167181854-06191489742681286724-4/wms/?version=1.3.0","41.3811566955","-77.5280267974","2010","Lycoming","public","10","","2","12","fracking","83","","10","","2","12","fracking","83","","","","","","","","","","","","","","","","","","","","","","","","","","","","",""
"41.85861392-76.01797264---2005","https://mapsengine.google.com/06136759344167181854-15960346301379896183-4/wms/?version=1.3.0","41.8586139229","-76.0179726449","2005","Susquehanna","final_internal","","3","","3","other","100","","","","1","1","unknown","100","","","3","","3","other","100","","","3","","3","other","100","","","","","","","","","","","","","","",""
"41.75679819-76.47539334---2008","https://mapsengine.google.com/06136759344167181854-00219351362547715467-4/wms/?version=1.3.0","41.7567981913","-76.4753933397","2008","Bradford","final_internal","","3","","3","other","100","","","1","","1","other","100","","","3","","3","other","100","","","3","","3","other","100","","","","","","","","","","","","","","",""
"41.68439076-76.065495---2010","https://mapsengine.google.com/06136759344167181854-06191489742681286724-4/wms/?version=1.3.0","41.68439076","-76.065495","2010","Susquehanna","first_internal","","3","","3","other","100","","","10","","10","other","100","","","3","","3","other","100","","","","","","","","","","","","","","","","","","","","","",""
"40.83393931-79.68410527---2010","https://mapsengine.google.com/06136759344167181854-06191489742681286724-4/wms/?version=1.3.0","40.8339393098","-79.6841052723","2010","Armstrong","sweeper_internal","","1","","1","other","100","","5","4","1","10","fracking","50","","","","","","","","","","","","","","","","","1","","1","other","100","","","","","","","",""
"39.91250016-79.96664641---2010","https://mapsengine.google.com/06136759344167181854-06191489742681286724-4/wms/?version=1.3.0","39.9125001558","-79.9666464055","2010","Greene","public","","10","","10","other","100","","","10","","10","other","100","","","","","","","","","","","","","","","","","","","","","","","","","","","","",""
"40.89305805-79.51750515---2010","https://mapsengine.google.com/06136759344167181854-06191489742681286724-4/wms/?version=1.3.0","40.8930580469","-79.5175051525","2010","Armstrong","public","","10","","10","other","100","","","10","","10","other","100","","","","","","","","","","","","","","","","","","","","","","","","","","","","",""
"41.27220232-76.63733726---2010","https://mapsengine.google.com/06136759344167181854-06191489742681286724-4/wms/?version=1.3.0","41.2722023166","-76.6373372623","2010","Lycoming","sweeper_internal","","1","","1","other","100","","5","1","4","10","fracking","50","","","","","","","","","","","","","","","","","1","","1","other","100","","","","","","","",""
"41.7456343-75.9471648---2008","https://mapsengine.google.com/06136759344167181854-00219351362547715467-4/wms/?version=1.3.0","41.7456343001","-75.9471648026","2008","Susquehanna","final_internal","","3","","3","other","100","","","1","","1","other","100","","","3","","3","other","100","","","3","","3","other","100","","","","","","","","","","","","","","",""
"41.73226665-75.89275904---2005","https://mapsengine.google.com/06136759344167181854-15960346301379896183-4/wms/?version=1.3.0","41.7322666499","-75.8927590391","2005","Susquehanna","final_internal","","3","","3","other","100","","","1","","1","other","100","","","3","","3","other","100","","","3","","3","other","100","","","","","","","","","","","","","","",""
"41.71291745-76.30458147---2005","https://mapsengine.google.com/06136759344167181854-15960346301379896183-4/wms/?version=1.3.0","41.712917446","-76.3045814681","2005","Bradford","final_internal","","3","","3","other","100","","","1","","1","other","100","","","3","","3","other","100","","","3","","3","other","100","","","","","","","","","","","","","","",""
"41.7312174-77.21152083---2008","https://mapsengine.google.com/06136759344167181854-00219351362547715467-4/wms/?version=1.3.0","41.7312174035","-77.2115208315","2008","Tioga","final_internal","","3","","3","other","100","","","1","","1","other","100","","","","","","","","","","3","","3","other","100","","","","","","","","","","","","","","",""
"40.10278046-79.79266108---2010","https://mapsengine.google.com/06136759344167181854-06191489742681286724-4/wms/?version=1.3.0","40.1027804552","-79.7926610797","2010","Fayette","public","8","","2","10","fracking","80","","8","","2","10","fracking","80","","","","","","","","","","","","","","","","","","","","","","","","","","","","",""
"41.69748614-75.89074708---2010","https://mapsengine.google.com/06136759344167181854-06191489742681286724-4/wms/?version=1.3.0","41.6974861374","-75.8907470777","2010","Susquehanna","sweeper_internal","","1","","1","other","100","","1","8","2","11","other","72","","","3","","3","other","100","","","","","","","","","","1","","1","other","100","","","","","","","",""
"40.27596571-80.3084104---2005","https://mapsengine.google.com/06136759344167181854-15960346301379896183-4/wms/?version=1.3.0","40.2759657138","-80.3084103982","2005","Washington","final_internal","2","1","","3","fracking","66","","1","","","1","fracking","100","","","","","","","","","2","1","","3","fracking","66","","","","","","","","","","","","","","",""
"39.73201027-80.33487677---2010","https://mapsengine.google.com/06136759344167181854-06191489742681286724-4/wms/?version=1.3.0","39.732010266","-80.3348767726","2010","Greene","public","1","8","1","10","other","80","","1","8","1","10","other","80","","","","","","","","","","","","","","","","","","","","","","","","","","","","",""
"40.86316402-79.50422196---2010","https://mapsengine.google.com/06136759344167181854-06191489742681286724-4/wms/?version=1.3.0","40.8631640229","-79.5042219589","2010","Armstrong","public","1","8","1","10","other","80","","1","8","1","10","other","80","","","","","","","","","","","","","","","","","","","","","","","","","","","","",""
"39.95843045-80.1014355---2005","https://mapsengine.google.com/06136759344167181854-15960346301379896183-4/wms/?version=1.3.0","39.9584304482","-80.101435495","2005","Greene","final_internal","","3","","3","other","100","","","1","","1","other","100","","","","","","","","","","3","","3","other","100","","","","","","","","","","","","","","",""
"41.2232945-78.70120429---2010","https://mapsengine.google.com/06136759344167181854-06191489742681286724-4/wms/?version=1.3.0","41.2232944977","-78.7012042925","2010","Elk","public","","11","","11","other","100","","","11","","11","other","100","","","","","","","","","","","","","","","","","","","","","","","","","","","","",""
"41.663261-75.6715582---2010","https://mapsengine.google.com/06136759344167181854-06191489742681286724-4/wms/?version=1.3.0","41.6632609953","-75.6715581992","2010","Susquehanna","sweeper_internal","","1","","1","other","100","","6","7","3","16","other","43","","1","","2","3","unknown","66","","","","","","","","","","1","","1","other","100","","","","","","","",""
"41.89056274-75.93635986---2005","https://mapsengine.google.com/06136759344167181854-15960346301379896183-4/wms/?version=1.3.0","41.8905627374","-75.9363598629","2005","Susquehanna","final_internal","","3","","3","other","100","","","1","","1","other","100","","","3","","3","other","100","","","3","","3","other","100","","","","","","","","","","","","","","",""
"41.68635765-75.87036052---2010","https://mapsengine.google.com/06136759344167181854-06191489742681286724-4/wms/?version=1.3.0","41.68635765","-75.87036052","2010","Susquehanna","first_internal","","3","","3","other","100","","","9","1","10","other","90","","","3","","3","other","100","","","","","","","","","","","","","","","","","","","","","",""
"39.78681619-79.86118908---2010","https://mapsengine.google.com/06136759344167181854-06191489742681286724-4/wms/?version=1.3.0","39.7868161862","-79.8611890819","2010","Fayette","public","","10","","10","other","100","","","10","","10","other","100","","","","","","","","","","","","","","","","","","","","","","","","","","","","",""
"40.239712-80.46588705---2010","https://mapsengine.google.com/06136759344167181854-06191489742681286724-4/wms/?version=1.3.0","40.2397120044","-80.4658870476","2010","Washington","public","9","","1","10","fracking","90","","9","","1","10","fracking","90","","","","","","","","","","","","","","","","","","","","","","","","","","","","",""
"41.89387166-75.94424811---2010","https://mapsengine.google.com/06136759344167181854-06191489742681286724-4/wms/?version=1.3.0","41.89387166","-75.94424811","2010","Susquehanna","first_internal","","3","","3","other","100","","","12","","12","other","100","","","3","","3","other","100","","","","","","","","","","","","","","","","","","","","","",""
"40.27572419-80.29139297---2008","https://mapsengine.google.com/06136759344167181854-00219351362547715467-4/wms/?version=1.3.0","40.275724192","-80.2913929692","2008","Washington","first_internal","","3","","3","other","100","","","8","","8","other","100","","","3","","3","other","100","","","","","","","","","","","","","","","","","","","","","",""
"40.17664339-80.40712974---2010","https://mapsengine.google.com/06136759344167181854-06191489742681286724-4/wms/?version=1.3.0","40.1766433865","-80.4071297381","2010","Washington","public","1","9","","10","other","90","","1","9","","10","other","90","","","","","","","","","","","","","","","","","","","","","","","","","","","","",""
"40.13884405-79.76345108---2010","https://mapsengine.google.com/06136759344167181854-06191489742681286724-4/wms/?version=1.3.0","40.1388440486","-79.7634510787","2010","Westmoreland","public","10","","","10","fracking","100","","10","","","10","fracking","100","","","","","","","","","","","","","","","","","","","","","","","","","","","","",""
"41.98656304-76.97818924---2008","https://mapsengine.google.com/06136759344167181854-00219351362547715467-4/wms/?version=1.3.0","41.9865630369","-76.9781892381","2008","Tioga","final_internal","","3","","3","other","100","","","1","","1","other","100","","","","","","","","","","3","","3","other","100","","","","","","","","","","","","","","",""
"41.93355889-75.46690266---2010","https://mapsengine.google.com/06136759344167181854-06191489742681286724-4/wms/?version=1.3.0","41.93355889","-75.46690266","2010","Wayne","first_internal","","3","","3","other","100","","","10","","10","other","100","","","3","","3","other","100","","","","","","","","","","","","","","","","","","","","","",""
"41.71090736-75.9152845---2005","https://mapsengine.google.com/06136759344167181854-15960346301379896183-4/wms/?version=1.3.0","41.710907358","-75.915284499","2005","Susquehanna","final_internal","","3","","3","other","100","","","1","","1","other","100","","","3","","3","other","100","","","3","","3","other","100","","","","","","","","","","","","","","",""
"41.07363981-77.98320739---2010","https://mapsengine.google.com/06136759344167181854-06191489742681286724-4/wms/?version=1.3.0","41.0736398062","-77.9832073918","2010","Centre","sweeper_internal","1","","","1","fracking","100","","8","","4","12","fracking","66","","","","","","","","","","","","","","","","1","","","1","fracking","100","","","","","","","",""
"40.10857131-79.79613936---2005","https://mapsengine.google.com/06136759344167181854-15960346301379896183-4/wms/?version=1.3.0","40.1085713102","-79.7961393644","2005","Fayette","final_internal","1","2","","3","other","66","","","1","","1","other","100","","","","","","","","","1","2","","3","other","66","","","","","","","","","","","","","","",""
"41.60595444-76.38037799---2008","https://mapsengine.google.com/06136759344167181854-00219351362547715467-4/wms/?version=1.3.0","41.6059544363","-76.3803779886","2008","Bradford","final_internal","","3","","3","other","100","","","1","","1","other","100","","","3","","3","other","100","","","3","","3","other","100","","","","","","","","","","","","","","",""
"41.56276905-76.99959583---2005","https://mapsengine.google.com/06136759344167181854-15960346301379896183-4/wms/?version=1.3.0","41.5627690508","-76.9995958262","2005","Tioga","final_internal","","3","","3","other","100","","","1","","1","other","100","","","","","","","","","","3","","3","other","100","","","","","","","","","","","","","","",""
"41.7368614-76.08970084---2005","https://mapsengine.google.com/06136759344167181854-15960346301379896183-4/wms/?version=1.3.0","41.7368613993","-76.089700836","2005","Susquehanna","final_internal","","3","","3","other","100","","","1","","1","other","100","","","3","","3","other","100","","","3","","3","other","100","","","","","","","","","","","","","","",""
"41.68068497-76.0859608---2005","https://mapsengine.google.com/06136759344167181854-15960346301379896183-4/wms/?version=1.3.0","41.6806849689","-76.0859607959","2005","Susquehanna","final_internal","","3","","3","other","100","","","1","","1","other","100","","","3","","3","other","100","","","3","","3","other","100","","","","","","","","","","","","","","",""
"40.86389747-79.50221338---2005","https://mapsengine.google.com/06136759344167181854-15960346301379896183-4/wms/?version=1.3.0","40.8638974714","-79.5022133849","2005","Armstrong","final_internal","","3","","3","other","100","","1","","","1","fracking","100","","","","","","","","","","3","","3","other","100","","","","","","","","","","","","","","",""
"40.16257835-79.338999---2005","https://mapsengine.google.com/06136759344167181854-15960346301379896183-4/wms/?version=1.3.0","40.1625783466","-79.3389989984","2005","Westmoreland","final_internal","","4","","4","other","100","","","1","","1","other","100","","","","","","","","","","4","","4","other","100","","","","","","","","","","","","","","",""
"40.86026339-79.50296169---2005","https://mapsengine.google.com/06136759344167181854-15960346301379896183-4/wms/?version=1.3.0","40.8602633889","-79.5029616929","2005","Armstrong","final_internal","","3","","3","other","100","","","1","","1","other","100","","","","","","","","","","3","","3","other","100","","","","","","","","","","","","","","",""
"40.15109618-80.4162676---2010","https://mapsengine.google.com/06136759344167181854-06191489742681286724-4/wms/?version=1.3.0","40.1510961761","-80.4162676012","2010","Washington","public","8","","2","10","fracking","80","","8","","2","10","fracking","80","","","","","","","","","","","","","","","","","","","","","","","","","","","","",""
"41.66700323-75.66963184---2010","https://mapsengine.google.com/06136759344167181854-06191489742681286724-4/wms/?version=1.3.0","41.66700323","-75.66963184","2010","Susquehanna","sweeper_internal","","1","","1","other","100","","4","4","2","10","fracking|other","","40|40","1","1","2","4","unknown","50","","","","","","","","","","1","","1","other","100","","","","","","","",""
"41.69944869-76.7756317---2010","https://mapsengine.google.com/06136759344167181854-06191489742681286724-4/wms/?version=1.3.0","41.69944869","-76.7756317","2010","Bradford","first_internal","","3","","3","other","100","","","10","","10","other","100","","","3","","3","other","100","","","","","","","","","","","","","","","","","","","","","",""
"41.25613522-76.51131741---2005","https://mapsengine.google.com/06136759344167181854-15960346301379896183-4/wms/?version=1.3.0","41.2561352182","-76.5113174133","2005","Lycoming","missing_internal","","1","","1","other","100","","","","","","fracking|unknown|other","","","","","","","","","","","","","","","","","","","","","","","","","1","","1","other","100",""
"41.64506451-76.38688089---2008","https://mapsengine.google.com/06136759344167181854-00219351362547715467-4/wms/?version=1.3.0","41.6450645073","-76.3868808882","2008","Bradford","final_internal","","3","","3","other","100","","","1","","1","other","100","","","3","","3","other","100","","","3","","3","other","100","","","","","","","","","","","","","","",""
"39.77231226-78.97254175---2010","https://mapsengine.google.com/06136759344167181854-06191489742681286724-4/wms/?version=1.3.0","39.7723122617","-78.972541747","2010","Somerset","public","","13","","13","other","100","","","13","","13","other","100","","","","","","","","","","","","","","","","","","","","","","","","","","","","",""
"41.45630018-79.29782916---2010","https://mapsengine.google.com/06136759344167181854-06191489742681286724-4/wms/?version=1.3.0","41.4563001792","-79.2978291575","2010","Forest","public","29","","1","30","fracking","96","","29","","1","30","fracking","96","","","","","","","","","","","","","","","","","","","","","","","","","","","","",""
"40.49208586-79.58389517---2010","https://mapsengine.google.com/06136759344167181854-06191489742681286724-4/wms/?version=1.3.0","40.492085863","-79.5838951696","2010","Westmoreland","public","","10","","10","other","100","","","10","","10","other","100","","","","","","","","","","","","","","","","","","","","","","","","","","","","",""
"41.83116234-76.07168872---2005","https://mapsengine.google.com/06136759344167181854-15960346301379896183-4/wms/?version=1.3.0","41.83116234","-76.071688717","2005","Susquehanna","final_internal","","3","","3","other","100","","","1","","1","other","100","","","3","","3","other","100","","","3","","3","other","100","","","","","","","","","","","","","","",""
"41.72271806-76.2702397---2005","https://mapsengine.google.com/06136759344167181854-15960346301379896183-4/wms/?version=1.3.0","41.7227180643","-76.2702396956","2005","Bradford","final_internal","","3","","3","other","100","","","1","","1","other","100","","","3","","3","other","100","","","3","","3","other","100","","","","","","","","","","","","","","",""
"40.83791606-79.68758493---2010","https://mapsengine.google.com/06136759344167181854-06191489742681286724-4/wms/?version=1.3.0","40.8379160587","-79.6875849275","2010","Armstrong","public","","8","2","10","other","80","","","8","2","10","other","80","","","","","","","","","","","","","","","","","","","","","","","","","","","","",""
"39.93615299-79.96529469---2010","https://mapsengine.google.com/06136759344167181854-06191489742681286724-4/wms/?version=1.3.0","39.9361529858","-79.965294686","2010","Greene","sweeper_internal","","1","","1","other","100","","","6","4","10","other","60","","","","","","","","","","","","","","","","","1","","1","other","100","","","","","","","",""
"41.73942052-76.02909427---2010","https://mapsengine.google.com/06136759344167181854-06191489742681286724-4/wms/?version=1.3.0","41.7394205238","-76.029094275","2010","Susquehanna","sweeper_internal","","1","","1","other","100","","3","4","3","10","other","40","","","","","","","","","","","","","","","","","1","","1","other","100","","","","","","","",""
"40.57399121-79.81026634---2008","https://mapsengine.google.com/06136759344167181854-00219351362547715467-4/wms/?version=1.3.0","40.5739912109","-79.8102663379","2008","Allegheny","final_internal","","3","","3","other","100","","1","6","","7","other","85","","","2","1","3","other","66","","","3","","3","other","100","","","","","","","","","","","","","","",""
"41.13369998-78.0422424---2005","https://mapsengine.google.com/06136759344167181854-15960346301379896183-4/wms/?version=1.3.0","41.1336999802","-78.0422424018","2005","Centre","missing_internal","","1","","1","other","100","","","","","","fracking|unknown|other","","","","","","","","","","","","","","","","","","","","","","","","","1","","1","other","100",""
"41.61998022-76.93837668---2008","https://mapsengine.google.com/06136759344167181854-00219351362547715467-4/wms/?version=1.3.0","41.6199802226","-76.9383766797","2008","Tioga","final_internal","","3","","3","other","100","","","1","","1","other","100","","","","","","","","","","3","","3","other","100","","","","","","","","","","","","","","",""
"40.83751506-79.6636806---2010","https://mapsengine.google.com/06136759344167181854-06191489742681286724-4/wms/?version=1.3.0","40.8375150616","-79.6636806005","2010","Armstrong","sweeper_internal","","1","","1","other","100","","6","2","2","10","fracking","60","","","","","","","","","","","","","","","","","1","","1","other","100","","","","","","","",""
"41.59058766-76.8464498---2008","https://mapsengine.google.com/06136759344167181854-00219351362547715467-4/wms/?version=1.3.0","41.5905876589","-76.8464497995","2008","Lycoming","final_internal","","3","","3","other","100","","","1","","1","other","100","","","","","","","","","","3","","3","other","100","","","","","","","","","","","","","","",""
"39.8467077-80.07635259---2008","https://mapsengine.google.com/06136759344167181854-00219351362547715467-4/wms/?version=1.3.0","39.8467077005","-80.0763525892","2008","Greene","first_internal","","3","","3","other","100","","","9","1","10","other","90","","","3","","3","other","100","","","","","","","","","","","","","","","","","","","","","",""
"41.73233545-77.39525236---2005","https://mapsengine.google.com/06136759344167181854-15960346301379896183-4/wms/?version=1.3.0","41.7323354538","-77.3952523585","2005","Tioga","missing_internal","","1","","1","other","100","","","","","","fracking|unknown|other","","","","","","","","","","","","","","","","","","","","","","","","","1","","1","other","100",""
"39.80389033-79.96256725---2010","https://mapsengine.google.com/06136759344167181854-06191489742681286724-4/wms/?version=1.3.0","39.8038903295","-79.9625672493","2010","Greene","public","","10","","10","other","100","","","10","","10","other","100","","","","","","","","","","","","","","","","","","","","","","","","","","","","",""
"39.74533068-79.44028725---2008","https://mapsengine.google.com/06136759344167181854-00219351362547715467-4/wms/?version=1.3.0","39.7453306778","-79.4402872463","2008","Fayette","first_internal","","3","","3","other","100","","","10","","10","other","100","","","3","","3","other","100","","","","","","","","","","","","","","","","","","","","","",""
"40.52549128-79.19187067---2010","https://mapsengine.google.com/06136759344167181854-06191489742681286724-4/wms/?version=1.3.0","40.5254912839","-79.191870671","2010","Indiana","sweeper_internal","","1","","1","other","100","","","7","3","10","other","70","","","","","","","","","","","","","","","","","1","","1","other","100","","","","","","","",""
"41.85312126-76.94401565---2008","https://mapsengine.google.com/06136759344167181854-00219351362547715467-4/wms/?version=1.3.0","41.8531212598","-76.9440156511","2008","Tioga","final_internal","","3","","3","other","100","","","1","","1","other","100","","","","","","","","","","3","","3","other","100","","","","","","","","","","","","","","",""
"39.83456032-79.97759031---2010","https://mapsengine.google.com/06136759344167181854-06191489742681286724-4/wms/?version=1.3.0","39.8345603184","-79.977590313","2010","Greene","sweeper_internal","","1","","1","other","100","","1","7","2","10","other","70","","","","","","","","","","","","","","","","","1","","1","other","100","","","","","","","",""
"41.99297487-76.95495844---2010","https://mapsengine.google.com/06136759344167181854-06191489742681286724-4/wms/?version=1.3.0","41.9929748686","-76.9549584439","2010","Tioga","public","","11","","11","other","100","","","11","","11","other","100","","","","","","","","","","","","","","","","","","","","","","","","","","","","",""
"41.93248099-76.94484451---2010","https://mapsengine.google.com/06136759344167181854-06191489742681286724-4/wms/?version=1.3.0","41.9324809852","-76.9448445093","2010","Tioga","public","","10","","10","other","100","","","10","","10","other","100","","","","","","","","","","","","","","","","","","","","","","","","","","","","",""
"41.7057537-75.91644022---2008","https://mapsengine.google.com/06136759344167181854-00219351362547715467-4/wms/?version=1.3.0","41.7057537043","-75.9164402187","2008","Susquehanna","final_internal","","3","","3","other","100","","","1","","1","other","100","","","3","","3","other","100","","","3","","3","other","100","","","","","","","","","","","","","","",""
"39.94064909-78.88997676---2010","https://mapsengine.google.com/06136759344167181854-06191489742681286724-4/wms/?version=1.3.0","39.9406490879","-78.8899767571","2010","Somerset","sweeper_internal","","1","","1","other","100","","5","5","","10","fracking|other","","50|50","","","","","","","","","","","","","","","","1","","1","other","100","","","","","","","",""
"41.76195228-76.10658549---2005","https://mapsengine.google.com/06136759344167181854-15960346301379896183-4/wms/?version=1.3.0","41.7619522783","-76.1065854883","2005","Susquehanna","final_internal","","3","","3","other","100","","","1","","1","other","100","","","3","","3","other","100","","","3","","3","other","100","","","","","","","","","","","","","","",""
"41.80593274-76.53882581---2010","https://mapsengine.google.com/06136759344167181854-06191489742681286724-4/wms/?version=1.3.0","41.80593274","-76.53882581","2010","Bradford","first_internal","","3","","3","other","100","","1","8","1","10","other","80","","","3","","3","other","100","","","","","","","","","","","","","","","","","","","","","",""
"40.45659268-80.33932017---2010","https://mapsengine.google.com/06136759344167181854-06191489742681286724-4/wms/?version=1.3.0","40.4565926821","-80.3393201657","2010","Washington","public","","10","","10","other","100","","","10","","10","other","100","","","","","","","","","","","","","","","","","","","","","","","","","","","","",""
"40.35072015-80.27929565---2008","https://mapsengine.google.com/06136759344167181854-00219351362547715467-4/wms/?version=1.3.0","40.3507201536","-80.2792956504","2008","Washington","first_internal","","3","","3","other","100","","","10","","10","other","100","","","3","","3","other","100","","","","","","","","","","","","","","","","","","","","","",""
"41.6829364-76.78254742---2005","https://mapsengine.google.com/06136759344167181854-15960346301379896183-4/wms/?version=1.3.0","41.6829364007","-76.7825474168","2005","Bradford","final_internal","","3","","3","other","100","","1","","","1","fracking","100","","","3","","3","other","100","","","3","","3","other","100","","","","","","","","","","","","","","",""
"41.82127529-77.0418183---2010","https://mapsengine.google.com/06136759344167181854-06191489742681286724-4/wms/?version=1.3.0","41.8212752925","-77.0418182988","2010","Tioga","public","","10","","10","other","100","","","10","","10","other","100","","","","","","","","","","","","","","","","","","","","","","","","","","","","",""
"41.75333962-76.24873702---2010","https://mapsengine.google.com/06136759344167181854-06191489742681286724-4/wms/?version=1.3.0","41.7533396183","-76.2487370199","2010","Bradford","sweeper_internal","","1","","1","other","100","","2","9","4","15","other","60","","","2","1","3","other","66","","","","","","","","","","1","","1","other","100","","","","","","","",""
"41.89393717-75.93190164---2005","https://mapsengine.google.com/06136759344167181854-15960346301379896183-4/wms/?version=1.3.0","41.8939371671","-75.931901643","2005","Susquehanna","final_internal","","3","","3","other","100","","","1","","1","other","100","","","3","","3","other","100","","","3","","3","other","100","","","","","","","","","","","","","","",""
"40.75965909-79.74960811---2005","https://mapsengine.google.com/06136759344167181854-15960346301379896183-4/wms/?version=1.3.0","40.7596590922","-79.7496081147","2005","Butler","final_internal","","3","","3","other","100","","","1","","1","other","100","","","","","","","","","","3","","3","other","100","","","","","","","","","","","","","","",""
"41.11027454-79.73502835---2008","https://mapsengine.google.com/06136759344167181854-00219351362547715467-4/wms/?version=1.3.0","41.1102745418","-79.735028346","2008","Butler","final_internal","","3","","3","other","100","","","1","","1","other","100","","","","","","","","","","3","","3","other","100","","","","","","","","","","","","","","",""
"41.97517515-77.55971354---2010","https://mapsengine.google.com/06136759344167181854-06191489742681286724-4/wms/?version=1.3.0","41.9751751507","-77.5597135441","2010","Tioga","sweeper_internal","","1","","1","other","100","","1","2","7","10","unknown","70","","","","","","","","","","","","","","","","","1","","1","other","100","","","","","","","",""
"40.19323906-79.71232065---2008","https://mapsengine.google.com/06136759344167181854-00219351362547715467-4/wms/?version=1.3.0","40.1932390571","-79.7123206538","2008","Westmoreland","first_internal","3","","","3","fracking","100","","1","","","1","fracking","100","","3","","","3","fracking","100","","","","","","","","","","","","","","","","","","","","","",""
"41.28015064-76.6513077---2008","https://mapsengine.google.com/06136759344167181854-00219351362547715467-4/wms/?version=1.3.0","41.2801506358","-76.6513077027","2008","Lycoming","final_internal","","3","","3","other","100","","","1","","1","other","100","","","","","","","","","","3","","3","other","100","","","","","","","","","","","","","","",""
"40.49653393-79.56587821---2010","https://mapsengine.google.com/06136759344167181854-06191489742681286724-4/wms/?version=1.3.0","40.4965339302","-79.5658782128","2010","Westmoreland","public","","10","","10","other","100","","","10","","10","other","100","","","","","","","","","","","","","","","","","","","","","","","","","","","","",""
"40.68010206-79.7538947---2010","https://mapsengine.google.com/06136759344167181854-06191489742681286724-4/wms/?version=1.3.0","40.68010206","-79.7538947004","2010","Butler","public","","14","","14","other","100","","","14","","14","other","100","","","","","","","","","","","","","","","","","","","","","","","","","","","","",""
"39.82709003-80.27932912---2010","https://mapsengine.google.com/06136759344167181854-06191489742681286724-4/wms/?version=1.3.0","39.8270900283","-80.2793291181","2010","Greene","sweeper_internal","","1","","1","other","100","","7","1","2","10","fracking","70","","","","","","","","","","","","","","","","","1","","1","other","100","","","","","","","",""
"41.66727378-76.16465518---2010","https://mapsengine.google.com/06136759344167181854-06191489742681286724-4/wms/?version=1.3.0","41.66727378","-76.16465518","2010","Bradford","first_internal","","3","","3","other","100","","","13","","13","other","100","","","3","","3","other","100","","","","","","","","","","","","","","","","","","","","","",""
"39.81504602-80.0429581---2005","https://mapsengine.google.com/06136759344167181854-15960346301379896183-4/wms/?version=1.3.0","39.8150460196","-80.0429580951","2005","Greene","final_internal","","3","","3","other","100","","","","1","1","unknown","100","","","","","","","","","","3","","3","other","100","","","","","","","","","","","","","","",""
"39.85287873-79.96075065---2008","https://mapsengine.google.com/06136759344167181854-00219351362547715467-4/wms/?version=1.3.0","39.8528787275","-79.9607506472","2008","Greene","sweeper_internal","","1","","1","other","100","","7","","3","10","fracking","70","","2","","1","3","fracking","66","","","","","","","","","","1","","1","other","100","","","","","","","",""
"41.74756105-75.9248333---2010","https://mapsengine.google.com/06136759344167181854-06191489742681286724-4/wms/?version=1.3.0","41.74756105","-75.9248333","2010","Susquehanna","first_internal","","3","","3","other","100","","","10","","10","other","100","","","3","","3","other","100","","","","","","","","","","","","","","","","","","","","","",""
"41.76220992-76.24847843---2008","https://mapsengine.google.com/06136759344167181854-00219351362547715467-4/wms/?version=1.3.0","41.7622099188","-76.2484784255","2008","Bradford","final_internal","","3","","3","other","100","","","1","","1","other","100","","","3","","3","other","100","","","3","","3","other","100","","","","","","","","","","","","","","",""
"40.11519512-79.81758493---2010","https://mapsengine.google.com/06136759344167181854-06191489742681286724-4/wms/?version=1.3.0","40.1151951166","-79.8175849295","2010","Fayette","public","","10","1","11","other","90","","","10","1","11","other","90","","","","","","","","","","","","","","","","","","","","","","","","","","","","",""
"40.293953-80.24552237---2008","https://mapsengine.google.com/06136759344167181854-00219351362547715467-4/wms/?version=1.3.0","40.2939530015","-80.2455223668","2008","Washington","first_internal","","3","","3","other","100","","","11","","11","other","100","","","3","","3","other","100","","","","","","","","","","","","","","","","","","","","","",""
"39.75021348-79.87385497---2010","https://mapsengine.google.com/06136759344167181854-06191489742681286724-4/wms/?version=1.3.0","39.7502134849","-79.873854971","2010","Fayette","sweeper_internal","","1","","1","other","100","","5","3","2","10","fracking","50","","","","","","","","","","","","","","","","","1","","1","other","100","","","","","","","",""
"41.63851787-76.38214939---2010","https://mapsengine.google.com/06136759344167181854-06191489742681286724-4/wms/?version=1.3.0","41.63851787","-76.38214939","2010","Bradford","first_internal","","3","","3","other","100","","","9","1","10","other","90","","","3","","3","other","100","","","","","","","","","","","","","","","","","","","","","",""
"40.19785176-79.72249719---2010","https://mapsengine.google.com/06136759344167181854-06191489742681286724-4/wms/?version=1.3.0","40.1978517647","-79.7224971871","2010","Westmoreland","public","","10","","10","other","100","","","10","","10","other","100","","","","","","","","","","","","","","","","","","","","","","","","","","","","",""
"41.73432562-75.86930354---2008","https://mapsengine.google.com/06136759344167181854-00219351362547715467-4/wms/?version=1.3.0","41.73432562","-75.86930354","2008","Susquehanna","sweeper_internal","1","","","1","fracking","100","","1","","","1","fracking","100","","1","1","1","3","fracking|unknown|other","","33|33|33","3","","","3","fracking","100","","1","","","1","fracking","100","","","","","","","",""
"40.28191497-80.24545705---2010","https://mapsengine.google.com/06136759344167181854-06191489742681286724-4/wms/?version=1.3.0","40.281914971","-80.2454570486","2010","Washington","public","8","2","","10","fracking","80","","8","2","","10","fracking","80","","","","","","","","","","","","","","","","","","","","","","","","","","","","",""
"41.04626477-79.34857428---2005","https://mapsengine.google.com/06136759344167181854-15960346301379896183-4/wms/?version=1.3.0","41.0462647691","-79.3485742784","2005","Clarion","final_internal","","3","","3","other","100","","","1","","1","other","100","","","","","","","","","","3","","3","other","100","","","","","","","","","","","","","","",""
"40.03536727-80.06758537---2005","https://mapsengine.google.com/06136759344167181854-15960346301379896183-4/wms/?version=1.3.0","40.0353672724","-80.067585365","2005","Washington","final_internal","","3","","3","other","100","","","1","","1","other","100","","","","","","","","","","3","","3","other","100","","","","","","","","","","","","","","",""
"40.27022031-80.36788532---2008","https://mapsengine.google.com/06136759344167181854-00219351362547715467-4/wms/?version=1.3.0","40.2702203134","-80.3678853203","2008","Washington","first_internal","","3","","3","other","100","","","10","","10","other","100","","","3","","3","other","100","","","","","","","","","","","","","","","","","","","","","",""
"41.85113352-76.91725939---2010","https://mapsengine.google.com/06136759344167181854-06191489742681286724-4/wms/?version=1.3.0","41.8511335223","-76.9172593947","2010","Tioga","sweeper_internal","1","","","1","fracking","100","","8","3","","11","fracking","72","","","","","","","","","","","","","","","","1","","","1","fracking","100","","","","","","","",""
"40.32974597-80.29903754---2010","https://mapsengine.google.com/06136759344167181854-06191489742681286724-4/wms/?version=1.3.0","40.3297459683","-80.2990375419","2010","Washington","public","9","1","","10","fracking","90","","9","1","","10","fracking","90","","","","","","","","","","","","","","","","","","","","","","","","","","","","",""
"40.75405251-79.79480205---2010","https://mapsengine.google.com/06136759344167181854-06191489742681286724-4/wms/?version=1.3.0","40.7540525085","-79.7948020523","2010","Butler","public","","14","","14","other","100","","","14","","14","other","100","","","","","","","","","","","","","","","","","","","","","","","","","","","","",""
"39.73773108-80.01232539---2005","https://mapsengine.google.com/06136759344167181854-15960346301379896183-4/wms/?version=1.3.0","39.7377310761","-80.0123253874","2005","Greene","final_internal","","3","","3","other","100","","","1","","1","other","100","","","","","","","","","","3","","3","other","100","","","","","","","","","","","","","","",""
"41.6001972-78.33297187---2010","https://mapsengine.google.com/06136759344167181854-06191489742681286724-4/wms/?version=1.3.0","41.6001971972","-78.3329718733","2010","Cameron","public","","13","","13","other","100","","","13","","13","other","100","","","","","","","","","","","","","","","","","","","","","","","","","","","","",""
"41.00119758-79.44440158---2008","https://mapsengine.google.com/06136759344167181854-00219351362547715467-4/wms/?version=1.3.0","41.0011975816","-79.4444015785","2008","Clarion","first_internal","","3","","3","other","100","","1","8","1","10","other","80","","","3","","3","other","100","","","","","","","","","","","","","","","","","","","","","",""
"40.51382572-79.18078713---2005","https://mapsengine.google.com/06136759344167181854-15960346301379896183-4/wms/?version=1.3.0","40.5138257235","-79.1807871311","2005","Indiana","final_internal","","3","","3","other","100","","","1","","1","other","100","","","","","","","","","","3","","3","other","100","","","","","","","","","","","","","","",""
"41.68499884-76.64927722---2010","https://mapsengine.google.com/06136759344167181854-06191489742681286724-4/wms/?version=1.3.0","41.68499884","-76.64927722","2010","Bradford","first_internal","","3","","3","other","100","","","10","","10","other","100","","","3","","3","other","100","","","","","","","","","","","","","","","","","","","","","",""
"39.7896615-79.18971535---2010","https://mapsengine.google.com/06136759344167181854-06191489742681286724-4/wms/?version=1.3.0","39.7896614953","-79.1897153541","2010","Somerset","public","","10","","10","other","100","","","10","","10","other","100","","","","","","","","","","","","","","","","","","","","","","","","","","","","",""
"41.71228034-76.68498517---2010","https://mapsengine.google.com/06136759344167181854-06191489742681286724-4/wms/?version=1.3.0","41.71228034","-76.68498517","2010","Bradford","first_internal","","3","","3","other","100","","","10","","10","other","100","","","3","","3","other","100","","","","","","","","","","","","","","","","","","","","","",""
"41.69818233-76.72342803---2010","https://mapsengine.google.com/06136759344167181854-06191489742681286724-4/wms/?version=1.3.0","41.69818233","-76.72342803","2010","Bradford","first_internal","","3","","3","other","100","","1","9","","10","other","90","","","3","","3","other","100","","","","","","","","","","","","","","","","","","","","","",""
"41.62972378-76.17355127---2008","https://mapsengine.google.com/06136759344167181854-00219351362547715467-4/wms/?version=1.3.0","41.6297237837","-76.1735512677","2008","Wyoming","final_internal","","3","","3","other","100","","","1","","1","other","100","","","3","","3","other","100","","","3","","3","other","100","","","","","","","","","","","","","","",""
"41.87370644-75.89331995---2010","https://mapsengine.google.com/06136759344167181854-06191489742681286724-4/wms/?version=1.3.0","41.87370644","-75.89331995","2010","Susquehanna","first_internal","","3","","3","other","100","","","11","1","12","other","91","","","3","","3","other","100","","","","","","","","","","","","","","","","","","","","","",""
"41.86740455-76.85181278---2008","https://mapsengine.google.com/06136759344167181854-00219351362547715467-4/wms/?version=1.3.0","41.8674045524","-76.8518127787","2008","Bradford","final_internal","","3","","3","other","100","","","1","","1","other","100","","","3","","3","other","100","","","3","","3","other","100","","","","","","","","","","","","","","",""
"41.80318103-77.24071105---2010","https://mapsengine.google.com/06136759344167181854-06191489742681286724-4/wms/?version=1.3.0","41.8031810291","-77.240711053","2010","Tioga","public","","12","","12","other","100","","","12","","12","other","100","","","","","","","","","","","","","","","","","","","","","","","","","","","","",""
"40.08641231-79.83622035---2010","https://mapsengine.google.com/06136759344167181854-06191489742681286724-4/wms/?version=1.3.0","40.0864123147","-79.8362203471","2010","Fayette","public","10","","","10","fracking","100","","10","","","10","fracking","100","","","","","","","","","","","","","","","","","","","","","","","","","","","","",""
"41.79202361-77.21378292---2010","https://mapsengine.google.com/06136759344167181854-06191489742681286724-4/wms/?version=1.3.0","41.7920236119","-77.2137829214","2010","Tioga","public","","10","1","11","other","90","","","10","1","11","other","90","","","","","","","","","","","","","","","","","","","","","","","","","","","","",""
"40.12351009-79.80525682---2010","https://mapsengine.google.com/06136759344167181854-06191489742681286724-4/wms/?version=1.3.0","40.1235100922","-79.8052568249","2010","Fayette","public","","8","2","10","other","80","","","8","2","10","other","80","","","","","","","","","","","","","","","","","","","","","","","","","","","","",""
"40.86203785-79.58673577---2005","https://mapsengine.google.com/06136759344167181854-15960346301379896183-4/wms/?version=1.3.0","40.8620378489","-79.5867357671","2005","Armstrong","final_internal","","3","","3","other","100","","","1","","1","other","100","","","","","","","","","","3","","3","other","100","","","","","","","","","","","","","","",""
"41.71894449-76.80219397---2010","https://mapsengine.google.com/06136759344167181854-06191489742681286724-4/wms/?version=1.3.0","41.71894449","-76.80219397","2010","Bradford","first_internal","","3","","3","other","100","","","10","","10","other","100","","","3","","3","other","100","","","","","","","","","","","","","","","","","","","","","",""
"40.85811503-79.49469176---2008","https://mapsengine.google.com/06136759344167181854-00219351362547715467-4/wms/?version=1.3.0","40.8581150315","-79.4946917632","2008","Armstrong","first_internal","","3","","3","other","100","","","6","","6","other","100","","","3","","3","other","100","","","","","","","","","","","","","","","","","","","","","",""
"41.63186772-76.4179037---2010","https://mapsengine.google.com/06136759344167181854-06191489742681286724-4/wms/?version=1.3.0","41.63186772","-76.4179037","2010","Bradford","first_internal","3","","","3","fracking","100","","11","1","","12","fracking","91","","3","","","3","fracking","100","","","","","","","","","","","","","","","","","","","","","",""
"41.70879528-75.87258275---2005","https://mapsengine.google.com/06136759344167181854-15960346301379896183-4/wms/?version=1.3.0","41.7087952839","-75.8725827474","2005","Susquehanna","final_internal","","3","","3","other","100","","","1","","1","other","100","","","3","","3","other","100","","","3","","3","other","100","","","","","","","","","","","","","","",""
"41.86186146-76.84351903---2010","https://mapsengine.google.com/06136759344167181854-06191489742681286724-4/wms/?version=1.3.0","41.86186146","-76.84351903","2010","Bradford","first_internal","","3","","3","other","100","","","9","1","10","other","90","","","3","","3","other","100","","","","","","","","","","","","","","","","","","","","","",""
"39.72513582-80.01183232---2008","https://mapsengine.google.com/06136759344167181854-00219351362547715467-4/wms/?version=1.3.0","39.7251358216","-80.0118323201","2008","Greene","sweeper_internal","","1","","1","other","100","","3","6","2","11","other","54","","2","","1","3","fracking","66","","","","","","","","","","1","","1","other","100","","","","","","","",""
"39.80765414-79.9651091---2010","https://mapsengine.google.com/06136759344167181854-06191489742681286724-4/wms/?version=1.3.0","39.8076541376","-79.9651091001","2010","Greene","public","","10","","10","other","100","","","10","","10","other","100","","","","","","","","","","","","","","","","","","","","","","","","","","","","",""
"41.09125859-77.96995463---2010","https://mapsengine.google.com/06136759344167181854-06191489742681286724-4/wms/?version=1.3.0","41.0912585895","-77.9699546326","2010","Centre","sweeper_internal","1","","","1","fracking","100","","8","2","2","12","fracking","66","","","","","","","","","","","","","","","","1","","","1","fracking","100","","","","","","","",""
"41.9205896-75.81280993---2010","https://mapsengine.google.com/06136759344167181854-06191489742681286724-4/wms/?version=1.3.0","41.9205896","-75.81280993","2010","Susquehanna","first_internal","","3","","3","other","100","","","10","","10","other","100","","","3","","3","other","100","","","","","","","","","","","","","","","","","","","","","",""
"39.88737648-79.97563487---2010","https://mapsengine.google.com/06136759344167181854-06191489742681286724-4/wms/?version=1.3.0","39.8873764822","-79.9756348651","2010","Greene","sweeper_internal","","1","","1","other","100","","3","6","1","10","other","60","","","","","","","","","","","","","","","","","1","","1","other","100","","","","","","","",""
"41.8869405-76.95865243---2010","https://mapsengine.google.com/06136759344167181854-06191489742681286724-4/wms/?version=1.3.0","41.8869405018","-76.958652433","2010","Tioga","public","","11","","11","other","100","","","11","","11","other","100","","","","","","","","","","","","","","","","","","","","","","","","","","","","",""
"40.74857555-80.03399831---2008","https://mapsengine.google.com/06136759344167181854-00219351362547715467-4/wms/?version=1.3.0","40.7485755459","-80.0339983128","2008","Butler","sweeper_internal","","1","","1","other","100","","1","","1","2","fracking|unknown","","50|50","1","1","1","3","fracking|unknown|other","","33|33|33","","","","","","","","","1","","1","other","100","","","","","","","",""
"39.97272365-79.99495855---2008","https://mapsengine.google.com/06136759344167181854-00219351362547715467-4/wms/?version=1.3.0","39.9727236538","-79.9949585481","2008","Fayette","sweeper_internal","","1","","1","other","100","","2","7","1","10","other","70","","","3","","3","other","100","","","","","","","","","","1","","1","other","100","","","","","","","",""
"41.84250898-76.38384739---2010","https://mapsengine.google.com/06136759344167181854-06191489742681286724-4/wms/?version=1.3.0","41.84250898","-76.38384739","2010","Bradford","first_internal","","3","","3","other","100","","","9","1","10","other","90","","","3","","3","other","100","","","","","","","","","","","","","","","","","","","","","",""
"40.22913068-79.75554342---2008","https://mapsengine.google.com/06136759344167181854-00219351362547715467-4/wms/?version=1.3.0","40.2291306775","-79.7555434213","2008","Westmoreland","first_internal","3","","","3","fracking","100","","1","","","1","fracking","100","","3","","","3","fracking","100","","","","","","","","","","","","","","","","","","","","","",""
"41.67562665-76.3778199---2005","https://mapsengine.google.com/06136759344167181854-15960346301379896183-4/wms/?version=1.3.0","41.6756266495","-76.3778199013","2005","Bradford","final_internal","","3","","3","other","100","","","1","","1","other","100","","","3","","3","other","100","","","3","","3","other","100","","","","","","","","","","","","","","",""
"40.5659693-79.2219167---2010","https://mapsengine.google.com/06136759344167181854-06191489742681286724-4/wms/?version=1.3.0","40.5659692955","-79.221916702","2010","Indiana","public","","8","2","10","other","80","","","8","2","10","other","80","","","","","","","","","","","","","","","","","","","","","","","","","","","","",""
"41.79524821-77.01995277---2008","https://mapsengine.google.com/06136759344167181854-00219351362547715467-4/wms/?version=1.3.0","41.7952482065","-77.019952766","2008","Tioga","final_internal","","3","","3","other","100","","","","1","1","unknown","100","","","","","","","","","","3","","3","other","100","","","","","","","","","","","","","","",""
"41.80427839-77.2997306---2008","https://mapsengine.google.com/06136759344167181854-00219351362547715467-4/wms/?version=1.3.0","41.8042783878","-77.2997306038","2008","Tioga","final_internal","","3","","3","other","100","","1","","","1","fracking","100","","","","","","","","","","3","","3","other","100","","","","","","","","","","","","","","",""
"41.73446283-77.23182756---2010","https://mapsengine.google.com/06136759344167181854-06191489742681286724-4/wms/?version=1.3.0","41.7344628314","-77.2318275582","2010","Tioga","sweeper_internal","","1","","1","other","100","","","8","3","11","other","72","","","","","","","","","","","","","","","","","1","","1","other","100","","","","","","","",""
"41.68665046-75.79896402---2010","https://mapsengine.google.com/06136759344167181854-06191489742681286724-4/wms/?version=1.3.0","41.68665046","-75.79896402","2010","Susquehanna","first_internal","","3","","3","other","100","","","11","","11","other","100","","","3","","3","other","100","","","","","","","","","","","","","","","","","","","","","",""
"41.65296448-76.04836262---2010","https://mapsengine.google.com/06136759344167181854-06191489742681286724-4/wms/?version=1.3.0","41.65296448","-76.04836262","2010","Susquehanna","first_internal","","3","","3","other","100","","","10","","10","other","100","","","3","","3","other","100","","","","","","","","","","","","","","","","","","","","","",""
"40.17501867-80.41119546---2005","https://mapsengine.google.com/06136759344167181854-15960346301379896183-4/wms/?version=1.3.0","40.175018673","-80.4111954565","2005","Washington","final_internal","","3","","3","other","100","","","1","","1","other","100","","","","","","","","","","3","","3","other","100","","","","","","","","","","","","","","",""
"41.86258607-76.01947932---2010","https://mapsengine.google.com/06136759344167181854-06191489742681286724-4/wms/?version=1.3.0","41.86258607","-76.01947932","2010","Susquehanna","first_internal","","3","","3","other","100","","","10","2","12","other","83","","","3","","3","other","100","","","","","","","","","","","","","","","","","","","","","",""
"40.51459685-79.18783607---2010","https://mapsengine.google.com/06136759344167181854-06191489742681286724-4/wms/?version=1.3.0","40.5145968494","-79.1878360653","2010","Indiana","sweeper_internal","","1","","1","other","100","","4","6","1","11","other","54","","","","","","","","","","","","","","","","","1","","1","other","100","","","","","","","",""
"39.73192902-80.00075632---2008","https://mapsengine.google.com/06136759344167181854-00219351362547715467-4/wms/?version=1.3.0","39.7319290219","-80.000756319","2008","Greene","first_internal","","3","","3","other","100","","","9","1","10","other","90","","","3","","3","other","100","","","","","","","","","","","","","","","","","","","","","",""
"41.1977618-77.68816526---2008","https://mapsengine.google.com/06136759344167181854-00219351362547715467-4/wms/?version=1.3.0","41.1977618023","-77.6881652569","2008","Clinton","final_internal","3","","","3","fracking","100","","1","","","1","fracking","100","","","","","","","","","3","","","3","fracking","100","","","","","","","","","","","","","","",""
"41.68382153-75.86858985---2005","https://mapsengine.google.com/06136759344167181854-15960346301379896183-4/wms/?version=1.3.0","41.6838215332","-75.8685898464","2005","Susquehanna","final_internal","","3","","3","other","100","","","1","","1","other","100","","","3","","3","other","100","","","3","","3","other","100","","","","","","","","","","","","","","",""
"41.42954064-77.2135661---2005","https://mapsengine.google.com/06136759344167181854-15960346301379896183-4/wms/?version=1.3.0","41.4295406432","-77.2135661037","2005","Lycoming","missing_internal","","1","","1","other","100","","","","","","fracking|unknown|other","","","","","","","","","","","","","","","","","","","","","","","","","1","","1","other","100",""
"40.99991926-79.79313723---2010","https://mapsengine.google.com/06136759344167181854-06191489742681286724-4/wms/?version=1.3.0","40.9999192628","-79.7931372278","2010","Butler","sweeper_internal","","1","","1","other","100","","1","12","4","17","other","70","","","","","","","","","","","","","","","","","1","","1","other","100","","","","","","","",""
"39.73233233-79.98116796---2008","https://mapsengine.google.com/06136759344167181854-00219351362547715467-4/wms/?version=1.3.0","39.7323323271","-79.9811679619","2008","Greene","sweeper_internal","","1","","1","other","100","","7","2","1","10","fracking","70","","3","","","3","fracking","100","","","","","","","","","","1","","1","other","100","","","","","","","",""
"41.64822819-76.02659919---2010","https://mapsengine.google.com/06136759344167181854-06191489742681286724-4/wms/?version=1.3.0","41.64822819","-76.02659919","2010","Susquehanna","first_internal","","3","","3","other","100","","","10","","10","other","100","","","3","","3","other","100","","","","","","","","","","","","","","","","","","","","","",""
"41.71505783-76.41603043---2008","https://mapsengine.google.com/06136759344167181854-00219351362547715467-4/wms/?version=1.3.0","41.7150578335","-76.4160304299","2008","Bradford","final_internal","","3","","3","other","100","","","1","","1","other","100","","","3","","3","other","100","","","3","","3","other","100","","","","","","","","","","","","","","",""
"40.2227836-80.37442128---2010","https://mapsengine.google.com/06136759344167181854-06191489742681286724-4/wms/?version=1.3.0","40.2227836004","-80.3744212774","2010","Washington","public","2","8","","10","other","80","","2","8","","10","other","80","","","","","","","","","","","","","","","","","","","","","","","","","","","","",""
"40.1561031-80.41720107---2005","https://mapsengine.google.com/06136759344167181854-15960346301379896183-4/wms/?version=1.3.0","40.1561031019","-80.4172010723","2005","Washington","final_internal","","3","","3","other","100","","","1","","1","other","100","","","","","","","","","","3","","3","other","100","","","","","","","","","","","","","","",""
"39.99298657-80.28046539---2008","https://mapsengine.google.com/06136759344167181854-00219351362547715467-4/wms/?version=1.3.0","39.9929865702","-80.2804653897","2008","Greene","first_internal","","3","","3","other","100","","","9","1","10","other","90","","","3","","3","other","100","","","","","","","","","","","","","","","","","","","","","",""
"39.73237915-79.98119046---2010","https://mapsengine.google.com/06136759344167181854-06191489742681286724-4/wms/?version=1.3.0","39.7323791523","-79.981190458","2010","Greene","public","8","","2","10","fracking","80","","8","","2","10","fracking","80","","","","","","","","","","","","","","","","","","","","","","","","","","","","",""
"41.75216244-75.99747574---2008","https://mapsengine.google.com/06136759344167181854-00219351362547715467-4/wms/?version=1.3.0","41.7521624423","-75.9974757398","2008","Susquehanna","final_internal","","3","","3","other","100","","","1","","1","other","100","","","3","","3","other","100","","","3","","3","other","100","","","","","","","","","","","","","","",""
"41.59953708-77.0232602---2010","https://mapsengine.google.com/06136759344167181854-06191489742681286724-4/wms/?version=1.3.0","41.5995370828","-77.0232601968","2010","Tioga","public","","11","","11","other","100","","","11","","11","other","100","","","","","","","","","","","","","","","","","","","","","","","","","","","","",""
"41.11830881-78.05673608---2005","https://mapsengine.google.com/06136759344167181854-15960346301379896183-4/wms/?version=1.3.0","41.1183088128","-78.0567360829","2005","Centre","missing_internal","","1","","1","other","100","","","","","","fracking|unknown|other","","","","","","","","","","","","","","","","","","","","","","","","","1","","1","other","100",""
"41.69767859-76.43891246---2010","https://mapsengine.google.com/06136759344167181854-06191489742681286724-4/wms/?version=1.3.0","41.69767859","-76.43891246","2010","Bradford","first_internal","","3","","3","other","100","","","12","2","14","other","85","","","3","","3","other","100","","","","","","","","","","","","","","","","","","","","","",""
"41.77619175-76.23216187---2010","https://mapsengine.google.com/06136759344167181854-06191489742681286724-4/wms/?version=1.3.0","41.77619175","-76.23216187","2010","Bradford","first_internal","","3","","3","other","100","","","9","1","10","other","90","","","3","","3","other","100","","","","","","","","","","","","","","","","","","","","","",""
"40.86244627-79.50347456---2008","https://mapsengine.google.com/06136759344167181854-00219351362547715467-4/wms/?version=1.3.0","40.8624462655","-79.5034745648","2008","Armstrong","first_internal","","3","","3","other","100","","1","5","","6","other","83","","","3","","3","other","100","","","","","","","","","","","","","","","","","","","","","",""
"40.33085057-79.48176741---2010","https://mapsengine.google.com/06136759344167181854-06191489742681286724-4/wms/?version=1.3.0","40.3308505703","-79.4817674116","2010","Westmoreland","public","","10","","10","other","100","","","10","","10","other","100","","","","","","","","","","","","","","","","","","","","","","","","","","","","",""
"41.00325035-79.79006375---2005","https://mapsengine.google.com/06136759344167181854-15960346301379896183-4/wms/?version=1.3.0","41.0032503537","-79.790063753","2005","Butler","final_internal","","3","","3","other","100","","","1","","1","other","100","","","","","","","","","","3","","3","other","100","","","","","","","","","","","","","","",""
"41.7038358-75.86134729---2005","https://mapsengine.google.com/06136759344167181854-15960346301379896183-4/wms/?version=1.3.0","41.7038357966","-75.8613472898","2005","Susquehanna","final_internal","","3","","3","other","100","","","1","","1","other","100","","","3","","3","other","100","","","3","","3","other","100","","","","","","","","","","","","","","",""
"39.87782297-79.98348371---2010","https://mapsengine.google.com/06136759344167181854-06191489742681286724-4/wms/?version=1.3.0","39.8778229682","-79.9834837102","2010","Greene","public","1","9","","10","other","90","","1","9","","10","other","90","","","","","","","","","","","","","","","","","","","","","","","","","","","","",""
"41.26801357-76.66082207---2010","https://mapsengine.google.com/06136759344167181854-06191489742681286724-4/wms/?version=1.3.0","41.2680135715","-76.6608220693","2010","Lycoming","public","","11","","11","other","100","","","11","","11","other","100","","","","","","","","","","","","","","","","","","","","","","","","","","","","",""
"40.45603329-79.5489223---2010","https://mapsengine.google.com/06136759344167181854-06191489742681286724-4/wms/?version=1.3.0","40.4560332857","-79.5489223017","2010","Westmoreland","public","","9","1","10","other","90","","","9","1","10","other","90","","","","","","","","","","","","","","","","","","","","","","","","","","","","",""
"41.82118752-76.87758606---2008","https://mapsengine.google.com/06136759344167181854-00219351362547715467-4/wms/?version=1.3.0","41.821187523","-76.8775860563","2008","Bradford","final_internal","1","2","","3","other","66","","","1","","1","other","100","","","3","","3","other","100","","1","2","","3","other","66","","","","","","","","","","","","","","",""
"41.79151994-76.22480577---2008","https://mapsengine.google.com/06136759344167181854-00219351362547715467-4/wms/?version=1.3.0","41.7915199364","-76.2248057683","2008","Bradford","final_internal","","3","","3","other","100","","","1","","1","other","100","","","3","","3","other","100","","","3","","3","other","100","","","","","","","","","","","","","","",""
"41.62109429-76.46208516---2008","https://mapsengine.google.com/06136759344167181854-00219351362547715467-4/wms/?version=1.3.0","41.6210942883","-76.4620851615","2008","Bradford","final_internal","","3","","3","other","100","","","1","","1","other","100","","","3","","3","other","100","","","3","","3","other","100","","","","","","","","","","","","","","",""
"40.65745088-79.78171099---2010","https://mapsengine.google.com/06136759344167181854-06191489742681286724-4/wms/?version=1.3.0","40.65745088","-79.78171099","2010","Allegheny","first_internal","3","","","3","fracking","100","","9","","1","10","fracking","90","","3","","","3","fracking","100","","","","","","","","","","","","","","","","","","","","","",""
"39.82918318-80.49442883---2008","https://mapsengine.google.com/06136759344167181854-00219351362547715467-4/wms/?version=1.3.0","39.8291831771","-80.4944288331","2008","Greene","first_internal","","3","","3","other","100","","","9","1","10","other","90","","","3","","3","other","100","","","","","","","","","","","","","","","","","","","","","",""
"39.85098244-79.85907766---2010","https://mapsengine.google.com/06136759344167181854-06191489742681286724-4/wms/?version=1.3.0","39.8509824351","-79.8590776643","2010","Fayette","public","10","","","10","fracking","100","","10","","","10","fracking","100","","","","","","","","","","","","","","","","","","","","","","","","","","","","",""
"41.76660522-76.69897399---2010","https://mapsengine.google.com/06136759344167181854-06191489742681286724-4/wms/?version=1.3.0","41.7666052242","-76.6989739874","2010","Bradford","sweeper_internal","","1","","1","other","100","","4","3","3","10","fracking","40","","","3","","3","other","100","","","","","","","","","","1","","1","other","100","","","","","","","",""
"41.74945126-76.1373971---2008","https://mapsengine.google.com/06136759344167181854-00219351362547715467-4/wms/?version=1.3.0","41.749451262","-76.1373970965","2008","Bradford","final_internal","","3","","3","other","100","","","1","","1","other","100","","","3","","3","other","100","","","3","","3","other","100","","","","","","","","","","","","","","",""
"41.87384115-76.85182198---2005","https://mapsengine.google.com/06136759344167181854-15960346301379896183-4/wms/?version=1.3.0","41.8738411514","-76.8518219757","2005","Bradford","final_internal","","3","","3","other","100","","","1","","1","other","100","","","3","","3","other","100","","","3","","3","other","100","","","","","","","","","","","","","","",""
"41.45935436-76.91398433---2005","https://mapsengine.google.com/06136759344167181854-15960346301379896183-4/wms/?version=1.3.0","41.4593543557","-76.9139843262","2005","Lycoming","missing_internal","","1","","1","other","100","","","","","","fracking|unknown|other","","","","","","","","","","","","","","","","","","","","","","","","","1","","1","other","100",""
"40.5439533-79.04377289---2010","https://mapsengine.google.com/06136759344167181854-06191489742681286724-4/wms/?version=1.3.0","40.5439532989","-79.0437728888","2010","Indiana","public","","9","2","11","other","81","","","9","2","11","other","81","","","","","","","","","","","","","","","","","","","","","","","","","","","","",""
"41.72309121-76.81518584---2005","https://mapsengine.google.com/06136759344167181854-15960346301379896183-4/wms/?version=1.3.0","41.7230912118","-76.8151858447","2005","Bradford","final_internal","","3","","3","other","100","","","1","","1","other","100","","","3","","3","other","100","","","3","","3","other","100","","","","","","","","","","","","","","",""
"39.73770386-79.4456429---2010","https://mapsengine.google.com/06136759344167181854-06191489742681286724-4/wms/?version=1.3.0","39.7377038554","-79.4456428971","2010","Fayette","public","","10","","10","other","100","","","10","","10","other","100","","","","","","","","","","","","","","","","","","","","","","","","","","","","",""
"40.27414975-80.31253132---2005","https://mapsengine.google.com/06136759344167181854-15960346301379896183-4/wms/?version=1.3.0","40.2741497469","-80.3125313213","2005","Washington","final_internal","","3","","3","other","100","","","1","","1","other","100","","","","","","","","","","3","","3","other","100","","","","","","","","","","","","","","",""
"41.99268378-77.05221392---2008","https://mapsengine.google.com/06136759344167181854-00219351362547715467-4/wms/?version=1.3.0","41.9926837756","-77.0522139151","2008","Tioga","final_internal","","3","","3","other","100","","","1","","1","other","100","","","","","","","","","","3","","3","other","100","","","","","","","","","","","","","","",""
"40.27415043-80.31266406---2010","https://mapsengine.google.com/06136759344167181854-06191489742681286724-4/wms/?version=1.3.0","40.2741504336","-80.3126640595","2010","Washington","sweeper_internal","","1","","1","other","100","","1","6","3","10","other","60","","","","","","","","","","","","","","","","","1","","1","other","100","","","","","","","",""
"41.83676505-76.83946634---2008","https://mapsengine.google.com/06136759344167181854-00219351362547715467-4/wms/?version=1.3.0","41.8367650498","-76.8394663431","2008","Bradford","final_internal","","3","","3","other","100","","","1","","1","other","100","","","3","","3","other","100","","","3","","3","other","100","","","","","","","","","","","","","","",""
"40.84984623-79.57794424---2008","https://mapsengine.google.com/06136759344167181854-00219351362547715467-4/wms/?version=1.3.0","40.8498462328","-79.5779442439","2008","Armstrong","first_internal","","3","","3","other","100","","","7","","7","other","100","","","3","","3","other","100","","","","","","","","","","","","","","","","","","","","","",""
"39.77763683-80.00826004---2008","https://mapsengine.google.com/06136759344167181854-00219351362547715467-4/wms/?version=1.3.0","39.7776368287","-80.0082600367","2008","Greene","first_internal","","3","","3","other","100","","","8","2","10","other","80","","","3","","3","other","100","","","","","","","","","","","","","","","","","","","","","",""
"41.71458941-76.04981658---2010","https://mapsengine.google.com/06136759344167181854-06191489742681286724-4/wms/?version=1.3.0","41.71458941","-76.04981658","2010","Susquehanna","first_internal","","3","","3","other","100","","","12","","12","other","100","","","3","","3","other","100","","","","","","","","","","","","","","","","","","","","","",""
"41.95181587-76.65271247---2008","https://mapsengine.google.com/06136759344167181854-00219351362547715467-4/wms/?version=1.3.0","41.9518158727","-76.6527124661","2008","Bradford","final_internal","","3","","3","other","100","","","1","","1","other","100","","","3","","3","other","100","","","3","","3","other","100","","","","","","","","","","","","","","",""
"39.94679277-79.86895182---2005","https://mapsengine.google.com/06136759344167181854-15960346301379896183-4/wms/?version=1.3.0","39.9467927671","-79.8689518199","2005","Fayette","final_internal","","3","","3","other","100","","","1","","1","other","100","","","","","","","","","","3","","3","other","100","","","","","","","","","","","","","","",""
"40.75686516-79.0484441---2010","https://mapsengine.google.com/06136759344167181854-06191489742681286724-4/wms/?version=1.3.0","40.7568651571","-79.0484441022","2010","Indiana","sweeper_internal","","1","","1","other","100","","","9","3","12","other","75","","","","","","","","","","","","","","","","","1","","1","other","100","","","","","","","",""
"39.94159744-80.03011969---2010","https://mapsengine.google.com/06136759344167181854-06191489742681286724-4/wms/?version=1.3.0","39.9415974356","-80.0301196879","2010","Greene","sweeper_internal","","1","","1","other","100","","4","5","1","10","other","50","","","","","","","","","","","","","","","","","1","","1","other","100","","","","","","","",""
"41.54303607-76.42212493---2010","https://mapsengine.google.com/06136759344167181854-06191489742681286724-4/wms/?version=1.3.0","41.54303607","-76.42212493","2010","Sullivan","first_internal","","3","","3","other","100","","","10","","10","other","100","","","3","","3","other","100","","","","","","","","","","","","","","","","","","","","","",""
"41.5816074-78.81795082---2010","https://mapsengine.google.com/06136759344167181854-06191489742681286724-4/wms/?version=1.3.0","41.581607402","-78.8179508185","2010","Elk","public","","11","","11","other","100","","","11","","11","other","100","","","","","","","","","","","","","","","","","","","","","","","","","","","","",""
"41.75322927-76.97935355---2008","https://mapsengine.google.com/06136759344167181854-00219351362547715467-4/wms/?version=1.3.0","41.7532292703","-76.9793535505","2008","Tioga","final_internal","","3","","3","other","100","","","1","","1","other","100","","","","","","","","","","3","","3","other","100","","","","","","","","","","","","","","",""
"39.81315079-79.97421438---2010","https://mapsengine.google.com/06136759344167181854-06191489742681286724-4/wms/?version=1.3.0","39.813150793","-79.974214383","2010","Greene","public","","10","","10","other","100","","","10","","10","other","100","","","","","","","","","","","","","","","","","","","","","","","","","","","","",""
"40.83353444-78.63248484---2010","https://mapsengine.google.com/06136759344167181854-06191489742681286724-4/wms/?version=1.3.0","40.8335344356","-78.6324848356","2010","Clearfield","public","","12","","12","other","100","","","12","","12","other","100","","","","","","","","","","","","","","","","","","","","","","","","","","","","",""
"41.7633651-77.11684116---2010","https://mapsengine.google.com/06136759344167181854-06191489742681286724-4/wms/?version=1.3.0","41.7633650998","-77.11684116","2010","Tioga","public","10","","1","11","fracking","90","","10","","1","11","fracking","90","","","","","","","","","","","","","","","","","","","","","","","","","","","","",""
"41.72742433-76.69338854---2008","https://mapsengine.google.com/06136759344167181854-00219351362547715467-4/wms/?version=1.3.0","41.7274243261","-76.6933885364","2008","Bradford","final_internal","","3","","3","other","100","","","1","","1","other","100","","","3","","3","other","100","","","3","","3","other","100","","","","","","","","","","","","","","",""
"41.57235289-76.02536973---2008","https://mapsengine.google.com/06136759344167181854-00219351362547715467-4/wms/?version=1.3.0","41.5723528922","-76.0253697292","2008","Wyoming","final_internal","","4","","4","other","100","","","1","","1","other","100","","","3","","3","other","100","","","4","","4","other","100","","","","","","","","","","","","","","",""
"41.5481339-76.64753744---2010","https://mapsengine.google.com/06136759344167181854-06191489742681286724-4/wms/?version=1.3.0","41.5481339","-76.64753744","2010","Sullivan","first_internal","","3","","3","other","100","","","10","1","11","other","90","","","3","","3","other","100","","","","","","","","","","","","","","","","","","","","","",""
"39.98569351-80.28011807---2010","https://mapsengine.google.com/06136759344167181854-06191489742681286724-4/wms/?version=1.3.0","39.9856935052","-80.2801180721","2010","Greene","public","10","","","10","fracking","100","","10","","","10","fracking","100","","","","","","","","","","","","","","","","","","","","","","","","","","","","",""
"41.83125263-76.07041508---2008","https://mapsengine.google.com/06136759344167181854-00219351362547715467-4/wms/?version=1.3.0","41.8312526278","-76.0704150814","2008","Susquehanna","final_internal","","4","","4","other","100","","","1","","1","other","100","","","3","","3","other","100","","","4","","4","other","100","","","","","","","","","","","","","","",""
"39.91951812-80.00182318---2008","https://mapsengine.google.com/06136759344167181854-00219351362547715467-4/wms/?version=1.3.0","39.9195181213","-80.0018231821","2008","Greene","first_internal","","3","","3","other","100","","","9","1","10","other","90","","","3","","3","other","100","","","","","","","","","","","","","","","","","","","","","",""
"40.83521367-79.68173561---2005","https://mapsengine.google.com/06136759344167181854-15960346301379896183-4/wms/?version=1.3.0","40.8352136726","-79.6817356105","2005","Armstrong","final_internal","","3","","3","other","100","","","1","","1","other","100","","","","","","","","","","3","","3","other","100","","","","","","","","","","","","","","",""
"41.71054527-76.84056044---2005","https://mapsengine.google.com/06136759344167181854-15960346301379896183-4/wms/?version=1.3.0","41.7105452687","-76.8405604352","2005","Bradford","final_internal","","3","","3","other","100","","","1","","1","other","100","","","3","","3","other","100","","","3","","3","other","100","","","","","","","","","","","","","","",""
"41.31645907-77.14393903---2005","https://mapsengine.google.com/06136759344167181854-15960346301379896183-4/wms/?version=1.3.0","41.3164590674","-77.1439390257","2005","Lycoming","missing_internal","","1","","1","other","100","","","","","","fracking|unknown|other","","","","","","","","","","","","","","","","","","","","","","","","","1","","1","other","100",""
"40.2940058-80.38517181---2005","https://mapsengine.google.com/06136759344167181854-15960346301379896183-4/wms/?version=1.3.0","40.2940057961","-80.3851718115","2005","Washington","final_internal","","3","","3","other","100","","","1","","1","other","100","","","","","","","","","","3","","3","other","100","","","","","","","","","","","","","","",""
"41.85101903-77.29465392---2008","https://mapsengine.google.com/06136759344167181854-00219351362547715467-4/wms/?version=1.3.0","41.8510190257","-77.2946539221","2008","Tioga","final_internal","","3","","3","other","100","","","1","","1","other","100","","","","","","","","","","3","","3","other","100","","","","","","","","","","","","","","",""
"39.8378527-79.88055132---2010","https://mapsengine.google.com/06136759344167181854-06191489742681286724-4/wms/?version=1.3.0","39.8378527017","-79.8805513211","2010","Fayette","sweeper_internal","","1","","1","other","100","","3","4","3","10","other","40","","","","","","","","","","","","","","","","","1","","1","other","100","","","","","","","",""
"40.11093542-79.79120088---2010","https://mapsengine.google.com/06136759344167181854-06191489742681286724-4/wms/?version=1.3.0","40.1109354151","-79.7912008758","2010","Fayette","sweeper_internal","","1","","1","other","100","","3","6","1","10","other","60","","","","","","","","","","","","","","","","","1","","1","other","100","","","","","","","",""
"41.96491663-76.99422793---2008","https://mapsengine.google.com/06136759344167181854-00219351362547715467-4/wms/?version=1.3.0","41.9649166257","-76.9942279327","2008","Tioga","final_internal","","3","","3","other","100","","","1","","1","other","100","","","","","","","","","","3","","3","other","100","","","","","","","","","","","","","","",""
"39.73262085-80.01359197---2008","https://mapsengine.google.com/06136759344167181854-00219351362547715467-4/wms/?version=1.3.0","39.7326208498","-80.0135919737","2008","Greene","first_internal","3","","","3","fracking","100","","9","1","","10","fracking","90","","3","","","3","fracking","100","","","","","","","","","","","","","","","","","","","","","",""
"41.72829999-76.81689656---2010","https://mapsengine.google.com/06136759344167181854-06191489742681286724-4/wms/?version=1.3.0","41.728299988","-76.8168965645","2010","Bradford","sweeper_internal","1","","","1","fracking","100","","7","2","1","10","fracking","70","","3","","","3","fracking","100","","","","","","","","","1","","","1","fracking","100","","","","","","","",""
"41.69649785-75.88006399---2010","https://mapsengine.google.com/06136759344167181854-06191489742681286724-4/wms/?version=1.3.0","41.69649785","-75.88006399","2010","Susquehanna","first_internal","","3","","3","other","100","","","11","","11","other","100","","","3","","3","other","100","","","","","","","","","","","","","","","","","","","","","",""
"41.85894779-76.01727923---2010","https://mapsengine.google.com/06136759344167181854-06191489742681286724-4/wms/?version=1.3.0","41.85894779","-76.01727923","2010","Susquehanna","first_internal","","3","","3","other","100","","","10","","10","other","100","","","3","","3","other","100","","","","","","","","","","","","","","","","","","","","","",""
"40.8229513-79.32784097---2010","https://mapsengine.google.com/06136759344167181854-06191489742681286724-4/wms/?version=1.3.0","40.8229513045","-79.3278409713","2010","Armstrong","sweeper_internal","1","","","1","fracking","100","","10","1","2","13","fracking","76","","","","","","","","","","","","","","","","1","","","1","fracking","100","","","","","","","",""
"41.79062842-78.1722893---2005","https://mapsengine.google.com/06136759344167181854-15960346301379896183-4/wms/?version=1.3.0","41.7906284217","-78.1722892995","2005","Potter","final_internal","","3","","3","other","100","","","1","","1","other","100","","","","","","","","","","3","","3","other","100","","","","","","","","","","","","","","",""
"41.66085838-75.95576707---2008","https://mapsengine.google.com/06136759344167181854-00219351362547715467-4/wms/?version=1.3.0","41.6608583778","-75.955767069","2008","Susquehanna","final_internal","","3","","3","other","100","","","1","","1","other","100","","","2","1","3","other","66","","","3","","3","other","100","","","","","","","","","","","","","","",""
"41.69970353-75.84043622---2010","https://mapsengine.google.com/06136759344167181854-06191489742681286724-4/wms/?version=1.3.0","41.69970353","-75.84043622","2010","Susquehanna","first_internal","","3","","3","other","100","","","10","","10","other","100","","","3","","3","other","100","","","","","","","","","","","","","","","","","","","","","",""
"40.84983695-79.57794221---2005","https://mapsengine.google.com/06136759344167181854-15960346301379896183-4/wms/?version=1.3.0","40.8498369484","-79.5779422123","2005","Armstrong","final_internal","","3","","3","other","100","","","1","","1","other","100","","","","","","","","","","3","","3","other","100","","","","","","","","","","","","","","",""
"40.80600858-80.04468296---2010","https://mapsengine.google.com/06136759344167181854-06191489742681286724-4/wms/?version=1.3.0","40.8060085785","-80.0446829619","2010","Butler","public","1","14","1","16","other","87","","1","14","1","16","other","87","","","","","","","","","","","","","","","","","","","","","","","","","","","","",""
"40.45586239-80.3386509---2010","https://mapsengine.google.com/06136759344167181854-06191489742681286724-4/wms/?version=1.3.0","40.4558623919","-80.3386509039","2010","Washington","public","","10","","10","other","100","","","10","","10","other","100","","","","","","","","","","","","","","","","","","","","","","","","","","","","",""
"41.11837385-79.73546479---2010","https://mapsengine.google.com/06136759344167181854-06191489742681286724-4/wms/?version=1.3.0","41.1183738458","-79.7354647855","2010","Butler","sweeper_internal","","1","","1","other","100","","2","10","1","13","other","76","","","","","","","","","","","","","","","","","1","","1","other","100","","","","","","","",""
"40.68171167-79.60088986---2010","https://mapsengine.google.com/06136759344167181854-06191489742681286724-4/wms/?version=1.3.0","40.6817116708","-79.6008898613","2010","Armstrong","public","","10","","10","other","100","","","10","","10","other","100","","","","","","","","","","","","","","","","","","","","","","","","","","","","",""
"39.93327501-79.96952998---2010","https://mapsengine.google.com/06136759344167181854-06191489742681286724-4/wms/?version=1.3.0","39.9332750104","-79.9695299753","2010","Greene","sweeper_internal","","1","","1","other","100","","4","4","2","10","fracking|other","","40|40","","","","","","","","","","","","","","","","1","","1","other","100","","","","","","","",""
"40.27780338-80.47205853---2010","https://mapsengine.google.com/06136759344167181854-06191489742681286724-4/wms/?version=1.3.0","40.2778033816","-80.4720585338","2010","Washington","sweeper_internal","","1","","1","other","100","","4","4","2","10","fracking|other","","40|40","","","","","","","","","","","","","","","","1","","1","other","100","","","","","","","",""
"41.60073616-76.53657334---2008","https://mapsengine.google.com/06136759344167181854-00219351362547715467-4/wms/?version=1.3.0","41.6007361574","-76.5365733392","2008","Bradford","final_internal","","3","","3","other","100","","","1","","1","other","100","","","3","","3","other","100","","","3","","3","other","100","","","","","","","","","","","","","","",""
"40.35155936-78.56549065---2008","https://mapsengine.google.com/06136759344167181854-00219351362547715467-4/wms/?version=1.3.0","40.3515593579","-78.5654906533","2008","Blair","first_internal","","5","","5","other","100","","","6","","6","other","100","","","5","","5","other","100","","","","","","","","","","","","","","","","","","","","","",""
"41.7395764-75.90041846---2010","https://mapsengine.google.com/06136759344167181854-06191489742681286724-4/wms/?version=1.3.0","41.7395763952","-75.9004184575","2010","Susquehanna","sweeper_internal","","1","","1","other","100","","3","6","1","10","other","60","","","3","","3","other","100","","","","","","","","","","1","","1","other","100","","","","","","","",""
"41.76823951-76.07165709---2005","https://mapsengine.google.com/06136759344167181854-15960346301379896183-4/wms/?version=1.3.0","41.7682395106","-76.0716570878","2005","Susquehanna","final_internal","","3","","3","other","100","","","1","","1","other","100","","","3","","3","other","100","","","3","","3","other","100","","","","","","","","","","","","","","",""
"41.68239597-75.87148252---2010","https://mapsengine.google.com/06136759344167181854-06191489742681286724-4/wms/?version=1.3.0","41.68239597","-75.87148252","2010","Susquehanna","first_internal","","3","","3","other","100","","","12","","12","other","100","","","3","","3","other","100","","","","","","","","","","","","","","","","","","","","","",""
"41.71961003-76.07134064---2008","https://mapsengine.google.com/06136759344167181854-00219351362547715467-4/wms/?version=1.3.0","41.7196100334","-76.0713406383","2008","Susquehanna","final_internal","","3","","3","other","100","","","1","","1","other","100","","","3","","3","other","100","","","3","","3","other","100","","","","","","","","","","","","","","",""
"41.73000942-75.88203178---2008","https://mapsengine.google.com/06136759344167181854-00219351362547715467-4/wms/?version=1.3.0","41.730009416","-75.8820317819","2008","Susquehanna","final_internal","","4","","4","other","100","","","1","","1","other","100","","","3","","3","other","100","","","4","","4","other","100","","","","","","","","","","","","","","",""
"41.5671555-77.07826876---2010","https://mapsengine.google.com/06136759344167181854-06191489742681286724-4/wms/?version=1.3.0","41.5671554972","-77.0782687595","2010","Tioga","sweeper_internal","","1","","1","other","100","","5","3","2","10","fracking","50","","","","","","","","","","","","","","","","","1","","1","other","100","","","","","","","",""
"40.20702406-79.71006263---2010","https://mapsengine.google.com/06136759344167181854-06191489742681286724-4/wms/?version=1.3.0","40.2070240597","-79.71006263","2010","Westmoreland","public","","10","","10","other","100","","","10","","10","other","100","","","","","","","","","","","","","","","","","","","","","","","","","","","","",""
"41.85313981-76.9420787---2008","https://mapsengine.google.com/06136759344167181854-00219351362547715467-4/wms/?version=1.3.0","41.8531398104","-76.9420787015","2008","Tioga","final_internal","","4","","4","other","100","","","1","","1","other","100","","","","","","","","","","4","","4","other","100","","","","","","","","","","","","","","",""
"40.56367962-79.22186096---2005","https://mapsengine.google.com/06136759344167181854-15960346301379896183-4/wms/?version=1.3.0","40.5636796196","-79.2218609602","2005","Indiana","final_internal","","3","","3","other","100","","","1","","1","other","100","","","","","","","","","","3","","3","other","100","","","","","","","","","","","","","","",""
"41.64597628-76.34283111---2010","https://mapsengine.google.com/06136759344167181854-06191489742681286724-4/wms/?version=1.3.0","41.64597628","-76.34283111","2010","Bradford","first_internal","","3","","3","other","100","","","10","","10","other","100","","","3","","3","other","100","","","","","","","","","","","","","","","","","","","","","",""
"40.11530922-79.79577742---2010","https://mapsengine.google.com/06136759344167181854-06191489742681286724-4/wms/?version=1.3.0","40.1153092162","-79.7957774182","2010","Fayette","sweeper_internal","","1","","1","other","100","","3","4","3","10","other","40","","","","","","","","","","","","","","","","","1","","1","other","100","","","","","","","",""
"41.71590224-77.33360562---2005","https://mapsengine.google.com/06136759344167181854-15960346301379896183-4/wms/?version=1.3.0","41.7159022401","-77.3336056193","2005","Tioga","missing_internal","","1","","1","other","100","","","","","","fracking|unknown|other","","","","","","","","","","","","","","","","","","","","","","","","","1","","1","other","100",""
"41.87318641-75.88788339---2008","https://mapsengine.google.com/06136759344167181854-00219351362547715467-4/wms/?version=1.3.0","41.8731864118","-75.8878833852","2008","Susquehanna","final_internal","","3","","3","other","100","","","1","","1","other","100","","","3","","3","other","100","","","3","","3","other","100","","","","","","","","","","","","","","",""
"39.95130632-80.08880286---2005","https://mapsengine.google.com/06136759344167181854-15960346301379896183-4/wms/?version=1.3.0","39.9513063217","-80.0888028648","2005","Greene","final_internal","","3","","3","other","100","","","1","","1","other","100","","","","","","","","","","3","","3","other","100","","","","","","","","","","","","","","",""
"40.2255605-79.75154049---2010","https://mapsengine.google.com/06136759344167181854-06191489742681286724-4/wms/?version=1.3.0","40.2255605029","-79.7515404856","2010","Westmoreland","public","10","","","10","fracking","100","","10","","","10","fracking","100","","","","","","","","","","","","","","","","","","","","","","","","","","","","",""
"40.09847614-80.18398831---2005","https://mapsengine.google.com/06136759344167181854-15960346301379896183-4/wms/?version=1.3.0","40.0984761406","-80.1839883065","2005","Washington","final_internal","1","2","","3","other","66","","1","","","1","fracking","100","","","","","","","","","1","2","","3","other","66","","","","","","","","","","","","","","",""
"41.55774895-76.46377658---2010","https://mapsengine.google.com/06136759344167181854-06191489742681286724-4/wms/?version=1.3.0","41.55774895","-76.46377658","2010","Sullivan","first_internal","","3","","3","other","100","","","14","","14","other","100","","","3","","3","other","100","","","","","","","","","","","","","","","","","","","","","",""
"40.60470965-78.96047639---2010","https://mapsengine.google.com/06136759344167181854-06191489742681286724-4/wms/?version=1.3.0","40.6047096455","-78.9604763944","2010","Indiana","public","25","1","4","30","fracking","83","","25","1","4","30","fracking","83","","","","","","","","","","","","","","","","","","","","","","","","","","","","",""
"41.89030988-75.93806338---2010","https://mapsengine.google.com/06136759344167181854-06191489742681286724-4/wms/?version=1.3.0","41.8903098754","-75.9380633788","2010","Susquehanna","sweeper_internal","1","","","1","fracking","100","","4","3","3","10","fracking","40","","1","","2","3","unknown","66","","","","","","","","","1","","","1","fracking","100","","","","","","","",""
"40.22630481-79.7498261---2008","https://mapsengine.google.com/06136759344167181854-00219351362547715467-4/wms/?version=1.3.0","40.2263048147","-79.7498260963","2008","Westmoreland","first_internal","2","","1","3","fracking","66","","1","","","1","fracking","100","","2","","1","3","fracking","66","","","","","","","","","","","","","","","","","","","","","",""
"40.22694425-79.72371294---2008","https://mapsengine.google.com/06136759344167181854-00219351362547715467-4/wms/?version=1.3.0","40.2269442504","-79.7237129434","2008","Westmoreland","first_internal","","3","","3","other","100","","","1","","1","other","100","","","3","","3","other","100","","","","","","","","","","","","","","","","","","","","","",""
"41.85910255-76.67866506---2010","https://mapsengine.google.com/06136759344167181854-06191489742681286724-4/wms/?version=1.3.0","41.8591025529","-76.6786650559","2010","Bradford","sweeper_internal","","1","","1","other","100","","2","7","1","10","other","70","","","3","","3","other","100","","","","","","","","","","1","","1","other","100","","","","","","","",""
"41.72886096-75.90292733---2008","https://mapsengine.google.com/06136759344167181854-00219351362547715467-4/wms/?version=1.3.0","41.728860957","-75.9029273282","2008","Susquehanna","final_internal","","3","","3","other","100","","","1","","1","other","100","","","3","","3","other","100","","","3","","3","other","100","","","","","","","","","","","","","","",""
"41.95307668-77.42403334---2010","https://mapsengine.google.com/06136759344167181854-06191489742681286724-4/wms/?version=1.3.0","41.9530766793","-77.4240333358","2010","Tioga","public","","11","","11","other","100","","","11","","11","other","100","","","","","","","","","","","","","","","","","","","","","","","","","","","","",""
"40.24957217-80.26176811---2010","https://mapsengine.google.com/06136759344167181854-06191489742681286724-4/wms/?version=1.3.0","40.2495721722","-80.2617681126","2010","Washington","public","10","","","10","fracking","100","","10","","","10","fracking","100","","","","","","","","","","","","","","","","","","","","","","","","","","","","",""
"39.88584386-80.04487973---2010","https://mapsengine.google.com/06136759344167181854-06191489742681286724-4/wms/?version=1.3.0","39.8858438551","-80.0448797321","2010","Greene","sweeper_internal","1","","","1","fracking","100","","3","7","","10","other","70","","","","","","","","","","","","","","","","1","","","1","fracking","100","","","","","","","",""
"40.81504251-80.04726017---2010","https://mapsengine.google.com/06136759344167181854-06191489742681286724-4/wms/?version=1.3.0","40.815042514","-80.0472601744","2010","Butler","sweeper_internal","","1","","1","other","100","","21","1","8","30","fracking","70","","","","","","","","","","","","","","","","","1","","1","other","100","","","","","","","",""
"39.96210768-79.69391274---2008","https://mapsengine.google.com/06136759344167181854-00219351362547715467-4/wms/?version=1.3.0","39.9621076807","-79.693912738","2008","Fayette","sweeper_internal","","1","","1","other","100","","2","5","3","10","other","50","","","3","","3","other","100","","","","","","","","","","1","","1","other","100","","","","","","","",""
"41.80199588-77.14835332---2008","https://mapsengine.google.com/06136759344167181854-00219351362547715467-4/wms/?version=1.3.0","41.8019958772","-77.1483533155","2008","Tioga","final_internal","","3","","3","other","100","","","1","","1","other","100","","","","","","","","","","3","","3","other","100","","","","","","","","","","","","","","",""
"41.72146095-75.89436349---2008","https://mapsengine.google.com/06136759344167181854-00219351362547715467-4/wms/?version=1.3.0","41.7214609457","-75.8943634947","2008","Susquehanna","final_internal","","4","","4","other","100","","","1","","1","other","100","","","3","","3","other","100","","","4","","4","other","100","","","","","","","","","","","","","","",""
"41.06621498-77.9039953---2008","https://mapsengine.google.com/06136759344167181854-00219351362547715467-4/wms/?version=1.3.0","41.0662149809","-77.9039953011","2008","Centre","final_internal","3","","","3","fracking","100","","1","","","1","fracking","100","","","","","","","","","3","","","3","fracking","100","","","","","","","","","","","","","","",""
"41.52810238-76.68004418---2010","https://mapsengine.google.com/06136759344167181854-06191489742681286724-4/wms/?version=1.3.0","41.52810238","-76.68004418","2010","Sullivan","first_internal","","3","","3","other","100","","","13","","13","other","100","","","3","","3","other","100","","","","","","","","","","","","","","","","","","","","","",""
"40.91694143-79.96407472---2008","https://mapsengine.google.com/06136759344167181854-00219351362547715467-4/wms/?version=1.3.0","40.9169414274","-79.9640747164","2008","Butler","first_internal","","3","","3","other","100","","","2","","2","other","100","","","3","","3","other","100","","","","","","","","","","","","","","","","","","","","","",""
"41.45978737-79.30156702---2010","https://mapsengine.google.com/06136759344167181854-06191489742681286724-4/wms/?version=1.3.0","41.4597873699","-79.3015670177","2010","Forest","public","27","","3","30","fracking","90","","27","","3","30","fracking","90","","","","","","","","","","","","","","","","","","","","","","","","","","","","",""
"41.2724639-76.65502866---2010","https://mapsengine.google.com/06136759344167181854-06191489742681286724-4/wms/?version=1.3.0","41.2724639005","-76.655028659","2010","Lycoming","public","","9","1","10","other","90","","","9","1","10","other","90","","","","","","","","","","","","","","","","","","","","","","","","","","","","",""
"40.86177874-79.5052641---2010","https://mapsengine.google.com/06136759344167181854-06191489742681286724-4/wms/?version=1.3.0","40.8617787421","-79.5052640957","2010","Armstrong","sweeper_internal","","1","","1","other","100","","1","7","2","10","other","70","","","","","","","","","","","","","","","","","1","","1","other","100","","","","","","","",""
"41.07032414-77.91093661---2010","https://mapsengine.google.com/06136759344167181854-06191489742681286724-4/wms/?version=1.3.0","41.0703241395","-77.9109366131","2010","Centre","public","","10","","10","other","100","","","10","","10","other","100","","","","","","","","","","","","","","","","","","","","","","","","","","","","",""
"41.73710906-75.87263715---2005","https://mapsengine.google.com/06136759344167181854-15960346301379896183-4/wms/?version=1.3.0","41.7371090638","-75.8726371453","2005","Susquehanna","final_internal","","3","","3","other","100","","","1","","1","other","100","","","3","","3","other","100","","","3","","3","other","100","","","","","","","","","","","","","","",""
"40.85911039-79.52759237---2010","https://mapsengine.google.com/06136759344167181854-06191489742681286724-4/wms/?version=1.3.0","40.859110393","-79.527592372","2010","Armstrong","sweeper_internal","1","","","1","fracking","100","","6","1","3","10","fracking","60","","","","","","","","","","","","","","","","1","","","1","fracking","100","","","","","","","",""
"41.96495502-76.99423084---2010","https://mapsengine.google.com/06136759344167181854-06191489742681286724-4/wms/?version=1.3.0","41.9649550174","-76.994230837","2010","Tioga","public","","11","","11","other","100","","","11","","11","other","100","","","","","","","","","","","","","","","","","","","","","","","","","","","","",""
"40.08713384-79.83202088---2008","https://mapsengine.google.com/06136759344167181854-00219351362547715467-4/wms/?version=1.3.0","40.0871338446","-79.8320208756","2008","Fayette","sweeper_internal","","1","","1","other","100","","6","2","2","10","fracking","60","","","3","","3","other","100","","","","","","","","","","1","","1","other","100","","","","","","","",""
"41.89432171-75.93459232---2010","https://mapsengine.google.com/06136759344167181854-06191489742681286724-4/wms/?version=1.3.0","41.89432171","-75.93459232","2010","Susquehanna","first_internal","","3","","3","other","100","","","10","","10","other","100","","","3","","3","other","100","","","","","","","","","","","","","","","","","","","","","",""
"41.67649689-76.2628674---2005","https://mapsengine.google.com/06136759344167181854-15960346301379896183-4/wms/?version=1.3.0","41.6764968943","-76.2628674014","2005","Bradford","final_internal","","3","","3","other","100","","","1","","1","other","100","","","3","","3","other","100","","","3","","3","other","100","","","","","","","","","","","","","","",""
"39.968116-79.84955057---2008","https://mapsengine.google.com/06136759344167181854-00219351362547715467-4/wms/?version=1.3.0","39.9681160006","-79.8495505653","2008","Fayette","sweeper_internal","","1","","1","other","100","","3","5","2","10","other","50","","","3","","3","other","100","","","","","","","","","","1","","1","other","100","","","","","","","",""
"41.64326618-76.37729903---2010","https://mapsengine.google.com/06136759344167181854-06191489742681286724-4/wms/?version=1.3.0","41.64326618","-76.37729903","2010","Bradford","first_internal","","3","","3","other","100","","","10","","10","other","100","","","3","","3","other","100","","","","","","","","","","","","","","","","","","","","","",""
"40.3700721-79.49602636---2010","https://mapsengine.google.com/06136759344167181854-06191489742681286724-4/wms/?version=1.3.0","40.3700721026","-79.496026364","2010","Westmoreland","public","","9","1","10","other","90","","","9","1","10","other","90","","","","","","","","","","","","","","","","","","","","","","","","","","","","",""
"41.75424795-76.73402082---2005","https://mapsengine.google.com/06136759344167181854-15960346301379896183-4/wms/?version=1.3.0","41.7542479538","-76.734020824","2005","Bradford","final_internal","","3","","3","other","100","","","1","","1","other","100","","","3","","3","other","100","","","3","","3","other","100","","","","","","","","","","","","","","",""
"41.70183957-77.31562454---2008","https://mapsengine.google.com/06136759344167181854-00219351362547715467-4/wms/?version=1.3.0","41.7018395676","-77.3156245405","2008","Tioga","final_internal","","3","","3","other","100","","","1","","1","other","100","","","","","","","","","","3","","3","other","100","","","","","","","","","","","","","","",""
"41.74660623-76.73003622---2010","https://mapsengine.google.com/06136759344167181854-06191489742681286724-4/wms/?version=1.3.0","41.74660623","-76.73003622","2010","Bradford","first_internal","","3","","3","other","100","","","10","","10","other","100","","","3","","3","other","100","","","","","","","","","","","","","","","","","","","","","",""
"41.71229216-75.88773988---2010","https://mapsengine.google.com/06136759344167181854-06191489742681286724-4/wms/?version=1.3.0","41.7122921575","-75.8877398783","2010","Susquehanna","sweeper_internal","","1","","1","other","100","","","6","6","12","unknown|other","","50|50","","3","","3","other","100","","","","","","","","","","1","","1","other","100","","","","","","","",""
"40.26947395-80.301519---2010","https://mapsengine.google.com/06136759344167181854-06191489742681286724-4/wms/?version=1.3.0","40.2694739517","-80.3015190043","2010","Washington","sweeper_internal","1","","","1","fracking","100","","7","1","2","10","fracking","70","","","","","","","","","","","","","","","","1","","","1","fracking","100","","","","","","","",""
"41.695577-75.86610971---2008","https://mapsengine.google.com/06136759344167181854-00219351362547715467-4/wms/?version=1.3.0","41.6955770002","-75.8661097101","2008","Susquehanna","final_internal","","3","","3","other","100","","","1","","1","other","100","","","3","","3","other","100","","","3","","3","other","100","","","","","","","","","","","","","","",""
"40.88652898-79.9844721---2010","https://mapsengine.google.com/06136759344167181854-06191489742681286724-4/wms/?version=1.3.0","40.8865289755","-79.9844721017","2010","Butler","sweeper_internal","","1","","1","other","100","","","11","3","14","other","78","","","","","","","","","","","","","","","","","1","","1","other","100","","","","","","","",""
"40.92388165-80.03390995---2008","https://mapsengine.google.com/06136759344167181854-00219351362547715467-4/wms/?version=1.3.0","40.9238816485","-80.0339099508","2008","Butler","first_internal","","3","","3","other","100","","","2","","2","other","100","","","3","","3","other","100","","","","","","","","","","","","","","","","","","","","","",""
"39.94412437-78.89106142---2010","https://mapsengine.google.com/06136759344167181854-06191489742681286724-4/wms/?version=1.3.0","39.9441243653","-78.8910614247","2010","Somerset","public","","9","2","11","other","81","","","9","2","11","other","81","","","","","","","","","","","","","","","","","","","","","","","","","","","","",""
"41.75188805-76.82812028---2010","https://mapsengine.google.com/06136759344167181854-06191489742681286724-4/wms/?version=1.3.0","41.75188805","-76.82812028","2010","Bradford","first_internal","","3","","3","other","100","","","16","","16","other","100","","","3","","3","other","100","","","","","","","","","","","","","","","","","","","","","",""
"41.25856103-76.57863782---2010","https://mapsengine.google.com/06136759344167181854-06191489742681286724-4/wms/?version=1.3.0","41.2585610304","-76.5786378159","2010","Lycoming","public","12","","","12","fracking","100","","12","","","12","fracking","100","","","","","","","","","","","","","","","","","","","","","","","","","","","","",""
"41.71049263-76.29901281---2005","https://mapsengine.google.com/06136759344167181854-15960346301379896183-4/wms/?version=1.3.0","41.7104926252","-76.2990128088","2005","Bradford","final_internal","","3","","3","other","100","","","1","","1","other","100","","","3","","3","other","100","","","3","","3","other","100","","","","","","","","","","","","","","",""
"39.89180277-80.07439398---2010","https://mapsengine.google.com/06136759344167181854-06191489742681286724-4/wms/?version=1.3.0","39.8918027728","-80.0743939778","2010","Greene","public","","9","1","10","other","90","","","9","1","10","other","90","","","","","","","","","","","","","","","","","","","","","","","","","","","","",""
"39.90874799-79.94845942---2010","https://mapsengine.google.com/06136759344167181854-06191489742681286724-4/wms/?version=1.3.0","39.9087479883","-79.9484594198","2010","Greene","public","11","","","11","fracking","100","","11","","","11","fracking","100","","","","","","","","","","","","","","","","","","","","","","","","","","","","",""
"41.74451945-76.64454267---2010","https://mapsengine.google.com/06136759344167181854-06191489742681286724-4/wms/?version=1.3.0","41.74451945","-76.64454267","2010","Bradford","first_internal","","3","","3","other","100","","","13","","13","other","100","","","3","","3","other","100","","","","","","","","","","","","","","","","","","","","","",""
"41.22337845-76.63008894---2010","https://mapsengine.google.com/06136759344167181854-06191489742681286724-4/wms/?version=1.3.0","41.2233784508","-76.6300889411","2010","Lycoming","public","11","","","11","fracking","100","","11","","","11","fracking","100","","","","","","","","","","","","","","","","","","","","","","","","","","","","",""
"41.73048885-77.37129938---2008","https://mapsengine.google.com/06136759344167181854-00219351362547715467-4/wms/?version=1.3.0","41.7304888497","-77.3712993826","2008","Tioga","final_internal","","3","","3","other","100","","","1","","1","other","100","","","","","","","","","","3","","3","other","100","","","","","","","","","","","","","","",""
"41.68737484-75.90160387---2010","https://mapsengine.google.com/06136759344167181854-06191489742681286724-4/wms/?version=1.3.0","41.68737484","-75.90160387","2010","Susquehanna","first_internal","","3","","3","other","100","","","11","","11","other","100","","","3","","3","other","100","","","","","","","","","","","","","","","","","","","","","",""
"39.72917576-80.01089298---2010","https://mapsengine.google.com/06136759344167181854-06191489742681286724-4/wms/?version=1.3.0","39.729175758","-80.0108929825","2010","Greene","public","","10","","10","other","100","","","10","","10","other","100","","","","","","","","","","","","","","","","","","","","","","","","","","","","",""
"40.20392091-80.38480806---2005","https://mapsengine.google.com/06136759344167181854-15960346301379896183-4/wms/?version=1.3.0","40.2039209063","-80.384808061","2005","Washington","final_internal","","3","","3","other","100","","","1","","1","other","100","","","","","","","","","","3","","3","other","100","","","","","","","","","","","","","","",""
"41.30447525-79.34885278---2010","https://mapsengine.google.com/06136759344167181854-06191489742681286724-4/wms/?version=1.3.0","41.3044752483","-79.3488527842","2010","Clarion","sweeper_internal","","1","","1","other","100","","1","7","4","12","other","58","","","","","","","","","","","","","","","","","1","","1","other","100","","","","","","","",""
"40.508698-79.55199677---2005","https://mapsengine.google.com/06136759344167181854-15960346301379896183-4/wms/?version=1.3.0","40.5086979971","-79.5519967731","2005","Westmoreland","final_internal","","3","","3","other","100","","","1","","1","other","100","","","","","","","","","","3","","3","other","100","","","","","","","","","","","","","","",""
"41.62562129-76.45059083---2010","https://mapsengine.google.com/06136759344167181854-06191489742681286724-4/wms/?version=1.3.0","41.62562129","-76.45059083","2010","Bradford","first_internal","","3","","3","other","100","","","11","","11","other","100","","","3","","3","other","100","","","","","","","","","","","","","","","","","","","","","",""
"41.71371793-77.29058574---2010","https://mapsengine.google.com/06136759344167181854-06191489742681286724-4/wms/?version=1.3.0","41.7137179306","-77.2905857441","2010","Tioga","public","9","1","","10","fracking","90","","9","1","","10","fracking","90","","","","","","","","","","","","","","","","","","","","","","","","","","","","",""
"41.71848998-76.82197035---2010","https://mapsengine.google.com/06136759344167181854-06191489742681286724-4/wms/?version=1.3.0","41.71848998","-76.82197035","2010","Bradford","first_internal","","3","","3","other","100","","","12","","12","other","100","","","3","","3","other","100","","","","","","","","","","","","","","","","","","","","","",""
"41.99270404-77.02730148---2010","https://mapsengine.google.com/06136759344167181854-06191489742681286724-4/wms/?version=1.3.0","41.9927040358","-77.0273014846","2010","Tioga","public","","10","","10","other","100","","","10","","10","other","100","","","","","","","","","","","","","","","","","","","","","","","","","","","","",""
"40.74892245-80.03335887---2008","https://mapsengine.google.com/06136759344167181854-00219351362547715467-4/wms/?version=1.3.0","40.7489224486","-80.0333588655","2008","Butler","first_internal","","3","","3","other","100","","","1","1","2","unknown|other","","50|50","","3","","3","other","100","","","","","","","","","","","","","","","","","","","","","",""
"41.71378584-76.41595284---2010","https://mapsengine.google.com/06136759344167181854-06191489742681286724-4/wms/?version=1.3.0","41.71378584","-76.41595284","2010","Bradford","first_internal","","3","","3","other","100","","","10","","10","other","100","","","3","","3","other","100","","","","","","","","","","","","","","","","","","","","","",""
"40.80674539-79.65650586---2008","https://mapsengine.google.com/06136759344167181854-00219351362547715467-4/wms/?version=1.3.0","40.8067453933","-79.6565058597","2008","Armstrong","first_internal","","3","","3","other","100","","","6","","6","other","100","","","3","","3","other","100","","","","","","","","","","","","","","","","","","","","","",""
"41.57127381-77.0251114---2005","https://mapsengine.google.com/06136759344167181854-15960346301379896183-4/wms/?version=1.3.0","41.5712738093","-77.0251114003","2005","Tioga","missing_internal","","1","","1","other","100","","","","","","fracking|unknown|other","","","","","","","","","","","","","","","","","","","","","","","","","1","","1","other","100",""
"39.92285331-79.97277819---2005","https://mapsengine.google.com/06136759344167181854-15960346301379896183-4/wms/?version=1.3.0","39.9228533095","-79.9727781895","2005","Greene","final_internal","","3","","3","other","100","","","1","","1","other","100","","","","","","","","","","3","","3","other","100","","","","","","","","","","","","","","",""
"39.86458776-80.0526097---2008","https://mapsengine.google.com/06136759344167181854-00219351362547715467-4/wms/?version=1.3.0","39.8645877565","-80.0526097027","2008","Greene","sweeper_internal","","1","","1","other","100","","4","3","3","10","fracking","40","","2","1","","3","fracking","66","","","","","","","","","","1","","1","other","100","","","","","","","",""
"39.8676172-80.0496758---2008","https://mapsengine.google.com/06136759344167181854-00219351362547715467-4/wms/?version=1.3.0","39.8676172001","-80.0496757999","2008","Greene","sweeper_internal","1","","","1","fracking","100","","6","1","3","10","fracking","60","","3","","","3","fracking","100","","","","","","","","","1","","","1","fracking","100","","","","","","","",""
"40.79093031-79.58547215---2008","https://mapsengine.google.com/06136759344167181854-00219351362547715467-4/wms/?version=1.3.0","40.7909303071","-79.5854721528","2008","Armstrong","first_internal","","3","","3","other","100","","","9","1","10","other","90","","","3","","3","other","100","","","","","","","","","","","","","","","","","","","","","",""
"41.70888022-75.87616702---2005","https://mapsengine.google.com/06136759344167181854-15960346301379896183-4/wms/?version=1.3.0","41.7088802157","-75.8761670187","2005","Susquehanna","final_internal","","3","","3","other","100","","","1","","1","other","100","","","3","","3","other","100","","","3","","3","other","100","","","","","","","","","","","","","","",""
"41.76615032-76.49473123---2008","https://mapsengine.google.com/06136759344167181854-00219351362547715467-4/wms/?version=1.3.0","41.7661503209","-76.4947312285","2008","Bradford","final_internal","","3","","3","other","100","","","1","","1","other","100","","","3","","3","other","100","","","3","","3","other","100","","","","","","","","","","","","","","",""
"39.95965367-79.83796837---2010","https://mapsengine.google.com/06136759344167181854-06191489742681286724-4/wms/?version=1.3.0","39.9596536702","-79.8379683742","2010","Fayette","public","","9","1","10","other","90","","","9","1","10","other","90","","","","","","","","","","","","","","","","","","","","","","","","","","","","",""
"41.6540354-76.30493142---2010","https://mapsengine.google.com/06136759344167181854-06191489742681286724-4/wms/?version=1.3.0","41.6540354016","-76.3049314162","2010","Bradford","sweeper_internal","1","","","1","fracking","100","","5","5","3","13","fracking|other","","38|38","1","1","1","3","fracking|unknown|other","","33|33|33","","","","","","","","1","","","1","fracking","100","","","","","","","",""
"40.85049988-78.66115218---2010","https://mapsengine.google.com/06136759344167181854-06191489742681286724-4/wms/?version=1.3.0","40.8504998777","-78.6611521831","2010","Clearfield","public","29","","1","30","fracking","96","","29","","1","30","fracking","96","","","","","","","","","","","","","","","","","","","","","","","","","","","","",""
"41.25794361-76.57863276---2010","https://mapsengine.google.com/06136759344167181854-06191489742681286724-4/wms/?version=1.3.0","41.2579436111","-76.5786327574","2010","Lycoming","sweeper_internal","1","","","1","fracking","100","","6","3","1","10","fracking","60","","","","","","","","","","","","","","","","1","","","1","fracking","100","","","","","","","",""
"41.53017033-76.53256172---2008","https://mapsengine.google.com/06136759344167181854-00219351362547715467-4/wms/?version=1.3.0","41.5301703336","-76.532561718","2008","Sullivan","final_internal","","3","","3","other","100","","","1","","1","other","100","","","3","","3","other","100","","","3","","3","other","100","","","","","","","","","","","","","","",""
"41.75266247-76.26743692---2010","https://mapsengine.google.com/06136759344167181854-06191489742681286724-4/wms/?version=1.3.0","41.75266247","-76.26743692","2010","Bradford","first_internal","","3","","3","other","100","","","13","","13","other","100","","","3","","3","other","100","","","","","","","","","","","","","","","","","","","","","",""
"41.88203539-75.89060197---2008","https://mapsengine.google.com/06136759344167181854-00219351362547715467-4/wms/?version=1.3.0","41.8820353889","-75.8906019662","2008","Susquehanna","final_internal","","4","","4","other","100","","","1","","1","other","100","","","3","","3","other","100","","","4","","4","other","100","","","","","","","","","","","","","","",""
"41.27647534-77.27826882---2010","https://mapsengine.google.com/06136759344167181854-06191489742681286724-4/wms/?version=1.3.0","41.2764753351","-77.2782688187","2010","Lycoming","public","11","1","1","13","fracking","84","","11","1","1","13","fracking","84","","","","","","","","","","","","","","","","","","","","","","","","","","","","",""
"41.75179817-76.82820984---2005","https://mapsengine.google.com/06136759344167181854-15960346301379896183-4/wms/?version=1.3.0","41.7517981707","-76.8282098436","2005","Bradford","final_internal","","3","","3","other","100","","","1","","1","other","100","","","3","","3","other","100","","","3","","3","other","100","","","","","","","","","","","","","","",""
"40.32351012-80.30625287---2010","https://mapsengine.google.com/06136759344167181854-06191489742681286724-4/wms/?version=1.3.0","40.3235101168","-80.3062528743","2010","Washington","sweeper_internal","","1","","1","other","100","","1","6","3","10","other","60","","","","","","","","","","","","","","","","","1","","1","other","100","","","","","","","",""
"40.86162251-79.50303428---2010","https://mapsengine.google.com/06136759344167181854-06191489742681286724-4/wms/?version=1.3.0","40.8616225132","-79.5030342833","2010","Armstrong","sweeper_internal","","1","","1","other","100","","1","6","3","10","other","60","","","","","","","","","","","","","","","","","1","","1","other","100","","","","","","","",""
"39.86983924-79.98858455---2010","https://mapsengine.google.com/06136759344167181854-06191489742681286724-4/wms/?version=1.3.0","39.869839236","-79.9885845523","2010","Greene","sweeper_internal","","1","","1","other","100","","5","4","1","10","fracking","50","","","","","","","","","","","","","","","","","1","","1","other","100","","","","","","","",""
"39.88547224-80.00714083---2010","https://mapsengine.google.com/06136759344167181854-06191489742681286724-4/wms/?version=1.3.0","39.8854722352","-80.0071408338","2010","Greene","sweeper_internal","","1","","1","other","100","","7","3","","10","fracking","70","","","","","","","","","","","","","","","","","1","","1","other","100","","","","","","","",""
"41.78322971-76.67649156---2010","https://mapsengine.google.com/06136759344167181854-06191489742681286724-4/wms/?version=1.3.0","41.78322971","-76.67649156","2010","Bradford","first_internal","","3","","3","other","100","","","10","","10","other","100","","","3","","3","other","100","","","","","","","","","","","","","","","","","","","","","",""
"41.91840195-77.43347734---2008","https://mapsengine.google.com/06136759344167181854-00219351362547715467-4/wms/?version=1.3.0","41.9184019517","-77.4334773424","2008","Tioga","final_internal","","3","","3","other","100","","","1","","1","other","100","","","","","","","","","","3","","3","other","100","","","","","","","","","","","","","","",""
"41.81339197-76.53165698---2008","https://mapsengine.google.com/06136759344167181854-00219351362547715467-4/wms/?version=1.3.0","41.813391975","-76.5316569828","2008","Bradford","final_internal","","3","","3","other","100","","","1","","1","other","100","","","","","","","","","","3","","3","other","100","","","","","","","","","","","","","","",""
"40.00062704-79.70040184---2010","https://mapsengine.google.com/06136759344167181854-06191489742681286724-4/wms/?version=1.3.0","40.0006270381","-79.7004018444","2010","Fayette","public","10","","","10","fracking","100","","10","","","10","fracking","100","","","","","","","","","","","","","","","","","","","","","","","","","","","","",""
"40.25360672-79.75691663---2005","https://mapsengine.google.com/06136759344167181854-15960346301379896183-4/wms/?version=1.3.0","40.2536067209","-79.7569166275","2005","Westmoreland","final_internal","","3","","3","other","100","","","1","","1","other","100","","","","","","","","","","3","","3","other","100","","","","","","","","","","","","","","",""
"39.9273032-80.0095991---2008","https://mapsengine.google.com/06136759344167181854-00219351362547715467-4/wms/?version=1.3.0","39.9273032018","-80.0095990979","2008","Greene","sweeper_internal","","1","","1","other","100","","4","5","1","10","other","50","","","2","1","3","other","66","","","","","","","","","","1","","1","other","100","","","","","","","",""
"40.2826265-80.31925796---2008","https://mapsengine.google.com/06136759344167181854-00219351362547715467-4/wms/?version=1.3.0","40.2826265001","-80.3192579632","2008","Washington","first_internal","","3","","3","other","100","","","8","","8","other","100","","","3","","3","other","100","","","","","","","","","","","","","","","","","","","","","",""
"41.89974656-76.85841268---2005","https://mapsengine.google.com/06136759344167181854-15960346301379896183-4/wms/?version=1.3.0","41.8997465585","-76.8584126829","2005","Bradford","final_internal","","3","","3","other","100","","","1","","1","other","100","","","3","","3","other","100","","","3","","3","other","100","","","","","","","","","","","","","","",""
"40.10681864-80.05910597---2008","https://mapsengine.google.com/06136759344167181854-00219351362547715467-4/wms/?version=1.3.0","40.1068186408","-80.0591059748","2008","Washington","first_internal","","3","","3","other","100","","","8","","8","other","100","","","3","","3","other","100","","","","","","","","","","","","","","","","","","","","","",""
"41.12616913-79.75837628---2005","https://mapsengine.google.com/06136759344167181854-15960346301379896183-4/wms/?version=1.3.0","41.1261691288","-79.7583762763","2005","Butler","final_internal","","3","","3","other","100","","","1","","1","other","100","","","","","","","","","","3","","3","other","100","","","","","","","","","","","","","","",""
"40.88163055-79.72970215---2005","https://mapsengine.google.com/06136759344167181854-15960346301379896183-4/wms/?version=1.3.0","40.8816305509","-79.7297021514","2005","Butler","final_internal","","3","","3","other","100","","","1","","1","other","100","","","","","","","","","","3","","3","other","100","","","","","","","","","","","","","","",""
"41.94228714-76.98016112---2010","https://mapsengine.google.com/06136759344167181854-06191489742681286724-4/wms/?version=1.3.0","41.9422871421","-76.9801611181","2010","Tioga","public","","11","","11","other","100","","","11","","11","other","100","","","","","","","","","","","","","","","","","","","","","","","","","","","","",""
"41.69485675-75.86188352---2005","https://mapsengine.google.com/06136759344167181854-15960346301379896183-4/wms/?version=1.3.0","41.6948567483","-75.8618835199","2005","Susquehanna","final_internal","","3","","3","other","100","","","1","","1","other","100","","","3","","3","other","100","","","3","","3","other","100","","","","","","","","","","","","","","",""
"40.2431234-80.27420884---2005","https://mapsengine.google.com/06136759344167181854-15960346301379896183-4/wms/?version=1.3.0","40.2431233974","-80.2742088426","2005","Washington","final_internal","","3","","3","other","100","","","1","","1","other","100","","","","","","","","","","3","","3","other","100","","","","","","","","","","","","","","",""
"40.86343056-79.50347598---2010","https://mapsengine.google.com/06136759344167181854-06191489742681286724-4/wms/?version=1.3.0","40.8634305578","-79.503475978","2010","Armstrong","public","","8","2","10","other","80","","","8","2","10","other","80","","","","","","","","","","","","","","","","","","","","","","","","","","","","",""
"41.70152873-75.9037825---2008","https://mapsengine.google.com/06136759344167181854-00219351362547715467-4/wms/?version=1.3.0","41.7015287267","-75.9037825014","2008","Susquehanna","final_internal","","3","","3","other","100","","","","1","1","unknown","100","","","3","","3","other","100","","","3","","3","other","100","","","","","","","","","","","","","","",""
"40.86210039-79.50433016---2005","https://mapsengine.google.com/06136759344167181854-15960346301379896183-4/wms/?version=1.3.0","40.8621003903","-79.5043301598","2005","Armstrong","final_internal","","3","","3","other","100","","","","1","1","unknown","100","","","","","","","","","","3","","3","other","100","","","","","","","","","","","","","","",""
"41.71812243-76.14391508---2005","https://mapsengine.google.com/06136759344167181854-15960346301379896183-4/wms/?version=1.3.0","41.718122427","-76.1439150753","2005","Bradford","final_internal","","3","","3","other","100","","","1","","1","other","100","","","3","","3","other","100","","","3","","3","other","100","","","","","","","","","","","","","","",""
"40.2434925-80.32157035---2008","https://mapsengine.google.com/06136759344167181854-00219351362547715467-4/wms/?version=1.3.0","40.2434925025","-80.3215703534","2008","Washington","sweeper_internal","1","","","1","fracking","100","","6","4","","10","fracking","60","","1","2","","3","other","66","","","","","","","","","1","","","1","fracking","100","","","","","","","",""
"40.74055803-79.51806908---2010","https://mapsengine.google.com/06136759344167181854-06191489742681286724-4/wms/?version=1.3.0","40.7405580349","-79.5180690773","2010","Armstrong","public","","11","","11","other","100","","","11","","11","other","100","","","","","","","","","","","","","","","","","","","","","","","","","","","","",""
"40.2764109-80.2918078---2008","https://mapsengine.google.com/06136759344167181854-00219351362547715467-4/wms/?version=1.3.0","40.2764108975","-80.2918078023","2008","Washington","first_internal","","3","","3","other","100","","","7","1","8","other","87","","","3","","3","other","100","","","","","","","","","","","","","","","","","","","","","",""
"41.73301895-77.36745464---2010","https://mapsengine.google.com/06136759344167181854-06191489742681286724-4/wms/?version=1.3.0","41.7330189519","-77.367454636","2010","Tioga","public","","11","","11","other","100","","","11","","11","other","100","","","","","","","","","","","","","","","","","","","","","","","","","","","","",""
"41.75047796-77.34216143---2008","https://mapsengine.google.com/06136759344167181854-00219351362547715467-4/wms/?version=1.3.0","41.7504779589","-77.3421614348","2008","Tioga","final_internal","","3","","3","other","100","","","1","","1","other","100","","","","","","","","","","3","","3","other","100","","","","","","","","","","","","","","",""
"40.96412999-79.95342134---2010","https://mapsengine.google.com/06136759344167181854-06191489742681286724-4/wms/?version=1.3.0","40.9641299906","-79.9534213364","2010","Butler","public","","16","1","17","other","94","","","16","1","17","other","94","","","","","","","","","","","","","","","","","","","","","","","","","","","","",""
"39.93354194-79.86405034---2008","https://mapsengine.google.com/06136759344167181854-00219351362547715467-4/wms/?version=1.3.0","39.9335419445","-79.8640503433","2008","Fayette","sweeper_internal","","1","","1","other","100","","3","4","3","10","other","40","","","3","","3","other","100","","","","","","","","","","1","","1","other","100","","","","","","","",""
"41.77015764-76.80480299---2005","https://mapsengine.google.com/06136759344167181854-15960346301379896183-4/wms/?version=1.3.0","41.7701576439","-76.8048029855","2005","Bradford","final_internal","","3","","3","other","100","","","1","","1","other","100","","","3","","3","other","100","","","3","","3","other","100","","","","","","","","","","","","","","",""
"40.29603219-79.63626496---2005","https://mapsengine.google.com/06136759344167181854-15960346301379896183-4/wms/?version=1.3.0","40.2960321853","-79.6362649577","2005","Westmoreland","final_internal","","3","","3","other","100","","","1","","1","other","100","","","","","","","","","","3","","3","other","100","","","","","","","","","","","","","","",""
"41.7883137-76.23443292---2010","https://mapsengine.google.com/06136759344167181854-06191489742681286724-4/wms/?version=1.3.0","41.7883137","-76.23443292","2010","Bradford","first_internal","","3","","3","other","100","","","11","1","12","other","91","","","3","","3","other","100","","","","","","","","","","","","","","","","","","","","","",""
"41.75665925-76.26608532---2005","https://mapsengine.google.com/06136759344167181854-15960346301379896183-4/wms/?version=1.3.0","41.7566592507","-76.266085317","2005","Bradford","final_internal","","3","","3","other","100","","","1","","1","other","100","","","3","","3","other","100","","","3","","3","other","100","","","","","","","","","","","","","","",""
"41.8072214-76.95286071---2008","https://mapsengine.google.com/06136759344167181854-00219351362547715467-4/wms/?version=1.3.0","41.8072213957","-76.9528607054","2008","Tioga","final_internal","","3","","3","other","100","","","1","","1","other","100","","","","","","","","","","3","","3","other","100","","","","","","","","","","","","","","",""
"41.5441223-77.10072023---2010","https://mapsengine.google.com/06136759344167181854-06191489742681286724-4/wms/?version=1.3.0","41.5441222959","-77.1007202279","2010","Lycoming","public","","10","","10","other","100","","","10","","10","other","100","","","","","","","","","","","","","","","","","","","","","","","","","","","","",""
"40.52089721-79.19918703---2008","https://mapsengine.google.com/06136759344167181854-00219351362547715467-4/wms/?version=1.3.0","40.5208972131","-79.1991870345","2008","Indiana","first_internal","","3","","3","other","100","","","1","","1","other","100","","","3","","3","other","100","","","","","","","","","","","","","","","","","","","","","",""
"39.91956535-79.84781878---2010","https://mapsengine.google.com/06136759344167181854-06191489742681286724-4/wms/?version=1.3.0","39.9195653474","-79.8478187803","2010","Fayette","sweeper_internal","","1","","1","other","100","","1","5","4","10","other","50","","","","","","","","","","","","","","","","","1","","1","other","100","","","","","","","",""
"41.65596283-76.047893---2010","https://mapsengine.google.com/06136759344167181854-06191489742681286724-4/wms/?version=1.3.0","41.65596283","-76.047893","2010","Susquehanna","first_internal","","3","","3","other","100","","1","9","","10","other","90","","","3","","3","other","100","","","","","","","","","","","","","","","","","","","","","",""
"41.24808309-76.5757661---2010","https://mapsengine.google.com/06136759344167181854-06191489742681286724-4/wms/?version=1.3.0","41.2480830926","-76.5757660971","2010","Lycoming","public","","10","","10","other","100","","","10","","10","other","100","","","","","","","","","","","","","","","","","","","","","","","","","","","","",""
"40.13671203-80.2650619---2010","https://mapsengine.google.com/06136759344167181854-06191489742681286724-4/wms/?version=1.3.0","40.1367120298","-80.2650618989","2010","Washington","public","","10","","10","other","100","","","10","","10","other","100","","","","","","","","","","","","","","","","","","","","","","","","","","","","",""
"41.73615086-75.94338543---2008","https://mapsengine.google.com/06136759344167181854-00219351362547715467-4/wms/?version=1.3.0","41.736150864","-75.9433854321","2008","Susquehanna","final_internal","","3","","3","other","100","","","1","","1","other","100","","","3","","3","other","100","","","3","","3","other","100","","","","","","","","","","","","","","",""
"39.97735416-79.99375019---2008","https://mapsengine.google.com/06136759344167181854-00219351362547715467-4/wms/?version=1.3.0","39.9773541608","-79.9937501935","2008","Fayette","sweeper_internal","","1","","1","other","100","","1","7","2","10","other","70","","","3","","3","other","100","","","","","","","","","","1","","1","other","100","","","","","","","",""
"41.0408154-79.35161522---2010","https://mapsengine.google.com/06136759344167181854-06191489742681286724-4/wms/?version=1.3.0","41.0408154035","-79.351615219","2010","Clarion","public","","10","2","12","other","83","","","10","2","12","other","83","","","","","","","","","","","","","","","","","","","","","","","","","","","","",""
"41.59611056-78.33102586---2010","https://mapsengine.google.com/06136759344167181854-06191489742681286724-4/wms/?version=1.3.0","41.5961105642","-78.3310258576","2010","Cameron","public","1","11","","12","other","91","","1","11","","12","other","91","","","","","","","","","","","","","","","","","","","","","","","","","","","","",""
"41.75637157-76.48082418---2005","https://mapsengine.google.com/06136759344167181854-15960346301379896183-4/wms/?version=1.3.0","41.7563715743","-76.4808241769","2005","Bradford","final_internal","","3","","3","other","100","","","1","","1","other","100","","","3","","3","other","100","","","3","","3","other","100","","","","","","","","","","","","","","",""
"39.88513395-80.04444644---2010","https://mapsengine.google.com/06136759344167181854-06191489742681286724-4/wms/?version=1.3.0","39.8851339463","-80.0444464353","2010","Greene","sweeper_internal","1","","","1","fracking","100","","4","6","","10","other","60","","","","","","","","","","","","","","","","1","","","1","fracking","100","","","","","","","",""
"41.30246305-78.654437---2010","https://mapsengine.google.com/06136759344167181854-06191489742681286724-4/wms/?version=1.3.0","41.3024630536","-78.6544369991","2010","Elk","public","2","9","","11","other","81","","2","9","","11","other","81","","","","","","","","","","","","","","","","","","","","","","","","","","","","",""
"41.8061363-76.52550386---2005","https://mapsengine.google.com/06136759344167181854-15960346301379896183-4/wms/?version=1.3.0","41.806136301","-76.5255038564","2005","Bradford","final_internal","","3","","3","other","100","","","1","","1","other","100","","","3","","3","other","100","","","3","","3","other","100","","","","","","","","","","","","","","",""
"41.27112138-76.57274336---2008","https://mapsengine.google.com/06136759344167181854-00219351362547715467-4/wms/?version=1.3.0","41.2711213788","-76.5727433578","2008","Lycoming","final_internal","","3","","3","other","100","","","1","","1","other","100","","","","","","","","","","3","","3","other","100","","","","","","","","","","","","","","",""
"40.24531822-80.34203478---2010","https://mapsengine.google.com/06136759344167181854-06191489742681286724-4/wms/?version=1.3.0","40.2453182198","-80.3420347795","2010","Washington","public","","10","","10","other","100","","","10","","10","other","100","","","","","","","","","","","","","","","","","","","","","","","","","","","","",""
"41.77029993-76.8127635---2010","https://mapsengine.google.com/06136759344167181854-06191489742681286724-4/wms/?version=1.3.0","41.77029993","-76.8127635","2010","Bradford","first_internal","","3","","3","other","100","","1","9","","10","other","90","","","3","","3","other","100","","","","","","","","","","","","","","","","","","","","","",""
"41.63405197-76.40489322---2010","https://mapsengine.google.com/06136759344167181854-06191489742681286724-4/wms/?version=1.3.0","41.6340519746","-76.4048932178","2010","Bradford","sweeper_internal","","1","","1","other","100","","6","","4","10","fracking","60","","3","","","3","fracking","100","","","","","","","","","","1","","1","other","100","","","","","","","",""
"41.65933115-76.81408519---2010","https://mapsengine.google.com/06136759344167181854-06191489742681286724-4/wms/?version=1.3.0","41.65933115","-76.81408519","2010","Bradford","first_internal","","3","","3","other","100","","","9","1","10","other","90","","","3","","3","other","100","","","","","","","","","","","","","","","","","","","","","",""
"41.63099618-76.40122321---2010","https://mapsengine.google.com/06136759344167181854-06191489742681286724-4/wms/?version=1.3.0","41.63099618","-76.40122321","2010","Bradford","first_internal","","3","","3","other","100","","","10","","10","other","100","","","3","","3","other","100","","","","","","","","","","","","","","","","","","","","","",""
"41.68732896-75.89988007---2008","https://mapsengine.google.com/06136759344167181854-00219351362547715467-4/wms/?version=1.3.0","41.6873289568","-75.8998800732","2008","Susquehanna","final_internal","","3","","3","other","100","","","1","","1","other","100","","","3","","3","other","100","","","3","","3","other","100","","","","","","","","","","","","","","",""
"41.74419533-76.05891448---2008","https://mapsengine.google.com/06136759344167181854-00219351362547715467-4/wms/?version=1.3.0","41.7441953348","-76.0589144783","2008","Susquehanna","final_internal","","3","","3","other","100","","","1","","1","other","100","","","3","","3","other","100","","","3","","3","other","100","","","","","","","","","","","","","","",""
"39.84529346-79.98922078---2008","https://mapsengine.google.com/06136759344167181854-00219351362547715467-4/wms/?version=1.3.0","39.8452934575","-79.9892207848","2008","Greene","first_internal","","3","","3","other","100","","","9","1","10","other","90","","","3","","3","other","100","","","","","","","","","","","","","","","","","","","","","",""
"41.69601952-75.86004081---2010","https://mapsengine.google.com/06136759344167181854-06191489742681286724-4/wms/?version=1.3.0","41.69601952","-75.86004081","2010","Susquehanna","first_internal","","3","","3","other","100","","","9","1","10","other","90","","","3","","3","other","100","","","","","","","","","","","","","","","","","","","","","",""
"41.80195678-77.02513543---2010","https://mapsengine.google.com/06136759344167181854-06191489742681286724-4/wms/?version=1.3.0","41.8019567815","-77.0251354257","2010","Tioga","public","","10","","10","other","100","","","10","","10","other","100","","","","","","","","","","","","","","","","","","","","","","","","","","","","",""
"41.72638033-75.89326435---2010","https://mapsengine.google.com/06136759344167181854-06191489742681286724-4/wms/?version=1.3.0","41.7263803347","-75.893264349","2010","Susquehanna","sweeper_internal","","1","","1","other","100","","","7","3","10","other","70","","","2","1","3","other","66","","","","","","","","","","1","","1","other","100","","","","","","","",""
"39.91287526-79.96304657---2010","https://mapsengine.google.com/06136759344167181854-06191489742681286724-4/wms/?version=1.3.0","39.9128752611","-79.9630465717","2010","Greene","sweeper_internal","","1","","1","other","100","","2","7","1","10","other","70","","","","","","","","","","","","","","","","","1","","1","other","100","","","","","","","",""
"41.72510126-75.92086716---2010","https://mapsengine.google.com/06136759344167181854-06191489742681286724-4/wms/?version=1.3.0","41.72510126","-75.92086716","2010","Susquehanna","first_internal","","4","","4","other","100","","","10","","10","other","100","","","4","","4","other","100","","","","","","","","","","","","","","","","","","","","","",""
"41.86251993-76.83909155---2005","https://mapsengine.google.com/06136759344167181854-15960346301379896183-4/wms/?version=1.3.0","41.8625199283","-76.8390915477","2005","Bradford","final_internal","","3","","3","other","100","","","1","","1","other","100","","","3","","3","other","100","","","3","","3","other","100","","","","","","","","","","","","","","",""
"41.622301-76.90262445---2010","https://mapsengine.google.com/06136759344167181854-06191489742681286724-4/wms/?version=1.3.0","41.6223009951","-76.9026244508","2010","Tioga","public","","10","1","11","other","90","","","10","1","11","other","90","","","","","","","","","","","","","","","","","","","","","","","","","","","","",""
"41.67008713-76.08971875---2005","https://mapsengine.google.com/06136759344167181854-15960346301379896183-4/wms/?version=1.3.0","41.6700871302","-76.0897187473","2005","Susquehanna","final_internal","","3","","3","other","100","","","1","","1","other","100","","","3","","3","other","100","","","3","","3","other","100","","","","","","","","","","","","","","",""
"41.26798025-76.66081917---2005","https://mapsengine.google.com/06136759344167181854-15960346301379896183-4/wms/?version=1.3.0","41.2679802498","-76.6608191659","2005","Lycoming","missing_internal","","1","","1","other","100","","","","","","fracking|unknown|other","","","","","","","","","","","","","","","","","","","","","","","","","1","","1","other","100",""
"40.5132347-79.18110996---2008","https://mapsengine.google.com/06136759344167181854-00219351362547715467-4/wms/?version=1.3.0","40.5132347017","-79.1811099616","2008","Indiana","final_internal","","1","2","3","unknown","66","","1","1","","2","fracking|other","","50|50","","","","","","","","","1","2","3","unknown","66","","","","","","","","","","","","","","",""
"41.74691062-75.94732563---2008","https://mapsengine.google.com/06136759344167181854-00219351362547715467-4/wms/?version=1.3.0","41.7469106204","-75.947325633","2008","Susquehanna","final_internal","","3","","3","other","100","","","1","","1","other","100","","","3","","3","other","100","","","3","","3","other","100","","","","","","","","","","","","","","",""
"40.49546558-79.59442092---2005","https://mapsengine.google.com/06136759344167181854-15960346301379896183-4/wms/?version=1.3.0","40.4954655799","-79.5944209159","2005","Westmoreland","final_internal","","4","","4","other","100","","","1","","1","other","100","","","","","","","","","","4","","4","other","100","","","","","","","","","","","","","","",""
"40.17276987-80.05710481---2008","https://mapsengine.google.com/06136759344167181854-00219351362547715467-4/wms/?version=1.3.0","40.1727698657","-80.0571048135","2008","Washington","first_internal","","3","","3","other","100","","","10","","10","other","100","","","3","","3","other","100","","","","","","","","","","","","","","","","","","","","","",""
"39.86846336-80.01196749---2010","https://mapsengine.google.com/06136759344167181854-06191489742681286724-4/wms/?version=1.3.0","39.8684633557","-80.011967485","2010","Greene","public","10","","","10","fracking","100","","10","","","10","fracking","100","","","","","","","","","","","","","","","","","","","","","","","","","","","","",""
"41.67636156-76.26288431---2010","https://mapsengine.google.com/06136759344167181854-06191489742681286724-4/wms/?version=1.3.0","41.67636156","-76.26288431","2010","Bradford","first_internal","","3","","3","other","100","","","11","","11","other","100","","","3","","3","other","100","","","","","","","","","","","","","","","","","","","","","",""
"41.78117292-76.99011568---2010","https://mapsengine.google.com/06136759344167181854-06191489742681286724-4/wms/?version=1.3.0","41.7811729192","-76.9901156782","2010","Tioga","public","","11","","11","other","100","","","11","","11","other","100","","","","","","","","","","","","","","","","","","","","","","","","","","","","",""
"41.69125607-76.06162917---2010","https://mapsengine.google.com/06136759344167181854-06191489742681286724-4/wms/?version=1.3.0","41.69125607","-76.06162917","2010","Susquehanna","first_internal","","3","","3","other","100","","","10","2","12","other","83","","","3","","3","other","100","","","","","","","","","","","","","","","","","","","","","",""
"39.72853766-79.98581827---2005","https://mapsengine.google.com/06136759344167181854-15960346301379896183-4/wms/?version=1.3.0","39.7285376602","-79.985818273","2005","Greene","final_internal","","3","","3","other","100","","","1","","1","other","100","","","","","","","","","","3","","3","other","100","","","","","","","","","","","","","","",""
"41.93132702-75.87308954---2010","https://mapsengine.google.com/06136759344167181854-06191489742681286724-4/wms/?version=1.3.0","41.93132702","-75.87308954","2010","Susquehanna","first_internal","","3","","3","other","100","","","11","","11","other","100","","","3","","3","other","100","","","","","","","","","","","","","","","","","","","","","",""
"40.52393365-79.20645044---2005","https://mapsengine.google.com/06136759344167181854-15960346301379896183-4/wms/?version=1.3.0","40.5239336499","-79.2064504441","2005","Indiana","final_internal","","3","","3","other","100","","","1","","1","other","100","","","","","","","","","","3","","3","other","100","","","","","","","","","","","","","","",""
"41.69747445-76.72926143---2008","https://mapsengine.google.com/06136759344167181854-00219351362547715467-4/wms/?version=1.3.0","41.6974744456","-76.7292614259","2008","Bradford","final_internal","","3","","3","other","100","","","1","","1","other","100","","","3","","3","other","100","","","3","","3","other","100","","","","","","","","","","","","","","",""
"39.90509384-80.29941364---2010","https://mapsengine.google.com/06136759344167181854-06191489742681286724-4/wms/?version=1.3.0","39.9050938437","-80.2994136422","2010","Greene","public","","10","","10","other","100","","","10","","10","other","100","","","","","","","","","","","","","","","","","","","","","","","","","","","","",""
"40.2136271-79.70023384---2010","https://mapsengine.google.com/06136759344167181854-06191489742681286724-4/wms/?version=1.3.0","40.213627104","-79.7002338352","2010","Westmoreland","public","","11","","11","other","100","","","11","","11","other","100","","","","","","","","","","","","","","","","","","","","","","","","","","","","",""
"41.67690885-76.35352389---2005","https://mapsengine.google.com/06136759344167181854-15960346301379896183-4/wms/?version=1.3.0","41.676908852","-76.3535238909","2005","Bradford","final_internal","","3","","3","other","100","","","1","","1","other","100","","","3","","3","other","100","","","3","","3","other","100","","","","","","","","","","","","","","",""
"41.6805053-77.38191265---2010","https://mapsengine.google.com/06136759344167181854-06191489742681286724-4/wms/?version=1.3.0","41.6805052984","-77.3819126491","2010","Tioga","sweeper_internal","","1","","1","other","100","","2","6","2","10","other","60","","","","","","","","","","","","","","","","","1","","1","other","100","","","","","","","",""
"40.19528491-79.8790613---2010","https://mapsengine.google.com/06136759344167181854-06191489742681286724-4/wms/?version=1.3.0","40.1952849117","-79.8790612975","2010","Washington","sweeper_internal","","1","","1","other","100","","2","6","2","10","other","60","","","","","","","","","","","","","","","","","1","","1","other","100","","","","","","","",""
"41.67560025-76.37783106---2010","https://mapsengine.google.com/06136759344167181854-06191489742681286724-4/wms/?version=1.3.0","41.6756002489","-76.3778310592","2010","Bradford","sweeper_internal","","1","","1","other","100","","2","11","1","14","other","78","","","3","","3","other","100","","","","","","","","","","1","","1","other","100","","","","","","","",""
"39.92784606-79.86262978---2010","https://mapsengine.google.com/06136759344167181854-06191489742681286724-4/wms/?version=1.3.0","39.9278460612","-79.8626297814","2010","Fayette","public","","9","1","10","other","90","","","9","1","10","other","90","","","","","","","","","","","","","","","","","","","","","","","","","","","","",""
"40.08665827-79.83423817---2010","https://mapsengine.google.com/06136759344167181854-06191489742681286724-4/wms/?version=1.3.0","40.0866582742","-79.8342381746","2010","Fayette","public","","11","","11","other","100","","","11","","11","other","100","","","","","","","","","","","","","","","","","","","","","","","","","","","","",""
"41.62110213-76.44688566---2008","https://mapsengine.google.com/06136759344167181854-00219351362547715467-4/wms/?version=1.3.0","41.6211021269","-76.4468856643","2008","Bradford","final_internal","","4","","4","other","100","","","1","","1","other","100","","","3","","3","other","100","","","4","","4","other","100","","","","","","","","","","","","","","",""
"39.92769219-79.97608846---2010","https://mapsengine.google.com/06136759344167181854-06191489742681286724-4/wms/?version=1.3.0","39.9276921942","-79.9760884632","2010","Greene","public","","10","","10","other","100","","","10","","10","other","100","","","","","","","","","","","","","","","","","","","","","","","","","","","","",""
"39.86453434-79.98434603---2010","https://mapsengine.google.com/06136759344167181854-06191489742681286724-4/wms/?version=1.3.0","39.8645343416","-79.9843460292","2010","Greene","sweeper_internal","","1","","1","other","100","","1","3","6","10","unknown","60","","","","","","","","","","","","","","","","","1","","1","other","100","","","","","","","",""
"41.75456167-75.89968094---2008","https://mapsengine.google.com/06136759344167181854-00219351362547715467-4/wms/?version=1.3.0","41.7545616749","-75.8996809416","2008","Susquehanna","final_internal","","3","","3","other","100","","","1","","1","other","100","","","3","","3","other","100","","","3","","3","other","100","","","","","","","","","","","","","","",""
"40.79195952-78.62067689---2010","https://mapsengine.google.com/06136759344167181854-06191489742681286724-4/wms/?version=1.3.0","40.7919595237","-78.6206768904","2010","Clearfield","sweeper_internal","1","","","1","fracking","100","","21","2","7","30","fracking","70","","","","","","","","","","","","","","","","1","","","1","fracking","100","","","","","","","",""
"41.33731284-77.30365737---2010","https://mapsengine.google.com/06136759344167181854-06191489742681286724-4/wms/?version=1.3.0","41.3373128389","-77.3036573748","2010","Lycoming","public","","10","","10","other","100","","","10","","10","other","100","","","","","","","","","","","","","","","","","","","","","","","","","","","","",""
"40.17678087-79.74046359---2008","https://mapsengine.google.com/06136759344167181854-00219351362547715467-4/wms/?version=1.3.0","40.1767808694","-79.7404635858","2008","Westmoreland","final_internal","","3","","3","other","100","","","","1","1","unknown","100","","","","","","","","","","3","","3","other","100","","","","","","","","","","","","","","",""
"40.65680847-79.77841368---2005","https://mapsengine.google.com/06136759344167181854-15960346301379896183-4/wms/?version=1.3.0","40.6568084674","-79.7784136814","2005","Allegheny","final_internal","","3","","3","other","100","","","1","","1","other","100","","","3","","3","other","100","","","3","","3","other","100","","","","","","","","","","","","","","",""
"41.52558841-79.70956473---2005","https://mapsengine.google.com/06136759344167181854-15960346301379896183-4/wms/?version=1.3.0","41.5255884105","-79.7095647301","2005","Venango","final_internal","","3","","3","other","100","","1","","","1","fracking","100","","","","","","","","","","3","","3","other","100","","","","","","","","","","","","","","",""
"41.35201109-78.54471924---2010","https://mapsengine.google.com/06136759344167181854-06191489742681286724-4/wms/?version=1.3.0","41.3520110887","-78.5447192381","2010","Elk","public","2","9","","11","other","81","","2","9","","11","other","81","","","","","","","","","","","","","","","","","","","","","","","","","","","","",""
"39.72791854-79.96022548---2008","https://mapsengine.google.com/06136759344167181854-00219351362547715467-4/wms/?version=1.3.0","39.7279185391","-79.9602254754","2008","Greene","sweeper_internal","","1","","1","other","100","","5","5","","10","fracking|other","","50|50","","2","1","3","other","66","","","","","","","","","","1","","1","other","100","","","","","","","",""
"39.97959106-80.09288755---2010","https://mapsengine.google.com/06136759344167181854-06191489742681286724-4/wms/?version=1.3.0","39.979591059","-80.0928875525","2010","Greene","public","11","","","11","fracking","100","","11","","","11","fracking","100","","","","","","","","","","","","","","","","","","","","","","","","","","","","",""
"40.67657576-79.38413425---2005","https://mapsengine.google.com/06136759344167181854-15960346301379896183-4/wms/?version=1.3.0","40.676575761","-79.384134246","2005","Armstrong","final_internal","","3","","3","other","100","","","1","","1","other","100","","","","","","","","","","3","","3","other","100","","","","","","","","","","","","","","",""
"39.81225033-80.47160888---2008","https://mapsengine.google.com/06136759344167181854-00219351362547715467-4/wms/?version=1.3.0","39.8122503284","-80.4716088799","2008","Greene","first_internal","","3","","3","other","100","","","9","1","10","other","90","","","3","","3","other","100","","","","","","","","","","","","","","","","","","","","","",""
"41.77634138-78.1431398---2010","https://mapsengine.google.com/06136759344167181854-06191489742681286724-4/wms/?version=1.3.0","41.7763413787","-78.1431397982","2010","Potter","public","","9","1","10","other","90","","","9","1","10","other","90","","","","","","","","","","","","","","","","","","","","","","","","","","","","",""
"41.74666407-76.72999872---2008","https://mapsengine.google.com/06136759344167181854-00219351362547715467-4/wms/?version=1.3.0","41.7466640681","-76.7299987243","2008","Bradford","final_internal","","3","","3","other","100","","","1","","1","other","100","","","3","","3","other","100","","","3","","3","other","100","","","","","","","","","","","","","","",""
"40.34409047-79.08903244---2005","https://mapsengine.google.com/06136759344167181854-15960346301379896183-4/wms/?version=1.3.0","40.3440904657","-79.0890324422","2005","Westmoreland","final_internal","","3","","3","other","100","","","1","","1","other","100","","","","","","","","","","3","","3","other","100","","","","","","","","","","","","","","",""
"40.89221811-79.51103816---2010","https://mapsengine.google.com/06136759344167181854-06191489742681286724-4/wms/?version=1.3.0","40.8922181139","-79.5110381596","2010","Armstrong","sweeper_internal","","1","","1","other","100","","5","2","3","10","fracking","50","","","","","","","","","","","","","","","","","1","","1","other","100","","","","","","","",""
"41.759581-76.4636675---2010","https://mapsengine.google.com/06136759344167181854-06191489742681286724-4/wms/?version=1.3.0","41.759581","-76.4636675","2010","Bradford","first_internal","","3","","3","other","100","","","10","","10","other","100","","","3","","3","other","100","","","","","","","","","","","","","","","","","","","","","",""
"40.49437211-79.57498207---2010","https://mapsengine.google.com/06136759344167181854-06191489742681286724-4/wms/?version=1.3.0","40.4943721117","-79.5749820655","2010","Westmoreland","public","","10","","10","other","100","","","10","","10","other","100","","","","","","","","","","","","","","","","","","","","","","","","","","","","",""
"39.91839195-80.0480522---2008","https://mapsengine.google.com/06136759344167181854-00219351362547715467-4/wms/?version=1.3.0","39.918391947","-80.0480521989","2008","Greene","sweeper_internal","1","","","1","fracking","100","","5","2","3","10","fracking","50","","2","","1","3","fracking","66","","","","","","","","","1","","","1","fracking","100","","","","","","","",""
"39.90192055-80.14381596---2005","https://mapsengine.google.com/06136759344167181854-15960346301379896183-4/wms/?version=1.3.0","39.9019205455","-80.1438159617","2005","Greene","final_internal","","3","","3","other","100","","","1","","1","other","100","","","","","","","","","","3","","3","other","100","","","","","","","","","","","","","","",""
"41.63625731-76.34663924---2005","https://mapsengine.google.com/06136759344167181854-15960346301379896183-4/wms/?version=1.3.0","41.6362573148","-76.3466392439","2005","Bradford","final_internal","","3","","3","other","100","","","1","","1","other","100","","","3","","3","other","100","","","3","","3","other","100","","","","","","","","","","","","","","",""
"41.77641467-78.14061937---2005","https://mapsengine.google.com/06136759344167181854-15960346301379896183-4/wms/?version=1.3.0","41.7764146673","-78.1406193706","2005","Potter","final_internal","","3","","3","other","100","","","1","","1","other","100","","","","","","","","","","3","","3","other","100","","","","","","","","","","","","","","",""
"40.11628565-79.81637646---2008","https://mapsengine.google.com/06136759344167181854-00219351362547715467-4/wms/?version=1.3.0","40.1162856504","-79.8163764632","2008","Fayette","sweeper_internal","","1","","1","other","100","","2","5","3","10","other","50","","","3","","3","other","100","","","","","","","","","","1","","1","other","100","","","","","","","",""
"40.80377551-79.59939115---2010","https://mapsengine.google.com/06136759344167181854-06191489742681286724-4/wms/?version=1.3.0","40.8037755057","-79.5993911523","2010","Armstrong","public","1","12","","13","other","92","","1","12","","13","other","92","","","","","","","","","","","","","","","","","","","","","","","","","","","","",""
"39.84232645-79.97601513---2008","https://mapsengine.google.com/06136759344167181854-00219351362547715467-4/wms/?version=1.3.0","39.8423264515","-79.9760151328","2008","Greene","sweeper_internal","1","","","1","fracking","100","","4","5","1","10","other","50","","1","2","","3","other","66","","","","","","","","","1","","","1","fracking","100","","","","","","","",""
"40.24242586-79.7821916---2010","https://mapsengine.google.com/06136759344167181854-06191489742681286724-4/wms/?version=1.3.0","40.242425855","-79.7821915954","2010","Westmoreland","public","10","","","10","fracking","100","","10","","","10","fracking","100","","","","","","","","","","","","","","","","","","","","","","","","","","","","",""
"39.83082979-80.03992944---2008","https://mapsengine.google.com/06136759344167181854-00219351362547715467-4/wms/?version=1.3.0","39.8308297907","-80.0399294434","2008","Greene","first_internal","","3","","3","other","100","","","8","2","10","other","80","","","3","","3","other","100","","","","","","","","","","","","","","","","","","","","","",""
"40.18895662-79.93539539---2010","https://mapsengine.google.com/06136759344167181854-06191489742681286724-4/wms/?version=1.3.0","40.1889566239","-79.9353953941","2010","Washington","sweeper_internal","1","","","1","fracking","100","","6","2","2","10","fracking","60","","","","","","","","","","","","","","","","1","","","1","fracking","100","","","","","","","",""
"39.91100227-79.95345193---2010","https://mapsengine.google.com/06136759344167181854-06191489742681286724-4/wms/?version=1.3.0","39.9110022693","-79.9534519348","2010","Greene","public","11","","","11","fracking","100","","11","","","11","fracking","100","","","","","","","","","","","","","","","","","","","","","","","","","","","","",""
"41.6690127-76.09320586---2008","https://mapsengine.google.com/06136759344167181854-00219351362547715467-4/wms/?version=1.3.0","41.6690127","-76.0932058613","2008","Susquehanna","final_internal","","3","","3","other","100","","","1","","1","other","100","","","3","","3","other","100","","","3","","3","other","100","","","","","","","","","","","","","","",""
"40.5264644-79.20022788---2010","https://mapsengine.google.com/06136759344167181854-06191489742681286724-4/wms/?version=1.3.0","40.5264643993","-79.2002278783","2010","Indiana","public","1","10","","11","other","90","","1","10","","11","other","90","","","","","","","","","","","","","","","","","","","","","","","","","","","","",""
"41.62973057-76.17355578---2005","https://mapsengine.google.com/06136759344167181854-15960346301379896183-4/wms/?version=1.3.0","41.6297305669","-76.1735557836","2005","Wyoming","final_internal","","3","","3","other","100","","","1","","1","other","100","","","3","","3","other","100","","","3","","3","other","100","","","","","","","","","","","","","","",""
"41.31651338-77.14394711---2010","https://mapsengine.google.com/06136759344167181854-06191489742681286724-4/wms/?version=1.3.0","41.3165133764","-77.1439471101","2010","Lycoming","public","","13","","13","other","100","","","13","","13","other","100","","","","","","","","","","","","","","","","","","","","","","","","","","","","",""
"41.73869704-75.88543573---2010","https://mapsengine.google.com/06136759344167181854-06191489742681286724-4/wms/?version=1.3.0","41.7386970364","-75.885435729","2010","Susquehanna","sweeper_internal","1","","","1","fracking","100","","5","2","3","10","fracking","50","","2","","1","3","fracking","66","","","","","","","","","1","","","1","fracking","100","","","","","","","",""
"40.86079018-79.5031815---2010","https://mapsengine.google.com/06136759344167181854-06191489742681286724-4/wms/?version=1.3.0","40.8607901805","-79.5031814994","2010","Armstrong","sweeper_internal","","1","","1","other","100","","2","6","2","10","other","60","","","","","","","","","","","","","","","","","1","","1","other","100","","","","","","","",""
"41.76652283-76.84447454---2008","https://mapsengine.google.com/06136759344167181854-00219351362547715467-4/wms/?version=1.3.0","41.7665228347","-76.8444745372","2008","Bradford","final_internal","","3","","3","other","100","","","1","","1","other","100","","","3","","3","other","100","","","3","","3","other","100","","","","","","","","","","","","","","",""
"41.72514538-75.87006276---2010","https://mapsengine.google.com/06136759344167181854-06191489742681286724-4/wms/?version=1.3.0","41.72514538","-75.87006276","2010","Susquehanna","first_internal","","3","","3","other","100","","","11","","11","other","100","","","3","","3","other","100","","","","","","","","","","","","","","","","","","","","","",""
"39.82588817-79.98735097---2008","https://mapsengine.google.com/06136759344167181854-00219351362547715467-4/wms/?version=1.3.0","39.8258881734","-79.9873509706","2008","Greene","first_internal","","2","1","3","other","66","","","10","","10","other","100","","","2","1","3","other","66","","","","","","","","","","","","","","","","","","","","","",""
"41.88074069-76.35387122---2008","https://mapsengine.google.com/06136759344167181854-00219351362547715467-4/wms/?version=1.3.0","41.8807406881","-76.35387122","2008","Bradford","final_internal","","3","","3","other","100","","","1","","1","other","100","","","3","","3","other","100","","","3","","3","other","100","","","","","","","","","","","","","","",""
"39.97768513-79.99345068---2005","https://mapsengine.google.com/06136759344167181854-15960346301379896183-4/wms/?version=1.3.0","39.9776851254","-79.9934506836","2005","Fayette","sweeper_internal","","1","","1","other","100","","","","1","1","unknown","100","","","","","","","","","1","1","1","3","fracking|unknown|other","","33|33|33","","1","","1","other","100","","","","","","","",""
"41.76484705-77.12836394---2010","https://mapsengine.google.com/06136759344167181854-06191489742681286724-4/wms/?version=1.3.0","41.7648470457","-77.1283639396","2010","Tioga","sweeper_internal","1","","","1","fracking","100","","3","4","4","11","unknown|other","","36|36","","","","","","","","","","","","","","","1","","","1","fracking","100","","","","","","","",""
"41.87484876-76.3078248---2010","https://mapsengine.google.com/06136759344167181854-06191489742681286724-4/wms/?version=1.3.0","41.87484876","-76.3078248","2010","Bradford","first_internal","","3","","3","other","100","","","9","1","10","other","90","","","3","","3","other","100","","","","","","","","","","","","","","","","","","","","","",""
"41.29702445-77.30375054---2008","https://mapsengine.google.com/06136759344167181854-00219351362547715467-4/wms/?version=1.3.0","41.2970244481","-77.3037505385","2008","Lycoming","final_internal","","3","","3","other","100","","","1","","1","other","100","","","","","","","","","","3","","3","other","100","","","","","","","","","","","","","","",""
"39.9483079-79.83015436---2010","https://mapsengine.google.com/06136759344167181854-06191489742681286724-4/wms/?version=1.3.0","39.9483078981","-79.8301543637","2010","Fayette","public","10","","","10","fracking","100","","10","","","10","fracking","100","","","","","","","","","","","","","","","","","","","","","","","","","","","","",""
"41.47340387-78.92871218---2005","https://mapsengine.google.com/06136759344167181854-15960346301379896183-4/wms/?version=1.3.0","41.4734038746","-78.9287121807","2005","Elk","final_internal","","3","","3","other","100","","","1","","1","other","100","","","","","","","","","","3","","3","other","100","","","","","","","","","","","","","","",""
"41.73703004-76.08936158---2008","https://mapsengine.google.com/06136759344167181854-00219351362547715467-4/wms/?version=1.3.0","41.7370300365","-76.089361579","2008","Susquehanna","final_internal","","3","","3","other","100","","","1","","1","other","100","","","3","","3","other","100","","","3","","3","other","100","","","","","","","","","","","","","","",""
"41.41689393-78.26927174---2010","https://mapsengine.google.com/06136759344167181854-06191489742681286724-4/wms/?version=1.3.0","41.4168939306","-78.2692717426","2010","Cameron","sweeper_internal","","1","","1","other","100","","4","4","2","10","fracking|other","","40|40","","","","","","","","","","","","","","","","1","","1","other","100","","","","","","","",""
"41.82163926-76.89745085---2008","https://mapsengine.google.com/06136759344167181854-00219351362547715467-4/wms/?version=1.3.0","41.8216392576","-76.897450852","2008","Bradford","final_internal","","3","","3","other","100","","","1","","1","other","100","","","3","","3","other","100","","","3","","3","other","100","","","","","","","","","","","","","","",""
"41.75187144-76.83311403---2010","https://mapsengine.google.com/06136759344167181854-06191489742681286724-4/wms/?version=1.3.0","41.75187144","-76.83311403","2010","Bradford","first_internal","","3","","3","other","100","","","9","1","10","other","90","","","3","","3","other","100","","","","","","","","","","","","","","","","","","","","","",""
"39.92342812-80.00298078---2008","https://mapsengine.google.com/06136759344167181854-00219351362547715467-4/wms/?version=1.3.0","39.9234281239","-80.0029807838","2008","Greene","sweeper_internal","1","","","1","fracking","100","","5","2","3","10","fracking","50","","2","","1","3","fracking","66","","","","","","","","","1","","","1","fracking","100","","","","","","","",""
"41.77336065-76.66669739---2005","https://mapsengine.google.com/06136759344167181854-15960346301379896183-4/wms/?version=1.3.0","41.7733606475","-76.6666973869","2005","Bradford","final_internal","","3","","3","other","100","","","1","","1","other","100","","","3","","3","other","100","","","3","","3","other","100","","","","","","","","","","","","","","",""
"41.336962-77.15795152---2010","https://mapsengine.google.com/06136759344167181854-06191489742681286724-4/wms/?version=1.3.0","41.3369620016","-77.157951523","2010","Lycoming","public","9","1","1","11","fracking","81","","9","1","1","11","fracking","81","","","","","","","","","","","","","","","","","","","","","","","","","","","","",""
"41.29163735-78.61814721---2008","https://mapsengine.google.com/06136759344167181854-00219351362547715467-4/wms/?version=1.3.0","41.2916373462","-78.6181472099","2008","Elk","first_internal","","3","","3","other","100","","1","","","1","fracking","100","","","3","","3","other","100","","","","","","","","","","","","","","","","","","","","","",""
"41.28981989-78.91046164---2005","https://mapsengine.google.com/06136759344167181854-15960346301379896183-4/wms/?version=1.3.0","41.2898198858","-78.9104616371","2005","Jefferson","final_internal","","3","","3","other","100","","","1","","1","other","100","","","","","","","","","","3","","3","other","100","","","","","","","","","","","","","","",""
"40.24454452-80.2759329---2010","https://mapsengine.google.com/06136759344167181854-06191489742681286724-4/wms/?version=1.3.0","40.2445445186","-80.2759329002","2010","Washington","public","","9","1","10","other","90","","","9","1","10","other","90","","","","","","","","","","","","","","","","","","","","","","","","","","","","",""
"41.5484158-76.48295576---2008","https://mapsengine.google.com/06136759344167181854-00219351362547715467-4/wms/?version=1.3.0","41.5484157967","-76.4829557641","2008","Sullivan","final_internal","","3","","3","other","100","","","1","","1","other","100","","","3","","3","other","100","","","3","","3","other","100","","","","","","","","","","","","","","",""
"41.9635401-76.92987303---2010","https://mapsengine.google.com/06136759344167181854-06191489742681286724-4/wms/?version=1.3.0","41.9635401032","-76.9298730285","2010","Tioga","public","","12","","12","other","100","","","12","","12","other","100","","","","","","","","","","","","","","","","","","","","","","","","","","","","",""
"39.76894504-79.99269955---2010","https://mapsengine.google.com/06136759344167181854-06191489742681286724-4/wms/?version=1.3.0","39.7689450372","-79.9926995548","2010","Greene","public","","9","1","10","other","90","","","9","1","10","other","90","","","","","","","","","","","","","","","","","","","","","","","","","","","","",""
"41.73044059-75.87653407---2005","https://mapsengine.google.com/06136759344167181854-15960346301379896183-4/wms/?version=1.3.0","41.7304405893","-75.8765340696","2005","Susquehanna","final_internal","","3","","3","other","100","","","1","","1","other","100","","","3","","3","other","100","","","3","","3","other","100","","","","","","","","","","","","","","",""
"39.8620532-80.00475277---2008","https://mapsengine.google.com/06136759344167181854-00219351362547715467-4/wms/?version=1.3.0","39.8620531989","-80.0047527746","2008","Greene","first_internal","","3","","3","other","100","","","10","","10","other","100","","","3","","3","other","100","","","","","","","","","","","","","","","","","","","","","",""
"41.79038053-76.03339671---2008","https://mapsengine.google.com/06136759344167181854-00219351362547715467-4/wms/?version=1.3.0","41.7903805309","-76.0333967064","2008","Susquehanna","final_internal","","3","","3","other","100","","","1","","1","other","100","","","3","","3","other","100","","","3","","3","other","100","","","","","","","","","","","","","","",""
"41.73027708-75.94950329---2008","https://mapsengine.google.com/06136759344167181854-00219351362547715467-4/wms/?version=1.3.0","41.7302770838","-75.949503287","2008","Susquehanna","final_internal","","3","","3","other","100","","","1","","1","other","100","","","3","","3","other","100","","","3","","3","other","100","","","","","","","","","","","","","","",""
"40.92289333-79.58247848---2010","https://mapsengine.google.com/06136759344167181854-06191489742681286724-4/wms/?version=1.3.0","40.9228933348","-79.5824784756","2010","Armstrong","public","","10","","10","other","100","","","10","","10","other","100","","","","","","","","","","","","","","","","","","","","","","","","","","","","",""
"39.78178628-79.86225485---2008","https://mapsengine.google.com/06136759344167181854-00219351362547715467-4/wms/?version=1.3.0","39.7817862782","-79.8622548537","2008","Fayette","first_internal","","3","","3","other","100","","","6","","6","other","100","","","3","","3","other","100","","","","","","","","","","","","","","","","","","","","","",""
"41.72990792-77.16666818---2008","https://mapsengine.google.com/06136759344167181854-00219351362547715467-4/wms/?version=1.3.0","41.7299079242","-77.1666681816","2008","Tioga","final_internal","","3","","3","other","100","","","1","","1","other","100","","","","","","","","","","3","","3","other","100","","","","","","","","","","","","","","",""
"41.29818307-76.60649645---2010","https://mapsengine.google.com/06136759344167181854-06191489742681286724-4/wms/?version=1.3.0","41.2981830684","-76.6064964529","2010","Lycoming","public","9","2","","11","fracking","81","","9","2","","11","fracking","81","","","","","","","","","","","","","","","","","","","","","","","","","","","","",""
"41.54577072-77.08723544---2005","https://mapsengine.google.com/06136759344167181854-15960346301379896183-4/wms/?version=1.3.0","41.5457707169","-77.0872354396","2005","Lycoming","missing_internal","","1","","1","other","100","","","","","","fracking|unknown|other","","","","","","","","","","","","","","","","","","","","","","","","","1","","1","other","100",""
"39.91735359-80.08249809---2005","https://mapsengine.google.com/06136759344167181854-15960346301379896183-4/wms/?version=1.3.0","39.9173535862","-80.0824980861","2005","Greene","final_internal","","3","","3","other","100","","","1","","1","other","100","","","","","","","","","","3","","3","other","100","","","","","","","","","","","","","","",""
"41.78447654-76.36820085---2008","https://mapsengine.google.com/06136759344167181854-00219351362547715467-4/wms/?version=1.3.0","41.7844765352","-76.3682008516","2008","Bradford","final_internal","","3","","3","other","100","","","1","","1","other","100","","","3","","3","other","100","","","3","","3","other","100","","","","","","","","","","","","","","",""
"39.81754537-80.28588783---2010","https://mapsengine.google.com/06136759344167181854-06191489742681286724-4/wms/?version=1.3.0","39.8175453729","-80.2858878264","2010","Greene","public","9","","2","11","fracking","81","","9","","2","11","fracking","81","","","","","","","","","","","","","","","","","","","","","","","","","","","","",""
"41.74477873-75.92258543---2010","https://mapsengine.google.com/06136759344167181854-06191489742681286724-4/wms/?version=1.3.0","41.7447787291","-75.9225854281","2010","Susquehanna","sweeper_internal","","1","","1","other","100","","1","5","4","10","other","50","","","3","","3","other","100","","","","","","","","","","1","","1","other","100","","","","","","","",""
"41.71657379-75.87091507---2010","https://mapsengine.google.com/06136759344167181854-06191489742681286724-4/wms/?version=1.3.0","41.71657379","-75.87091507","2010","Susquehanna","first_internal","","3","","3","other","100","","","10","","10","other","100","","","3","","3","other","100","","","","","","","","","","","","","","","","","","","","","",""
"39.79639623-79.19255053---2008","https://mapsengine.google.com/06136759344167181854-00219351362547715467-4/wms/?version=1.3.0","39.7963962325","-79.1925505267","2008","Somerset","final_internal","","3","","3","other","100","","","2","","2","other","100","","","","","","","","","","3","","3","other","100","","","","","","","","","","","","","","",""
"39.93153646-79.84186157---2005","https://mapsengine.google.com/06136759344167181854-15960346301379896183-4/wms/?version=1.3.0","39.9315364561","-79.8418615705","2005","Fayette","sweeper_internal","","1","","1","other","100","","1","","","1","fracking","100","","","","","","","","","1","1","1","3","fracking|unknown|other","","33|33|33","","1","","1","other","100","","","","","","","",""
"41.71217695-75.89921423---2008","https://mapsengine.google.com/06136759344167181854-00219351362547715467-4/wms/?version=1.3.0","41.7121769516","-75.8992142261","2008","Susquehanna","final_internal","","3","","3","other","100","","","1","","1","other","100","","","3","","3","other","100","","","3","","3","other","100","","","","","","","","","","","","","","",""
"39.98956779-80.27607731---2005","https://mapsengine.google.com/06136759344167181854-15960346301379896183-4/wms/?version=1.3.0","39.989567794","-80.2760773125","2005","Greene","final_internal","","3","","3","other","100","","","1","","1","other","100","","","","","","","","","","3","","3","other","100","","","","","","","","","","","","","","",""
"41.41417429-78.26883662---2010","https://mapsengine.google.com/06136759344167181854-06191489742681286724-4/wms/?version=1.3.0","41.4141742924","-78.2688366196","2010","Cameron","sweeper_internal","","1","","1","other","100","","2","4","4","10","unknown|other","","40|40","","","","","","","","","","","","","","","","1","","1","other","100","","","","","","","",""
"39.90373937-79.95494818---2010","https://mapsengine.google.com/06136759344167181854-06191489742681286724-4/wms/?version=1.3.0","39.9037393728","-79.9549481795","2010","Greene","public","","9","1","10","other","90","","","9","1","10","other","90","","","","","","","","","","","","","","","","","","","","","","","","","","","","",""
"39.81480722-80.03870042---2010","https://mapsengine.google.com/06136759344167181854-06191489742681286724-4/wms/?version=1.3.0","39.8148072199","-80.0387004154","2010","Greene","public","10","","","10","fracking","100","","10","","","10","fracking","100","","","","","","","","","","","","","","","","","","","","","","","","","","","","",""
"41.69060148-77.57619937---2010","https://mapsengine.google.com/06136759344167181854-06191489742681286724-4/wms/?version=1.3.0","41.6906014764","-77.5761993675","2010","Tioga","public","11","","","11","fracking","100","","11","","","11","fracking","100","","","","","","","","","","","","","","","","","","","","","","","","","","","","",""
"40.75596784-80.02658966---2010","https://mapsengine.google.com/06136759344167181854-06191489742681286724-4/wms/?version=1.3.0","40.7559678402","-80.0265896569","2010","Butler","public","","19","","19","other","100","","","19","","19","other","100","","","","","","","","","","","","","","","","","","","","","","","","","","","","",""
"39.94408834-79.97212915---2010","https://mapsengine.google.com/06136759344167181854-06191489742681286724-4/wms/?version=1.3.0","39.9440883399","-79.972129149","2010","Greene","sweeper_internal","","1","","1","other","100","","6","2","2","10","fracking","60","","","","","","","","","","","","","","","","","1","","1","other","100","","","","","","","",""
"41.69794857-75.8398783---2010","https://mapsengine.google.com/06136759344167181854-06191489742681286724-4/wms/?version=1.3.0","41.6979485687","-75.8398783005","2010","Susquehanna","sweeper_internal","","1","","1","other","100","","3","5","4","12","other","41","","","","3","3","unknown","100","","","","","","","","","","1","","1","other","100","","","","","","","",""
"40.22650034-80.28031262---2005","https://mapsengine.google.com/06136759344167181854-15960346301379896183-4/wms/?version=1.3.0","40.2265003398","-80.2803126172","2005","Washington","final_internal","","3","","3","other","100","","","1","","1","other","100","","","","","","","","","","3","","3","other","100","","","","","","","","","","","","","","",""
"41.78013172-76.98585094---2008","https://mapsengine.google.com/06136759344167181854-00219351362547715467-4/wms/?version=1.3.0","41.7801317235","-76.9858509422","2008","Tioga","final_internal","","3","","3","other","100","","","1","","1","other","100","","","","","","","","","","3","","3","other","100","","","","","","","","","","","","","","",""
"40.88153494-79.72983217---2008","https://mapsengine.google.com/06136759344167181854-00219351362547715467-4/wms/?version=1.3.0","40.881534937","-79.7298321654","2008","Butler","first_internal","1","2","","3","other","66","","","2","","2","other","100","","1","2","","3","other","66","","","","","","","","","","","","","","","","","","","","","",""
"40.68462591-79.58817659---2008","https://mapsengine.google.com/06136759344167181854-00219351362547715467-4/wms/?version=1.3.0","40.684625907","-79.5881765876","2008","Armstrong","first_internal","2","1","","3","fracking","66","","4","1","1","6","fracking","66","","2","1","","3","fracking","66","","","","","","","","","","","","","","","","","","","","","",""
"41.68908081-76.35702621---2008","https://mapsengine.google.com/06136759344167181854-00219351362547715467-4/wms/?version=1.3.0","41.6890808105","-76.3570262128","2008","Bradford","final_internal","","3","","3","other","100","","","1","","1","other","100","","","3","","3","other","100","","","3","","3","other","100","","","","","","","","","","","","","","",""
"41.71771365-77.34593831---2008","https://mapsengine.google.com/06136759344167181854-00219351362547715467-4/wms/?version=1.3.0","41.7177136498","-77.3459383122","2008","Tioga","final_internal","","3","","3","other","100","","","1","","1","other","100","","","","","","","","","","3","","3","other","100","","","","","","","","","","","","","","",""
"41.72967876-75.90410229---2010","https://mapsengine.google.com/06136759344167181854-06191489742681286724-4/wms/?version=1.3.0","41.72967876","-75.90410229","2010","Susquehanna","first_internal","","3","","3","other","100","","","10","1","11","other","90","","","3","","3","other","100","","","","","","","","","","","","","","","","","","","","","",""
"41.78073165-76.35262548---2008","https://mapsengine.google.com/06136759344167181854-00219351362547715467-4/wms/?version=1.3.0","41.780731652","-76.3526254833","2008","Bradford","final_internal","","3","","3","other","100","","","1","","1","other","100","","","3","","3","other","100","","","3","","3","other","100","","","","","","","","","","","","","","",""
"41.76792781-77.15553828---2010","https://mapsengine.google.com/06136759344167181854-06191489742681286724-4/wms/?version=1.3.0","41.7679278057","-77.1555382845","2010","Tioga","public","","11","","11","other","100","","","11","","11","other","100","","","","","","","","","","","","","","","","","","","","","","","","","","","","",""
"41.93388554-75.46855058---2005","https://mapsengine.google.com/06136759344167181854-15960346301379896183-4/wms/?version=1.3.0","41.9338855426","-75.4685505822","2005","Wayne","missing_internal","","1","","1","other","100","","","","","","fracking|unknown|other","","","","3","","3","other","100","","","","","","","","","","","","","","","","","1","","1","other","100",""
"41.84953518-77.08694106---2008","https://mapsengine.google.com/06136759344167181854-00219351362547715467-4/wms/?version=1.3.0","41.8495351783","-77.0869410554","2008","Tioga","final_internal","","3","","3","other","100","","","1","","1","other","100","","","","","","","","","","3","","3","other","100","","","","","","","","","","","","","","",""
"39.86036972-80.03095488---2005","https://mapsengine.google.com/06136759344167181854-15960346301379896183-4/wms/?version=1.3.0","39.8603697162","-80.0309548758","2005","Greene","final_internal","1","","2","3","unknown","66","","1","","","1","fracking","100","","","","","","","","","1","","2","3","unknown","66","","","","","","","","","","","","","","",""
"40.82636601-80.05045786---2010","https://mapsengine.google.com/06136759344167181854-06191489742681286724-4/wms/?version=1.3.0","40.8263660072","-80.050457856","2010","Butler","public","30","","","30","fracking","100","","30","","","30","fracking","100","","","","","","","","","","","","","","","","","","","","","","","","","","","","",""
"41.74933987-76.80521993---2010","https://mapsengine.google.com/06136759344167181854-06191489742681286724-4/wms/?version=1.3.0","41.74933987","-76.80521993","2010","Bradford","first_internal","3","","","3","fracking","100","","10","","","10","fracking","100","","3","","","3","fracking","100","","","","","","","","","","","","","","","","","","","","","",""
"40.25125022-80.32357221---2010","https://mapsengine.google.com/06136759344167181854-06191489742681286724-4/wms/?version=1.3.0","40.2512502228","-80.3235722136","2010","Washington","public","8","","2","10","fracking","80","","8","","2","10","fracking","80","","","","","","","","","","","","","","","","","","","","","","","","","","","","",""
"41.11330845-79.73987267---2008","https://mapsengine.google.com/06136759344167181854-00219351362547715467-4/wms/?version=1.3.0","41.1133084511","-79.7398726733","2008","Butler","first_internal","3","","","3","fracking","100","","2","","","2","fracking","100","","3","","","3","fracking","100","","","","","","","","","","","","","","","","","","","","","",""
"41.4725088-78.91638845---2005","https://mapsengine.google.com/06136759344167181854-15960346301379896183-4/wms/?version=1.3.0","41.4725088047","-78.9163884481","2005","Elk","final_internal","","3","","3","other","100","","","1","","1","other","100","","","","","","","","","","3","","3","other","100","","","","","","","","","","","","","","",""
"39.95227674-80.09892007---2010","https://mapsengine.google.com/06136759344167181854-06191489742681286724-4/wms/?version=1.3.0","39.9522767387","-80.0989200707","2010","Greene","public","11","","","11","fracking","100","","11","","","11","fracking","100","","","","","","","","","","","","","","","","","","","","","","","","","","","","",""
"41.70610061-77.55529107---2008","https://mapsengine.google.com/06136759344167181854-00219351362547715467-4/wms/?version=1.3.0","41.7061006067","-77.5552910654","2008","Tioga","final_internal","","3","","3","other","100","","","1","","1","other","100","","","","","","","","","","3","","3","other","100","","","","","","","","","","","","","","",""
"40.79408705-79.488004---2010","https://mapsengine.google.com/06136759344167181854-06191489742681286724-4/wms/?version=1.3.0","40.7940870471","-79.4880040029","2010","Armstrong","public","","13","","13","other","100","","","13","","13","other","100","","","","","","","","","","","","","","","","","","","","","","","","","","","","",""
"41.72794184-76.83728511---2008","https://mapsengine.google.com/06136759344167181854-00219351362547715467-4/wms/?version=1.3.0","41.7279418417","-76.8372851077","2008","Bradford","final_internal","","3","","3","other","100","","","1","","1","other","100","","","3","","3","other","100","","","3","","3","other","100","","","","","","","","","","","","","","",""
"40.2258679-80.37965173---2010","https://mapsengine.google.com/06136759344167181854-06191489742681286724-4/wms/?version=1.3.0","40.2258679021","-80.3796517326","2010","Washington","public","9","","1","10","fracking","90","","9","","1","10","fracking","90","","","","","","","","","","","","","","","","","","","","","","","","","","","","",""
"41.13667106-79.74474035---2005","https://mapsengine.google.com/06136759344167181854-15960346301379896183-4/wms/?version=1.3.0","41.1366710626","-79.7447403513","2005","Butler","final_internal","","3","","3","other","100","","","1","","1","other","100","","","","","","","","","","3","","3","other","100","","","","","","","","","","","","","","",""
"40.02492495-80.03624261---2010","https://mapsengine.google.com/06136759344167181854-06191489742681286724-4/wms/?version=1.3.0","40.0249249545","-80.0362426117","2010","Washington","sweeper_internal","","1","","1","other","100","","1","7","2","10","other","70","","","","","","","","","","","","","","","","","1","","1","other","100","","","","","","","",""
"41.71693891-75.88719477---2005","https://mapsengine.google.com/06136759344167181854-15960346301379896183-4/wms/?version=1.3.0","41.7169389066","-75.8871947687","2005","Susquehanna","final_internal","","3","","3","other","100","","","1","","1","other","100","","","3","","3","other","100","","","3","","3","other","100","","","","","","","","","","","","","","",""
"39.922933-79.96758457---2005","https://mapsengine.google.com/06136759344167181854-15960346301379896183-4/wms/?version=1.3.0","39.9229329981","-79.9675845691","2005","Greene","final_internal","","3","","3","other","100","","","1","","1","other","100","","","","","","","","","","3","","3","other","100","","","","","","","","","","","","","","",""
"41.87364883-75.89331003---2008","https://mapsengine.google.com/06136759344167181854-00219351362547715467-4/wms/?version=1.3.0","41.8736488332","-75.8933100252","2008","Susquehanna","final_internal","","3","","3","other","100","","","1","","1","other","100","","","3","","3","other","100","","","3","","3","other","100","","","","","","","","","","","","","","",""
"40.8704946-79.56870151---2010","https://mapsengine.google.com/06136759344167181854-06191489742681286724-4/wms/?version=1.3.0","40.8704946038","-79.5687015056","2010","Armstrong","public","","10","","10","other","100","","","10","","10","other","100","","","","","","","","","","","","","","","","","","","","","","","","","","","","",""
"41.6776594-75.91359135---2010","https://mapsengine.google.com/06136759344167181854-06191489742681286724-4/wms/?version=1.3.0","41.6776594","-75.91359135","2010","Susquehanna","first_internal","","3","","3","other","100","","","12","","12","other","100","","","3","","3","other","100","","","","","","","","","","","","","","","","","","","","","",""
"39.91830994-80.00358621---2005","https://mapsengine.google.com/06136759344167181854-15960346301379896183-4/wms/?version=1.3.0","39.9183099437","-80.0035862135","2005","Greene","final_internal","","3","","3","other","100","","","","1","1","unknown","100","","","","","","","","","","3","","3","other","100","","","","","","","","","","","","","","",""
"40.69452699-78.91548403---2010","https://mapsengine.google.com/06136759344167181854-06191489742681286724-4/wms/?version=1.3.0","40.6945269927","-78.9154840344","2010","Indiana","sweeper_internal","1","","","1","fracking","100","","14","1","13","28","fracking","50","","","","","","","","","","","","","","","","1","","","1","fracking","100","","","","","","","",""
"41.97133285-75.88012794---2005","https://mapsengine.google.com/06136759344167181854-15960346301379896183-4/wms/?version=1.3.0","41.9713328485","-75.880127937","2005","Susquehanna","final_internal","","3","","3","other","100","","","1","","1","other","100","","","3","","3","other","100","","","3","","3","other","100","","","","","","","","","","","","","","",""
"41.69431913-77.11968935---2010","https://mapsengine.google.com/06136759344167181854-06191489742681286724-4/wms/?version=1.3.0","41.6943191296","-77.1196893479","2010","Tioga","public","12","","","12","fracking","100","","12","","","12","fracking","100","","","","","","","","","","","","","","","","","","","","","","","","","","","","",""
"39.80037259-80.00789876---2008","https://mapsengine.google.com/06136759344167181854-00219351362547715467-4/wms/?version=1.3.0","39.8003725939","-80.0078987599","2008","Greene","sweeper_internal","","1","","1","other","100","","1","7","2","10","other","70","","","3","","3","other","100","","","","","","","","","","1","","1","other","100","","","","","","","",""
"39.76907112-79.88424532---2010","https://mapsengine.google.com/06136759344167181854-06191489742681286724-4/wms/?version=1.3.0","39.7690711177","-79.8842453238","2010","Fayette","public","","11","1","12","other","91","","","11","1","12","other","91","","","","","","","","","","","","","","","","","","","","","","","","","","","","",""
"41.86210716-76.06162281---2005","https://mapsengine.google.com/06136759344167181854-15960346301379896183-4/wms/?version=1.3.0","41.8621071629","-76.0616228121","2005","Susquehanna","final_internal","","3","","3","other","100","","1","","","1","fracking","100","","","3","","3","other","100","","","3","","3","other","100","","","","","","","","","","","","","","",""
"40.80057731-79.55225356---2010","https://mapsengine.google.com/06136759344167181854-06191489742681286724-4/wms/?version=1.3.0","40.8005773095","-79.5522535636","2010","Armstrong","public","","10","","10","other","100","","","10","","10","other","100","","","","","","","","","","","","","","","","","","","","","","","","","","","","",""
"40.45390771-80.34476233---2010","https://mapsengine.google.com/06136759344167181854-06191489742681286724-4/wms/?version=1.3.0","40.4539077098","-80.344762332","2010","Washington","public","9","","1","10","fracking","90","","9","","1","10","fracking","90","","","","","","","","","","","","","","","","","","","","","","","","","","","","",""
"39.94571135-80.02917144---2008","https://mapsengine.google.com/06136759344167181854-00219351362547715467-4/wms/?version=1.3.0","39.9457113548","-80.0291714441","2008","Greene","sweeper_internal","","1","","1","other","100","","5","5","","10","fracking|other","","50|50","","3","","3","other","100","","","","","","","","","","1","","1","other","100","","","","","","","",""
"39.9031922-80.00235587---2008","https://mapsengine.google.com/06136759344167181854-00219351362547715467-4/wms/?version=1.3.0","39.9031922001","-80.0023558721","2008","Greene","first_internal","","3","","3","other","100","","2","8","","10","other","80","","","3","","3","other","100","","","","","","","","","","","","","","","","","","","","","",""
"40.99863522-79.44749652---2010","https://mapsengine.google.com/06136759344167181854-06191489742681286724-4/wms/?version=1.3.0","40.9986352165","-79.4474965212","2010","Clarion","public","10","","","10","fracking","100","","10","","","10","fracking","100","","","","","","","","","","","","","","","","","","","","","","","","","","","","",""
"41.09488198-77.95370889---2008","https://mapsengine.google.com/06136759344167181854-00219351362547715467-4/wms/?version=1.3.0","41.0948819765","-77.9537088927","2008","Centre","final_internal","","3","","3","other","100","","","1","","1","other","100","","","","","","","","","","3","","3","other","100","","","","","","","","","","","","","","",""
"40.8341115-79.67303741---2010","https://mapsengine.google.com/06136759344167181854-06191489742681286724-4/wms/?version=1.3.0","40.8341115037","-79.6730374056","2010","Armstrong","public","9","","1","10","fracking","90","","9","","1","10","fracking","90","","","","","","","","","","","","","","","","","","","","","","","","","","","","",""
"40.87937257-79.5155739---2008","https://mapsengine.google.com/06136759344167181854-00219351362547715467-4/wms/?version=1.3.0","40.8793725728","-79.5155739042","2008","Armstrong","sweeper_internal","","1","","1","other","100","","","3","3","6","unknown|other","","50|50","1","1","1","3","fracking|unknown|other","","33|33|33","","","","","","","","","1","","1","other","100","","","","","","","",""
"41.72433422-75.88238662---2005","https://mapsengine.google.com/06136759344167181854-15960346301379896183-4/wms/?version=1.3.0","41.7243342189","-75.8823866201","2005","Susquehanna","final_internal","","4","","4","other","100","","","1","","1","other","100","","","3","","3","other","100","","","4","","4","other","100","","","","","","","","","","","","","","",""
"41.72166688-76.05203492---2008","https://mapsengine.google.com/06136759344167181854-00219351362547715467-4/wms/?version=1.3.0","41.7216668823","-76.0520349167","2008","Susquehanna","final_internal","1","2","","3","other","66","","","1","","1","other","100","","","3","","3","other","100","","1","2","","3","other","66","","","","","","","","","","","","","","",""
"41.89614251-77.38000292---2010","https://mapsengine.google.com/06136759344167181854-06191489742681286724-4/wms/?version=1.3.0","41.8961425137","-77.3800029202","2010","Tioga","sweeper_internal","","1","","1","other","100","","4","3","5","12","unknown","41","","","","","","","","","","","","","","","","","1","","1","other","100","","","","","","","",""
"39.80723177-80.01133759---2008","https://mapsengine.google.com/06136759344167181854-00219351362547715467-4/wms/?version=1.3.0","39.8072317724","-80.0113375934","2008","Greene","first_internal","","2","1","3","other","66","","","8","2","10","other","80","","","2","1","3","other","66","","","","","","","","","","","","","","","","","","","","","",""
"39.93774125-79.95799137---2008","https://mapsengine.google.com/06136759344167181854-00219351362547715467-4/wms/?version=1.3.0","39.9377412535","-79.9579913665","2008","Greene","sweeper_internal","1","","","1","fracking","100","","7","","3","10","fracking","70","","3","","","3","fracking","100","","","","","","","","","1","","","1","fracking","100","","","","","","","",""
"39.98538634-80.28686351---2008","https://mapsengine.google.com/06136759344167181854-00219351362547715467-4/wms/?version=1.3.0","39.9853863436","-80.286863506","2008","Greene","sweeper_internal","","1","","1","other","100","","2","3","5","10","unknown","50","","1","2","","3","other","66","","","","","","","","","","1","","1","other","100","","","","","","","",""
"40.52682842-79.20484445---2010","https://mapsengine.google.com/06136759344167181854-06191489742681286724-4/wms/?version=1.3.0","40.5268284176","-79.2048444513","2010","Indiana","sweeper_internal","","1","","1","other","100","","5","18","7","30","other","60","","","","","","","","","","","","","","","","","1","","1","other","100","","","","","","","",""
"40.86457573-79.49333721---2005","https://mapsengine.google.com/06136759344167181854-15960346301379896183-4/wms/?version=1.3.0","40.8645757267","-79.4933372132","2005","Armstrong","final_internal","","3","","3","other","100","","","1","","1","other","100","","","","","","","","","","3","","3","other","100","","","","","","","","","","","","","","",""
"40.18353-79.71716089---2010","https://mapsengine.google.com/06136759344167181854-06191489742681286724-4/wms/?version=1.3.0","40.1835299969","-79.7171608881","2010","Westmoreland","public","","13","","13","other","100","","","13","","13","other","100","","","","","","","","","","","","","","","","","","","","","","","","","","","","",""
"41.71553863-77.39602913---2005","https://mapsengine.google.com/06136759344167181854-15960346301379896183-4/wms/?version=1.3.0","41.7155386285","-77.3960291273","2005","Tioga","missing_internal","","1","","1","other","100","","","","","","fracking|unknown|other","","","","","","","","","","","","","","","","","","","","","","","","","1","","1","other","100",""
"39.84639585-80.07635259---2010","https://mapsengine.google.com/06136759344167181854-06191489742681286724-4/wms/?version=1.3.0","39.8463958508","-80.0763525892","2010","Greene","public","","10","","10","other","100","","","10","","10","other","100","","","","","","","","","","","","","","","","","","","","","","","","","","","","",""
"40.15559873-79.74516296---2005","https://mapsengine.google.com/06136759344167181854-15960346301379896183-4/wms/?version=1.3.0","40.155598732","-79.745162958","2005","Westmoreland","final_internal","","3","","3","other","100","","","1","","1","other","100","","","","","","","","","","3","","3","other","100","","","","","","","","","","","","","","",""
"41.30273798-76.61856761---2010","https://mapsengine.google.com/06136759344167181854-06191489742681286724-4/wms/?version=1.3.0","41.3027379796","-76.6185676111","2010","Lycoming","public","","11","","11","other","100","","","11","","11","other","100","","","","","","","","","","","","","","","","","","","","","","","","","","","","",""
"39.97351147-80.06840812---2005","https://mapsengine.google.com/06136759344167181854-15960346301379896183-4/wms/?version=1.3.0","39.97351147","-80.0684081161","2005","Greene","final_internal","","3","","3","other","100","","","1","","1","other","100","","","","","","","","","","3","","3","other","100","","","","","","","","","","","","","","",""
"41.76888688-75.93580192---2005","https://mapsengine.google.com/06136759344167181854-15960346301379896183-4/wms/?version=1.3.0","41.7688868844","-75.9358019158","2005","Susquehanna","final_internal","","3","","3","other","100","","","1","","1","other","100","","","3","","3","other","100","","","3","","3","other","100","","","","","","","","","","","","","","",""
"41.72564777-76.19988383---2008","https://mapsengine.google.com/06136759344167181854-00219351362547715467-4/wms/?version=1.3.0","41.7256477719","-76.1998838255","2008","Bradford","final_internal","","3","","3","other","100","","","1","","1","other","100","","","3","","3","other","100","","","3","","3","other","100","","","","","","","","","","","","","","",""
"41.62053852-76.83164391---2005","https://mapsengine.google.com/06136759344167181854-15960346301379896183-4/wms/?version=1.3.0","41.6205385221","-76.8316439106","2005","Bradford","final_internal","","3","","3","other","100","","","1","","1","other","100","","","3","","3","other","100","","","3","","3","other","100","","","","","","","","","","","","","","",""
"41.76560201-76.53717826---2010","https://mapsengine.google.com/06136759344167181854-06191489742681286724-4/wms/?version=1.3.0","41.7656020074","-76.5371782611","2010","Bradford","sweeper_internal","","1","","1","other","100","","2","5","3","10","other","50","","","2","1","3","other","66","","","","","","","","","","1","","1","other","100","","","","","","","",""
"41.55731233-76.47378453---2010","https://mapsengine.google.com/06136759344167181854-06191489742681286724-4/wms/?version=1.3.0","41.55731233","-76.47378453","2010","Sullivan","first_internal","","3","","3","other","100","","","12","","12","other","100","","","3","","3","other","100","","","","","","","","","","","","","","","","","","","","","",""
"41.73295347-77.1650121---2010","https://mapsengine.google.com/06136759344167181854-06191489742681286724-4/wms/?version=1.3.0","41.7329534687","-77.1650121002","2010","Tioga","sweeper_internal","","1","","1","other","100","","1","7","3","11","other","63","","","","","","","","","","","","","","","","","1","","1","other","100","","","","","","","",""
"39.91452498-79.9648556---2010","https://mapsengine.google.com/06136759344167181854-06191489742681286724-4/wms/?version=1.3.0","39.9145249825","-79.964855596","2010","Greene","sweeper_internal","","1","","1","other","100","","2","6","2","10","other","60","","","","","","","","","","","","","","","","","1","","1","other","100","","","","","","","",""
"41.09131229-77.95594466---2010","https://mapsengine.google.com/06136759344167181854-06191489742681286724-4/wms/?version=1.3.0","41.0913122889","-77.9559446621","2010","Centre","public","10","","1","11","fracking","90","","10","","1","11","fracking","90","","","","","","","","","","","","","","","","","","","","","","","","","","","","",""
"40.72991131-79.61672714---2005","https://mapsengine.google.com/06136759344167181854-15960346301379896183-4/wms/?version=1.3.0","40.7299113071","-79.616727144","2005","Armstrong","final_internal","","3","","3","other","100","","","1","","1","other","100","","","","","","","","","","3","","3","other","100","","","","","","","","","","","","","","",""
"40.11596728-79.79921287---2008","https://mapsengine.google.com/06136759344167181854-00219351362547715467-4/wms/?version=1.3.0","40.1159672787","-79.7992128684","2008","Fayette","first_internal","","3","","3","other","100","","1","3","2","6","other","50","","","3","","3","other","100","","","","","","","","","","","","","","","","","","","","","",""
"41.72888041-75.90359605---2008","https://mapsengine.google.com/06136759344167181854-00219351362547715467-4/wms/?version=1.3.0","41.7288804104","-75.9035960487","2008","Susquehanna","final_internal","","3","","3","other","100","","","1","","1","other","100","","","3","","3","other","100","","","3","","3","other","100","","","","","","","","","","","","","","",""
"41.70035762-76.74089883---2005","https://mapsengine.google.com/06136759344167181854-15960346301379896183-4/wms/?version=1.3.0","41.700357622","-76.7408988338","2005","Bradford","final_internal","","3","","3","other","100","","","1","","1","other","100","","","3","","3","other","100","","","3","","3","other","100","","","","","","","","","","","","","","",""
"41.47548061-78.91620383---2010","https://mapsengine.google.com/06136759344167181854-06191489742681286724-4/wms/?version=1.3.0","41.4754806084","-78.9162038261","2010","Elk","public","","14","","14","other","100","","","14","","14","other","100","","","","","","","","","","","","","","","","","","","","","","","","","","","","",""
"41.87756876-75.89248014---2008","https://mapsengine.google.com/06136759344167181854-00219351362547715467-4/wms/?version=1.3.0","41.8775687641","-75.8924801382","2008","Susquehanna","final_internal","","3","","3","other","100","","","1","","1","other","100","","","3","","3","other","100","","","3","","3","other","100","","","","","","","","","","","","","","",""
"41.69728064-75.86750818---2010","https://mapsengine.google.com/06136759344167181854-06191489742681286724-4/wms/?version=1.3.0","41.69728064","-75.86750818","2010","Susquehanna","sweeper_internal","","1","","1","other","100","","2","6","2","10","other","60","","1","2","1","4","other","50","","","","","","","","","","1","","1","other","100","","","","","","","",""
"39.94371768-79.84211155---2005","https://mapsengine.google.com/06136759344167181854-15960346301379896183-4/wms/?version=1.3.0","39.9437176847","-79.8421115486","2005","Fayette","final_internal","","3","","3","other","100","","","1","","1","other","100","","","","","","","","","","3","","3","other","100","","","","","","","","","","","","","","",""
"40.35477711-80.28065228---2010","https://mapsengine.google.com/06136759344167181854-06191489742681286724-4/wms/?version=1.3.0","40.3547771055","-80.2806522756","2010","Washington","public","10","","","10","fracking","100","","10","","","10","fracking","100","","","","","","","","","","","","","","","","","","","","","","","","","","","","",""
"40.65037698-79.38355722---2010","https://mapsengine.google.com/06136759344167181854-06191489742681286724-4/wms/?version=1.3.0","40.6503769797","-79.3835572238","2010","Armstrong","public","","10","","10","other","100","","","10","","10","other","100","","","","","","","","","","","","","","","","","","","","","","","","","","","","",""
"41.69862795-77.29253457---2010","https://mapsengine.google.com/06136759344167181854-06191489742681286724-4/wms/?version=1.3.0","41.6986279454","-77.2925345717","2010","Tioga","public","","9","2","11","other","81","","","9","2","11","other","81","","","","","","","","","","","","","","","","","","","","","","","","","","","","",""
"40.4458533-79.0780235---2010","https://mapsengine.google.com/06136759344167181854-06191489742681286724-4/wms/?version=1.3.0","40.445853298","-79.0780235007","2010","Indiana","public","29","","","29","fracking","100","","29","","","29","fracking","100","","","","","","","","","","","","","","","","","","","","","","","","","","","","",""
"40.7298798-79.61666362---2008","https://mapsengine.google.com/06136759344167181854-00219351362547715467-4/wms/?version=1.3.0","40.7298798031","-79.6166636242","2008","Armstrong","first_internal","","3","","3","other","100","","","7","","7","other","100","","","3","","3","other","100","","","","","","","","","","","","","","","","","","","","","",""
"40.20715526-80.3676438---2008","https://mapsengine.google.com/06136759344167181854-00219351362547715467-4/wms/?version=1.3.0","40.2071552617","-80.3676437956","2008","Washington","first_internal","2","","1","3","fracking","66","","8","1","1","10","fracking","80","","2","","1","3","fracking","66","","","","","","","","","","","","","","","","","","","","","",""
"41.72761532-76.69505661---2008","https://mapsengine.google.com/06136759344167181854-00219351362547715467-4/wms/?version=1.3.0","41.7276153201","-76.6950566064","2008","Bradford","final_internal","","3","","3","other","100","","","1","","1","other","100","","","3","","3","other","100","","","3","","3","other","100","","","","","","","","","","","","","","",""
"41.04252607-78.08458033---2010","https://mapsengine.google.com/06136759344167181854-06191489742681286724-4/wms/?version=1.3.0","41.0425260661","-78.0845803276","2010","Clearfield","public","28","","2","30","fracking","93","","28","","2","30","fracking","93","","","","","","","","","","","","","","","","","","","","","","","","","","","","",""
"41.79091609-76.59058484---2010","https://mapsengine.google.com/06136759344167181854-06191489742681286724-4/wms/?version=1.3.0","41.79091609","-76.59058484","2010","Bradford","first_internal","","3","","3","other","100","","","10","","10","other","100","","","3","","3","other","100","","","","","","","","","","","","","","","","","","","","","",""
"41.63431758-76.41961353---2008","https://mapsengine.google.com/06136759344167181854-00219351362547715467-4/wms/?version=1.3.0","41.6343175827","-76.4196135251","2008","Bradford","final_internal","","3","","3","other","100","","","1","","1","other","100","","","3","","3","other","100","","","3","","3","other","100","","","","","","","","","","","","","","",""
"41.71701527-76.18958372---2008","https://mapsengine.google.com/06136759344167181854-00219351362547715467-4/wms/?version=1.3.0","41.7170152725","-76.1895837181","2008","Bradford","final_internal","","3","","3","other","100","","","1","","1","other","100","","","3","","3","other","100","","","3","","3","other","100","","","","","","","","","","","","","","",""
"41.00083698-78.85745405---2010","https://mapsengine.google.com/06136759344167181854-06191489742681286724-4/wms/?version=1.3.0","41.0008369826","-78.8574540473","2010","Jefferson","public","10","","","10","fracking","100","","10","","","10","fracking","100","","","","","","","","","","","","","","","","","","","","","","","","","","","","",""
"39.97719157-79.99750841---2008","https://mapsengine.google.com/06136759344167181854-00219351362547715467-4/wms/?version=1.3.0","39.9771915666","-79.9975084103","2008","Fayette","sweeper_internal","","1","","1","other","100","","1","7","2","10","other","70","","","3","","3","other","100","","","","","","","","","","1","","1","other","100","","","","","","","",""
"41.28500582-76.33406295---2005","https://mapsengine.google.com/06136759344167181854-15960346301379896183-4/wms/?version=1.3.0","41.285005815","-76.3340629514","2005","Columbia","final_internal","","3","","3","other","100","","","1","","1","other","100","","","3","","3","other","100","","","3","","3","other","100","","","","","","","","","","","","","","",""
"39.91488498-79.98947787---2010","https://mapsengine.google.com/06136759344167181854-06191489742681286724-4/wms/?version=1.3.0","39.9148849814","-79.9894778701","2010","Greene","sweeper_internal","","1","","1","other","100","","4","6","","10","other","60","","","","","","","","","","","","","","","","","1","","1","other","100","","","","","","","",""
"40.10991285-80.06081467---2005","https://mapsengine.google.com/06136759344167181854-15960346301379896183-4/wms/?version=1.3.0","40.1099128454","-80.0608146672","2005","Washington","final_internal","","3","","3","other","100","","","1","","1","other","100","","","","","","","","","","3","","3","other","100","","","","","","","","","","","","","","",""
"41.84628601-76.91158884---2008","https://mapsengine.google.com/06136759344167181854-00219351362547715467-4/wms/?version=1.3.0","41.8462860097","-76.9115888396","2008","Tioga","final_internal","","3","","3","other","100","","","1","","1","other","100","","","","","","","","","","3","","3","other","100","","","","","","","","","","","","","","",""
"41.80726231-76.95279023---2010","https://mapsengine.google.com/06136759344167181854-06191489742681286724-4/wms/?version=1.3.0","41.8072623111","-76.9527902333","2010","Tioga","public","","10","1","11","other","90","","","10","1","11","other","90","","","","","","","","","","","","","","","","","","","","","","","","","","","","",""
"41.72552409-77.40672586---2010","https://mapsengine.google.com/06136759344167181854-06191489742681286724-4/wms/?version=1.3.0","41.7255240885","-77.4067258588","2010","Tioga","sweeper_internal","1","","","1","fracking","100","","6","","6","12","fracking|unknown","","50|50","","","","","","","","","","","","","","","1","","","1","fracking","100","","","","","","","",""
"41.59576072-76.84911465---2008","https://mapsengine.google.com/06136759344167181854-00219351362547715467-4/wms/?version=1.3.0","41.5957607187","-76.8491146514","2008","Lycoming","final_internal","","3","","3","other","100","","1","","","1","fracking","100","","","","","","","","","","3","","3","other","100","","","","","","","","","","","","","","",""
"40.75263345-79.50939015---2010","https://mapsengine.google.com/06136759344167181854-06191489742681286724-4/wms/?version=1.3.0","40.7526334496","-79.5093901501","2010","Armstrong","sweeper_internal","","1","","1","other","100","","3","4","3","10","other","40","","","","","","","","","","","","","","","","","1","","1","other","100","","","","","","","",""
"41.85955546-77.00348812---2010","https://mapsengine.google.com/06136759344167181854-06191489742681286724-4/wms/?version=1.3.0","41.8595554609","-77.0034881203","2010","Tioga","public","","11","","11","other","100","","","11","","11","other","100","","","","","","","","","","","","","","","","","","","","","","","","","","","","",""
"41.70826504-75.92296155---2010","https://mapsengine.google.com/06136759344167181854-06191489742681286724-4/wms/?version=1.3.0","41.70826504","-75.92296155","2010","Susquehanna","first_internal","","3","","3","other","100","","","9","1","10","other","90","","","3","","3","other","100","","","","","","","","","","","","","","","","","","","","","",""
"40.15570513-79.74838084---2010","https://mapsengine.google.com/06136759344167181854-06191489742681286724-4/wms/?version=1.3.0","40.1557051347","-79.7483808369","2010","Westmoreland","public","10","","","10","fracking","100","","10","","","10","fracking","100","","","","","","","","","","","","","","","","","","","","","","","","","","","","",""
"41.9342001-75.46706148---2010","https://mapsengine.google.com/06136759344167181854-06191489742681286724-4/wms/?version=1.3.0","41.9342001","-75.46706148","2010","Wayne","first_internal","","3","","3","other","100","","","10","2","12","other","83","","","3","","3","other","100","","","","","","","","","","","","","","","","","","","","","",""
"41.80844295-76.5709516---2008","https://mapsengine.google.com/06136759344167181854-00219351362547715467-4/wms/?version=1.3.0","41.8084429481","-76.5709515985","2008","Bradford","final_internal","","3","","3","other","100","","","1","","1","other","100","","","3","","3","other","100","","","3","","3","other","100","","","","","","","","","","","","","","",""
"39.91102681-79.86444427---2005","https://mapsengine.google.com/06136759344167181854-15960346301379896183-4/wms/?version=1.3.0","39.9110268147","-79.864444271","2005","Fayette","final_internal","","3","","3","other","100","","","1","","1","other","100","","","","","","","","","","3","","3","other","100","","","","","","","","","","","","","","",""
"39.93598819-79.84192205---2010","https://mapsengine.google.com/06136759344167181854-06191489742681286724-4/wms/?version=1.3.0","39.935988195","-79.8419220528","2010","Fayette","sweeper_internal","","1","","1","other","100","","3","5","2","10","other","50","","","","","","","","","","","","","","","","","1","","1","other","100","","","","","","","",""
"41.86869405-76.0632175---2010","https://mapsengine.google.com/06136759344167181854-06191489742681286724-4/wms/?version=1.3.0","41.86869405","-76.0632175","2010","Susquehanna","first_internal","","3","","3","other","100","","","11","1","12","other","91","","","3","","3","other","100","","","","","","","","","","","","","","","","","","","","","",""
"41.74966348-75.87445131---2008","https://mapsengine.google.com/06136759344167181854-00219351362547715467-4/wms/?version=1.3.0","41.74966348","-75.87445131","2008","Susquehanna","sweeper_internal","1","","","1","fracking","100","","1","","","1","fracking","100","","1","1","1","3","fracking|unknown|other","","33|33|33","3","","","3","fracking","100","","1","","","1","fracking","100","","","","","","","",""
"41.83617315-76.9657956---2008","https://mapsengine.google.com/06136759344167181854-00219351362547715467-4/wms/?version=1.3.0","41.8361731512","-76.9657955992","2008","Tioga","final_internal","","3","","3","other","100","","","1","","1","other","100","","","","","","","","","","3","","3","other","100","","","","","","","","","","","","","","",""
"41.71552366-77.39588977---2010","https://mapsengine.google.com/06136759344167181854-06191489742681286724-4/wms/?version=1.3.0","41.7155236641","-77.3958897729","2010","Tioga","public","","11","","11","other","100","","","11","","11","other","100","","","","","","","","","","","","","","","","","","","","","","","","","","","","",""
"41.10311266-78.96898993---2010","https://mapsengine.google.com/06136759344167181854-06191489742681286724-4/wms/?version=1.3.0","41.1031126632","-78.9689899261","2010","Jefferson","public","","10","","10","other","100","","","10","","10","other","100","","","","","","","","","","","","","","","","","","","","","","","","","","","","",""
"41.97173854-75.88108151---2010","https://mapsengine.google.com/06136759344167181854-06191489742681286724-4/wms/?version=1.3.0","41.97173854","-75.88108151","2010","Susquehanna","first_internal","","3","","3","other","100","","","10","1","11","other","90","","","3","","3","other","100","","","","","","","","","","","","","","","","","","","","","",""
"41.04155467-79.34494647---2005","https://mapsengine.google.com/06136759344167181854-15960346301379896183-4/wms/?version=1.3.0","41.0415546702","-79.3449464672","2005","Clarion","final_internal","","3","","3","other","100","","","1","","1","other","100","","","","","","","","","","3","","3","other","100","","","","","","","","","","","","","","",""
"41.67310254-77.3438734---2010","https://mapsengine.google.com/06136759344167181854-06191489742681286724-4/wms/?version=1.3.0","41.6731025355","-77.3438734002","2010","Tioga","public","","11","","11","other","100","","","11","","11","other","100","","","","","","","","","","","","","","","","","","","","","","","","","","","","",""
"39.76773772-80.00426081---2010","https://mapsengine.google.com/06136759344167181854-06191489742681286724-4/wms/?version=1.3.0","39.7677377167","-80.0042608115","2010","Greene","public","10","","","10","fracking","100","","10","","","10","fracking","100","","","","","","","","","","","","","","","","","","","","","","","","","","","","",""
"41.67550262-75.85832792---2005","https://mapsengine.google.com/06136759344167181854-15960346301379896183-4/wms/?version=1.3.0","41.6755026213","-75.8583279156","2005","Susquehanna","final_internal","","3","","3","other","100","","","1","","1","other","100","","","3","","3","other","100","","","3","","3","other","100","","","","","","","","","","","","","","",""
"41.74941146-75.92348158---2010","https://mapsengine.google.com/06136759344167181854-06191489742681286724-4/wms/?version=1.3.0","41.74941146","-75.92348158","2010","Susquehanna","first_internal","","3","","3","other","100","","","10","","10","other","100","","","3","","3","other","100","","","","","","","","","","","","","","","","","","","","","",""
"41.89379265-75.93187108---2008","https://mapsengine.google.com/06136759344167181854-00219351362547715467-4/wms/?version=1.3.0","41.8937926513","-75.9318710799","2008","Susquehanna","final_internal","","3","","3","other","100","","","1","","1","other","100","","","3","","3","other","100","","","3","","3","other","100","","","","","","","","","","","","","","",""
"40.24914991-80.27196349---2010","https://mapsengine.google.com/06136759344167181854-06191489742681286724-4/wms/?version=1.3.0","40.2491499101","-80.2719634852","2010","Washington","public","","10","","10","other","100","","","10","","10","other","100","","","","","","","","","","","","","","","","","","","","","","","","","","","","",""
"41.7322556-75.87254204---2010","https://mapsengine.google.com/06136759344167181854-06191489742681286724-4/wms/?version=1.3.0","41.7322556","-75.87254204","2010","Susquehanna","first_internal","","3","","3","other","100","","","11","","11","other","100","","","3","","3","other","100","","","","","","","","","","","","","","","","","","","","","",""
"40.00975219-79.63225161---2010","https://mapsengine.google.com/06136759344167181854-06191489742681286724-4/wms/?version=1.3.0","40.0097521908","-79.6322516053","2010","Fayette","public","10","","","10","fracking","100","","10","","","10","fracking","100","","","","","","","","","","","","","","","","","","","","","","","","","","","","",""
"41.76646587-76.81516705---2010","https://mapsengine.google.com/06136759344167181854-06191489742681286724-4/wms/?version=1.3.0","41.76646587","-76.81516705","2010","Bradford","first_internal","","3","","3","other","100","","1","11","","12","other","91","","","3","","3","other","100","","","","","","","","","","","","","","","","","","","","","",""
"41.92097594-75.80642121---2010","https://mapsengine.google.com/06136759344167181854-06191489742681286724-4/wms/?version=1.3.0","41.92097594","-75.80642121","2010","Susquehanna","first_internal","","3","","3","other","100","","","10","","10","other","100","","","3","","3","other","100","","","","","","","","","","","","","","","","","","","","","",""
"40.67998586-79.74015196---2005","https://mapsengine.google.com/06136759344167181854-15960346301379896183-4/wms/?version=1.3.0","40.6799858617","-79.7401519639","2005","Butler","final_internal","","3","","3","other","100","","","1","","1","other","100","","","","","","","","","","3","","3","other","100","","","","","","","","","","","","","","",""
"41.92116407-75.81925118---2010","https://mapsengine.google.com/06136759344167181854-06191489742681286724-4/wms/?version=1.3.0","41.92116407","-75.81925118","2010","Susquehanna","first_internal","","3","","3","other","100","","","10","","10","other","100","","","3","","3","other","100","","","","","","","","","","","","","","","","","","","","","",""
"39.82356262-80.49923725---2008","https://mapsengine.google.com/06136759344167181854-00219351362547715467-4/wms/?version=1.3.0","39.8235626238","-80.4992372548","2008","Greene","first_internal","","3","","3","other","100","","","10","","10","other","100","","","3","","3","other","100","","","","","","","","","","","","","","","","","","","","","",""
"41.80025426-77.24846903---2008","https://mapsengine.google.com/06136759344167181854-00219351362547715467-4/wms/?version=1.3.0","41.8002542619","-77.2484690306","2008","Tioga","final_internal","","3","","3","other","100","","","1","","1","other","100","","","","","","","","","","3","","3","other","100","","","","","","","","","","","","","","",""
"40.2797649-80.47662275---2010","https://mapsengine.google.com/06136759344167181854-06191489742681286724-4/wms/?version=1.3.0","40.2797648953","-80.4766227505","2010","Washington","public","8","","2","10","fracking","80","","8","","2","10","fracking","80","","","","","","","","","","","","","","","","","","","","","","","","","","","","",""
"41.73640506-76.0289572---2005","https://mapsengine.google.com/06136759344167181854-15960346301379896183-4/wms/?version=1.3.0","41.736405056","-76.0289572012","2005","Susquehanna","final_internal","","3","","3","other","100","","","1","","1","other","100","","","3","","3","other","100","","","3","","3","other","100","","","","","","","","","","","","","","",""
"41.28906242-79.48874812---2008","https://mapsengine.google.com/06136759344167181854-00219351362547715467-4/wms/?version=1.3.0","41.289062425","-79.4887481151","2008","Clarion","sweeper_internal","","1","","1","other","100","","","7","3","10","other","70","","","3","","3","other","100","","","","","","","","","","1","","1","other","100","","","","","","","",""
"41.61528194-77.87558073---2010","https://mapsengine.google.com/06136759344167181854-06191489742681286724-4/wms/?version=1.3.0","41.6152819356","-77.8755807258","2010","Potter","public","8","","2","10","fracking","80","","8","","2","10","fracking","80","","","","","","","","","","","","","","","","","","","","","","","","","","","","",""
"41.89125318-75.40534593---2005","https://mapsengine.google.com/06136759344167181854-15960346301379896183-4/wms/?version=1.3.0","41.8912531784","-75.4053459338","2005","Wayne","missing_internal","","1","","1","other","100","","","","","","fracking|unknown|other","","","","3","","3","other","100","","","","","","","","","","","","","","","","","1","","1","other","100",""
"39.88840842-80.29414286---2008","https://mapsengine.google.com/06136759344167181854-00219351362547715467-4/wms/?version=1.3.0","39.8884084231","-80.2941428609","2008","Greene","sweeper_internal","1","","","1","fracking","100","","6","1","3","10","fracking","60","","3","","","3","fracking","100","","","","","","","","","1","","","1","fracking","100","","","","","","","",""
"40.36131127-78.56387417---2008","https://mapsengine.google.com/06136759344167181854-00219351362547715467-4/wms/?version=1.3.0","40.3613112694","-78.563874168","2008","Blair","first_internal","","3","","3","other","100","","","6","","6","other","100","","","3","","3","other","100","","","","","","","","","","","","","","","","","","","","","",""
"40.00089979-80.27790253---2010","https://mapsengine.google.com/06136759344167181854-06191489742681286724-4/wms/?version=1.3.0","40.0008997859","-80.2779025316","2010","Greene","sweeper_internal","","1","","1","other","100","","3","4","3","10","other","40","","","","","","","","","","","","","","","","","1","","1","other","100","","","","","","","",""
"41.9065913-76.92469196---2010","https://mapsengine.google.com/06136759344167181854-06191489742681286724-4/wms/?version=1.3.0","41.9065913032","-76.9246919633","2010","Tioga","sweeper_internal","1","","","1","fracking","100","","7","2","1","10","fracking","70","","","","","","","","","","","","","","","","1","","","1","fracking","100","","","","","","","",""
"41.71950891-76.063166---2010","https://mapsengine.google.com/06136759344167181854-06191489742681286724-4/wms/?version=1.3.0","41.7195089093","-76.0631659956","2010","Susquehanna","sweeper_internal","","1","","1","other","100","","3","5","3","11","other","45","","1","1","1","3","fracking|unknown|other","","33|33|33","","","","","","","","","1","","1","other","100","","","","","","","",""
"40.28309633-80.32343828---2008","https://mapsengine.google.com/06136759344167181854-00219351362547715467-4/wms/?version=1.3.0","40.2830963263","-80.323438278","2008","Washington","first_internal","","3","","3","other","100","","","8","","8","other","100","","","3","","3","other","100","","","","","","","","","","","","","","","","","","","","","",""
"41.67862831-75.87808164---2010","https://mapsengine.google.com/06136759344167181854-06191489742681286724-4/wms/?version=1.3.0","41.6786283115","-75.8780816447","2010","Susquehanna","sweeper_internal","","1","","1","other","100","","7","","6","13","fracking","53","","","2","1","3","other","66","","","","","","","","","","1","","1","other","100","","","","","","","",""
"41.28012187-76.32502689---2010","https://mapsengine.google.com/06136759344167181854-06191489742681286724-4/wms/?version=1.3.0","41.28012187","-76.32502689","2010","Columbia","first_internal","","3","","3","other","100","","","10","","10","other","100","","","3","","3","other","100","","","","","","","","","","","","","","","","","","","","","",""
"39.9561783-80.09729239---2010","https://mapsengine.google.com/06136759344167181854-06191489742681286724-4/wms/?version=1.3.0","39.9561783036","-80.0972923929","2010","Greene","public","","10","","10","other","100","","","10","","10","other","100","","","","","","","","","","","","","","","","","","","","","","","","","","","","",""
"40.76513657-79.74368118---2010","https://mapsengine.google.com/06136759344167181854-06191489742681286724-4/wms/?version=1.3.0","40.7651365666","-79.7436811776","2010","Butler","sweeper_internal","","1","","1","other","100","","3","7","3","13","other","53","","","","","","","","","","","","","","","","","1","","1","other","100","","","","","","","",""
"41.7120755-75.88707884---2010","https://mapsengine.google.com/06136759344167181854-06191489742681286724-4/wms/?version=1.3.0","41.7120754959","-75.8870788356","2010","Susquehanna","sweeper_internal","","1","","1","other","100","","8","1","2","11","fracking","72","","3","","","3","fracking","100","","","","","","","","","","1","","1","other","100","","","","","","","",""
"40.18494079-79.72988901---2005","https://mapsengine.google.com/06136759344167181854-15960346301379896183-4/wms/?version=1.3.0","40.184940785","-79.7298890087","2005","Westmoreland","final_internal","","3","","3","other","100","","","1","","1","other","100","","","","","","","","","","3","","3","other","100","","","","","","","","","","","","","","",""
"41.70613907-76.806037---2008","https://mapsengine.google.com/06136759344167181854-00219351362547715467-4/wms/?version=1.3.0","41.7061390662","-76.8060369985","2008","Bradford","final_internal","","3","","3","other","100","","","1","","1","other","100","","","3","","3","other","100","","","3","","3","other","100","","","","","","","","","","","","","","",""
"40.12009931-80.21618633---2010","https://mapsengine.google.com/06136759344167181854-06191489742681286724-4/wms/?version=1.3.0","40.1200993075","-80.2161863306","2010","Washington","sweeper_internal","","1","","1","other","100","","3","3","4","10","unknown","40","","","","","","","","","","","","","","","","","1","","1","other","100","","","","","","","",""
"41.46537504-76.40113165---2010","https://mapsengine.google.com/06136759344167181854-06191489742681286724-4/wms/?version=1.3.0","41.46537504","-76.40113165","2010","Sullivan","first_internal","","3","","3","other","100","","2","9","","11","other","81","","","3","","3","other","100","","","","","","","","","","","","","","","","","","","","","",""
"41.88268889-76.81968117---2010","https://mapsengine.google.com/06136759344167181854-06191489742681286724-4/wms/?version=1.3.0","41.882688891","-76.8196811718","2010","Bradford","sweeper_internal","","1","","1","other","100","","2","6","2","10","other","60","","","3","","3","other","100","","","","","","","","","","1","","1","other","100","","","","","","","",""
"41.67613213-75.87414006---2010","https://mapsengine.google.com/06136759344167181854-06191489742681286724-4/wms/?version=1.3.0","41.67613213","-75.87414006","2010","Susquehanna","first_internal","","3","","3","other","100","","","10","","10","other","100","","","3","","3","other","100","","","","","","","","","","","","","","","","","","","","","",""
"41.96706742-77.02712147---2010","https://mapsengine.google.com/06136759344167181854-06191489742681286724-4/wms/?version=1.3.0","41.9670674201","-77.0271214654","2010","Tioga","public","","9","2","11","other","81","","","9","2","11","other","81","","","","","","","","","","","","","","","","","","","","","","","","","","","","",""
"41.9340949-75.46693774---2008","https://mapsengine.google.com/06136759344167181854-00219351362547715467-4/wms/?version=1.3.0","41.9340949025","-75.4669377374","2008","Wayne","final_internal","","3","","3","other","100","","","1","","1","other","100","","","3","","3","other","100","","","3","","3","other","100","","","","","","","","","","","","","","",""
"40.50850014-79.55304155---2008","https://mapsengine.google.com/06136759344167181854-00219351362547715467-4/wms/?version=1.3.0","40.5085001379","-79.5530415479","2008","Westmoreland","first_internal","","3","","3","other","100","","","1","","1","other","100","","","3","","3","other","100","","","","","","","","","","","","","","","","","","","","","",""
"41.72882679-75.90357374---2005","https://mapsengine.google.com/06136759344167181854-15960346301379896183-4/wms/?version=1.3.0","41.7288267901","-75.9035737385","2005","Susquehanna","final_internal","","3","","3","other","100","","","1","","1","other","100","","","3","","3","other","100","","","3","","3","other","100","","","","","","","","","","","","","","",""
"41.79517297-76.98136291---2005","https://mapsengine.google.com/06136759344167181854-15960346301379896183-4/wms/?version=1.3.0","41.7951729722","-76.9813629077","2005","Tioga","missing_internal","","1","","1","other","100","","","","","","fracking|unknown|other","","","","","","","","","","","","","","","","","","","","","","","","","1","","1","other","100",""
"40.20561655-80.38962881---2008","https://mapsengine.google.com/06136759344167181854-00219351362547715467-4/wms/?version=1.3.0","40.2056165468","-80.3896288101","2008","Washington","first_internal","","3","","3","other","100","","","10","","10","other","100","","","3","","3","other","100","","","","","","","","","","","","","","","","","","","","","",""
"41.46070307-76.92516967---2008","https://mapsengine.google.com/06136759344167181854-00219351362547715467-4/wms/?version=1.3.0","41.4607030704","-76.9251696672","2008","Lycoming","final_internal","","3","","3","other","100","","","1","","1","other","100","","","","","","","","","","3","","3","other","100","","","","","","","","","","","","","","",""
"41.72654739-75.90861422---2005","https://mapsengine.google.com/06136759344167181854-15960346301379896183-4/wms/?version=1.3.0","41.726547392","-75.9086142226","2005","Susquehanna","final_internal","","3","","3","other","100","","","1","","1","other","100","","","3","","3","other","100","","","3","","3","other","100","","","","","","","","","","","","","","",""
"41.29860984-76.60594763---2010","https://mapsengine.google.com/06136759344167181854-06191489742681286724-4/wms/?version=1.3.0","41.2986098421","-76.6059476311","2010","Lycoming","sweeper_internal","1","","","1","fracking","100","","7","2","1","10","fracking","70","","","","","","","","","","","","","","","","1","","","1","fracking","100","","","","","","","",""
"41.7231317-76.81515741---2010","https://mapsengine.google.com/06136759344167181854-06191489742681286724-4/wms/?version=1.3.0","41.7231317","-76.81515741","2010","Bradford","first_internal","","3","","3","other","100","","","9","1","10","other","90","","","3","","3","other","100","","","","","","","","","","","","","","","","","","","","","",""
"40.85334415-79.51381474---2005","https://mapsengine.google.com/06136759344167181854-15960346301379896183-4/wms/?version=1.3.0","40.8533441486","-79.5138147388","2005","Armstrong","final_internal","","3","","3","other","100","","","1","","1","other","100","","","","","","","","","","3","","3","other","100","","","","","","","","","","","","","","",""
"39.93375439-79.96748961---2010","https://mapsengine.google.com/06136759344167181854-06191489742681286724-4/wms/?version=1.3.0","39.933754394","-79.9674896052","2010","Greene","sweeper_internal","","1","","1","other","100","","3","5","2","10","other","50","","","","","","","","","","","","","","","","","1","","1","other","100","","","","","","","",""
"41.72371109-75.90774414---2010","https://mapsengine.google.com/06136759344167181854-06191489742681286724-4/wms/?version=1.3.0","41.72371109","-75.90774414","2010","Susquehanna","first_internal","","3","","3","other","100","","","9","1","10","other","90","","","3","","3","other","100","","","","","","","","","","","","","","","","","","","","","",""
"41.73161311-75.87539015---2008","https://mapsengine.google.com/06136759344167181854-00219351362547715467-4/wms/?version=1.3.0","41.7316131102","-75.8753901461","2008","Susquehanna","final_internal","","3","","3","other","100","","","","1","1","unknown","100","","","3","","3","other","100","","","3","","3","other","100","","","","","","","","","","","","","","",""
"41.66959561-76.45815114---2005","https://mapsengine.google.com/06136759344167181854-15960346301379896183-4/wms/?version=1.3.0","41.6695956096","-76.458151142","2005","Bradford","final_internal","","3","","3","other","100","","","1","","1","other","100","","","3","","3","other","100","","","3","","3","other","100","","","","","","","","","","","","","","",""
"39.80081078-79.86997122---2005","https://mapsengine.google.com/06136759344167181854-15960346301379896183-4/wms/?version=1.3.0","39.8008107774","-79.8699712228","2005","Fayette","final_internal","","2","1","3","other","66","","1","","","1","fracking","100","","","","","","","","","","2","1","3","other","66","","","","","","","","","","","","","","",""
"39.90473527-79.81807572---2008","https://mapsengine.google.com/06136759344167181854-00219351362547715467-4/wms/?version=1.3.0","39.9047352691","-79.8180757168","2008","Fayette","first_internal","","3","","3","other","100","","","6","","6","other","100","","","3","","3","other","100","","","","","","","","","","","","","","","","","","","","","",""
"41.5898595-77.09274598---2005","https://mapsengine.google.com/06136759344167181854-15960346301379896183-4/wms/?version=1.3.0","41.5898594964","-77.0927459752","2005","Tioga","missing_internal","","1","","1","other","100","","","","","","fracking|unknown|other","","","","","","","","","","","","","","","","","","","","","","","","","1","","1","other","100",""
"40.67321403-79.75705399---2005","https://mapsengine.google.com/06136759344167181854-15960346301379896183-4/wms/?version=1.3.0","40.6732140314","-79.7570539867","2005","Butler","final_internal","","3","","3","other","100","","","1","","1","other","100","","","","","","","","","","3","","3","other","100","","","","","","","","","","","","","","",""
"41.63939853-76.3862369---2005","https://mapsengine.google.com/06136759344167181854-15960346301379896183-4/wms/?version=1.3.0","41.6393985315","-76.3862368951","2005","Bradford","final_internal","","3","","3","other","100","","1","","","1","fracking","100","","","3","","3","other","100","","","3","","3","other","100","","","","","","","","","","","","","","",""
"41.99266378-77.05226639---2005","https://mapsengine.google.com/06136759344167181854-15960346301379896183-4/wms/?version=1.3.0","41.9926637831","-77.0522663913","2005","Tioga","missing_internal","","1","","1","other","100","","","","","","fracking|unknown|other","","","","","","","","","","","","","","","","","","","","","","","","","1","","1","other","100",""
"40.45539981-80.34270366---2010","https://mapsengine.google.com/06136759344167181854-06191489742681286724-4/wms/?version=1.3.0","40.4553998128","-80.3427036636","2010","Washington","public","","10","","10","other","100","","","10","","10","other","100","","","","","","","","","","","","","","","","","","","","","","","","","","","","",""
"40.63784876-79.01878077---2008","https://mapsengine.google.com/06136759344167181854-00219351362547715467-4/wms/?version=1.3.0","40.6378487562","-79.0187807656","2008","Indiana","first_internal","","3","","3","other","100","","","2","","2","other","100","","","3","","3","other","100","","","","","","","","","","","","","","","","","","","","","",""
"41.73037481-75.94870624---2008","https://mapsengine.google.com/06136759344167181854-00219351362547715467-4/wms/?version=1.3.0","41.7303748139","-75.948706244","2008","Susquehanna","final_internal","","4","","4","other","100","","","1","","1","other","100","","","3","","3","other","100","","","4","","4","other","100","","","","","","","","","","","","","","",""
"41.74825043-76.8556189---2008","https://mapsengine.google.com/06136759344167181854-00219351362547715467-4/wms/?version=1.3.0","41.7482504267","-76.8556189001","2008","Bradford","final_internal","","3","","3","other","100","","","1","","1","other","100","","","3","","3","other","100","","","3","","3","other","100","","","","","","","","","","","","","","",""
"40.20554657-80.39283835---2010","https://mapsengine.google.com/06136759344167181854-06191489742681286724-4/wms/?version=1.3.0","40.2055465743","-80.392838355","2010","Washington","public","","10","","10","other","100","","","10","","10","other","100","","","","","","","","","","","","","","","","","","","","","","","","","","","","",""
"40.75384676-79.79452857---2005","https://mapsengine.google.com/06136759344167181854-15960346301379896183-4/wms/?version=1.3.0","40.7538467578","-79.794528568","2005","Butler","final_internal","","3","","3","other","100","","","1","","1","other","100","","","","","","","","","","3","","3","other","100","","","","","","","","","","","","","","",""
"41.65643748-76.02721365---2008","https://mapsengine.google.com/06136759344167181854-00219351362547715467-4/wms/?version=1.3.0","41.6564374756","-76.027213645","2008","Susquehanna","final_internal","","3","","3","other","100","","","1","","1","other","100","","","3","","3","other","100","","","3","","3","other","100","","","","","","","","","","","","","","",""
"41.07189595-77.97454744---2010","https://mapsengine.google.com/06136759344167181854-06191489742681286724-4/wms/?version=1.3.0","41.0718959514","-77.9745474441","2010","Centre","public","","12","","12","other","100","","","12","","12","other","100","","","","","","","","","","","","","","","","","","","","","","","","","","","","",""
"41.75366292-76.13757298---2005","https://mapsengine.google.com/06136759344167181854-15960346301379896183-4/wms/?version=1.3.0","41.7536629206","-76.1375729761","2005","Bradford","final_internal","","3","","3","other","100","","","1","","1","other","100","","","3","","3","other","100","","","3","","3","other","100","","","","","","","","","","","","","","",""
"41.70517949-75.65552086---2005","https://mapsengine.google.com/06136759344167181854-15960346301379896183-4/wms/?version=1.3.0","41.7051794918","-75.6555208608","2005","Susquehanna","final_internal","","3","","3","other","100","","","1","","1","other","100","","","3","","3","other","100","","","3","","3","other","100","","","","","","","","","","","","","","",""
"41.54659042-76.43297762---2005","https://mapsengine.google.com/06136759344167181854-15960346301379896183-4/wms/?version=1.3.0","41.5465904221","-76.4329776165","2005","Sullivan","final_internal","","3","","3","other","100","","","1","","1","other","100","","","3","","3","other","100","","","3","","3","other","100","","","","","","","","","","","","","","",""
"41.61594421-76.97711899---2005","https://mapsengine.google.com/06136759344167181854-15960346301379896183-4/wms/?version=1.3.0","41.6159442108","-76.9771189928","2005","Tioga","final_internal","","3","","3","other","100","","","1","","1","other","100","","","","","","","","","","3","","3","other","100","","","","","","","","","","","","","","",""
"41.26084391-76.58337179---2008","https://mapsengine.google.com/06136759344167181854-00219351362547715467-4/wms/?version=1.3.0","41.2608439082","-76.5833717878","2008","Lycoming","final_internal","","3","","3","other","100","","","1","","1","other","100","","","","","","","","","","3","","3","other","100","","","","","","","","","","","","","","",""
"41.98896614-77.01765735---2008","https://mapsengine.google.com/06136759344167181854-00219351362547715467-4/wms/?version=1.3.0","41.9889661403","-77.0176573481","2008","Tioga","final_internal","","3","","3","other","100","","","1","","1","other","100","","","","","","","","","","3","","3","other","100","","","","","","","","","","","","","","",""
"40.32582182-79.48642138---2010","https://mapsengine.google.com/06136759344167181854-06191489742681286724-4/wms/?version=1.3.0","40.3258218216","-79.4864213798","2010","Westmoreland","public","","9","1","10","other","90","","","9","1","10","other","90","","","","","","","","","","","","","","","","","","","","","","","","","","","","",""
"40.864328-79.57364242---2010","https://mapsengine.google.com/06136759344167181854-06191489742681286724-4/wms/?version=1.3.0","40.8643279995","-79.5736424235","2010","Armstrong","public","","10","","10","other","100","","","10","","10","other","100","","","","","","","","","","","","","","","","","","","","","","","","","","","","",""
"39.81512083-80.01090053---2008","https://mapsengine.google.com/06136759344167181854-00219351362547715467-4/wms/?version=1.3.0","39.8151208315","-80.0109005341","2008","Greene","first_internal","","3","","3","other","100","","","9","1","10","other","90","","","3","","3","other","100","","","","","","","","","","","","","","","","","","","","","",""
"39.80755118-79.96516347---2005","https://mapsengine.google.com/06136759344167181854-15960346301379896183-4/wms/?version=1.3.0","39.807551177","-79.9651634732","2005","Greene","final_internal","","3","","3","other","100","","","1","","1","other","100","","","","","","","","","","3","","3","other","100","","","","","","","","","","","","","","",""
"41.72368586-76.27130822---2005","https://mapsengine.google.com/06136759344167181854-15960346301379896183-4/wms/?version=1.3.0","41.7236858593","-76.2713082196","2005","Bradford","final_internal","","3","","3","other","100","","","1","","1","other","100","","","3","","3","other","100","","","3","","3","other","100","","","","","","","","","","","","","","",""
"41.9747077-75.89051623---2010","https://mapsengine.google.com/06136759344167181854-06191489742681286724-4/wms/?version=1.3.0","41.9747077","-75.89051623","2010","Susquehanna","first_internal","","3","","3","other","100","","","9","2","11","other","81","","","3","","3","other","100","","","","","","","","","","","","","","","","","","","","","",""
"41.94862326-76.89692443---2010","https://mapsengine.google.com/06136759344167181854-06191489742681286724-4/wms/?version=1.3.0","41.94862326","-76.89692443","2010","Bradford","first_internal","","3","","3","other","100","","","14","","14","other","100","","","3","","3","other","100","","","","","","","","","","","","","","","","","","","","","",""
"40.3756026-79.47476239---2010","https://mapsengine.google.com/06136759344167181854-06191489742681286724-4/wms/?version=1.3.0","40.3756025958","-79.4747623895","2010","Westmoreland","public","","10","","10","other","100","","","10","","10","other","100","","","","","","","","","","","","","","","","","","","","","","","","","","","","",""
"41.52813905-76.35612899---2010","https://mapsengine.google.com/06136759344167181854-06191489742681286724-4/wms/?version=1.3.0","41.52813905","-76.35612899","2010","Sullivan","first_internal","","3","","3","other","100","","","9","1","10","other","90","","","3","","3","other","100","","","","","","","","","","","","","","","","","","","","","",""
"41.641664-78.36656862---2010","https://mapsengine.google.com/06136759344167181854-06191489742681286724-4/wms/?version=1.3.0","41.641664004","-78.3665686224","2010","McKean","public","10","","","10","fracking","100","","10","","","10","fracking","100","","","","","","","","","","","","","","","","","","","","","","","","","","","","",""
"40.18922165-79.73869357---2008","https://mapsengine.google.com/06136759344167181854-00219351362547715467-4/wms/?version=1.3.0","40.1892216527","-79.7386935665","2008","Westmoreland","final_internal","","3","","3","other","100","","","1","","1","other","100","","","","","","","","","","3","","3","other","100","","","","","","","","","","","","","","",""
"41.41412872-78.27145555---2010","https://mapsengine.google.com/06136759344167181854-06191489742681286724-4/wms/?version=1.3.0","41.4141287159","-78.2714555458","2010","Cameron","sweeper_internal","1","","","1","fracking","100","","4","4","2","10","fracking|other","","40|40","","","","","","","","","","","","","","","1","","","1","fracking","100","","","","","","","",""
"41.13495004-79.75137703---2005","https://mapsengine.google.com/06136759344167181854-15960346301379896183-4/wms/?version=1.3.0","41.1349500443","-79.7513770344","2005","Butler","final_internal","","3","","3","other","100","","","1","","1","other","100","","","","","","","","","","3","","3","other","100","","","","","","","","","","","","","","",""
"41.63276903-76.15876577---2010","https://mapsengine.google.com/06136759344167181854-06191489742681286724-4/wms/?version=1.3.0","41.63276903","-76.15876577","2010","Wyoming","first_internal","","3","","3","other","100","","","10","","10","other","100","","","3","","3","other","100","","","","","","","","","","","","","","","","","","","","","",""
"41.6922013-75.87209225---2010","https://mapsengine.google.com/06136759344167181854-06191489742681286724-4/wms/?version=1.3.0","41.6922013","-75.87209225","2010","Susquehanna","first_internal","","4","","4","other","100","","1","9","","10","other","90","","","4","","4","other","100","","","","","","","","","","","","","","","","","","","","","",""
"40.28783339-80.29756473---2010","https://mapsengine.google.com/06136759344167181854-06191489742681286724-4/wms/?version=1.3.0","40.2878333919","-80.2975647327","2010","Washington","public","","10","","10","other","100","","","10","","10","other","100","","","","","","","","","","","","","","","","","","","","","","","","","","","","",""
"41.89157364-76.10789644---2008","https://mapsengine.google.com/06136759344167181854-00219351362547715467-4/wms/?version=1.3.0","41.8915736383","-76.1078964365","2008","Susquehanna","final_internal","","3","","3","other","100","","","1","","1","other","100","","","3","","3","other","100","","","3","","3","other","100","","","","","","","","","","","","","","",""
"39.93965374-78.89703843---2008","https://mapsengine.google.com/06136759344167181854-00219351362547715467-4/wms/?version=1.3.0","39.9396537395","-78.8970384271","2008","Somerset","final_internal","","4","","4","other","100","","1","1","","2","fracking|other","","50|50","","","","","","","","","4","","4","other","100","","","","","","","","","","","","","","",""
"39.88386223-80.04715867---2010","https://mapsengine.google.com/06136759344167181854-06191489742681286724-4/wms/?version=1.3.0","39.8838622344","-80.0471586655","2010","Greene","sweeper_internal","","1","","1","other","100","","2","7","1","10","other","70","","","","","","","","","","","","","","","","","1","","1","other","100","","","","","","","",""
"40.24519438-80.33937354---2008","https://mapsengine.google.com/06136759344167181854-00219351362547715467-4/wms/?version=1.3.0","40.24519438","-80.3393735448","2008","Washington","first_internal","","3","","3","other","100","","","10","","10","other","100","","","3","","3","other","100","","","","","","","","","","","","","","","","","","","","","",""
"39.83359723-79.99056827---2008","https://mapsengine.google.com/06136759344167181854-00219351362547715467-4/wms/?version=1.3.0","39.8335972267","-79.9905682743","2008","Greene","sweeper_internal","","1","","1","other","100","","3","5","2","10","other","50","","","3","","3","other","100","","","","","","","","","","1","","1","other","100","","","","","","","",""
"41.42526294-76.90808237---2010","https://mapsengine.google.com/06136759344167181854-06191489742681286724-4/wms/?version=1.3.0","41.4252629385","-76.9080823679","2010","Lycoming","sweeper_internal","","1","","1","other","100","","2","8","4","14","other","57","","","","","","","","","","","","","","","","","1","","1","other","100","","","","","","","",""
"41.06981159-77.90296067---2010","https://mapsengine.google.com/06136759344167181854-06191489742681286724-4/wms/?version=1.3.0","41.0698115931","-77.902960671","2010","Centre","public","","10","","10","other","100","","","10","","10","other","100","","","","","","","","","","","","","","","","","","","","","","","","","","","","",""
"41.83103671-76.07173897---2008","https://mapsengine.google.com/06136759344167181854-00219351362547715467-4/wms/?version=1.3.0","41.831036712","-76.0717389681","2008","Susquehanna","final_internal","","3","","3","other","100","","","1","","1","other","100","","","3","","3","other","100","","","3","","3","other","100","","","","","","","","","","","","","","",""
"40.89094638-79.26546617---2008","https://mapsengine.google.com/06136759344167181854-00219351362547715467-4/wms/?version=1.3.0","40.8909463817","-79.2654661717","2008","Armstrong","first_internal","","3","","3","other","100","","","7","","7","other","100","","","3","","3","other","100","","","","","","","","","","","","","","","","","","","","","",""
"41.5643552-76.99257583---2010","https://mapsengine.google.com/06136759344167181854-06191489742681286724-4/wms/?version=1.3.0","41.5643551965","-76.9925758295","2010","Tioga","public","","10","","10","other","100","","","10","","10","other","100","","","","","","","","","","","","","","","","","","","","","","","","","","","","",""
"41.5730248-76.03173074---2010","https://mapsengine.google.com/06136759344167181854-06191489742681286724-4/wms/?version=1.3.0","41.5730248","-76.03173074","2010","Wyoming","first_internal","1","","2","3","unknown","66","","9","","1","10","fracking","90","","1","","2","3","unknown","66","","","","","","","","","","","","","","","","","","","","","",""
"41.78125894-76.11736651---2005","https://mapsengine.google.com/06136759344167181854-15960346301379896183-4/wms/?version=1.3.0","41.7812589419","-76.1173665127","2005","Susquehanna","final_internal","","3","","3","other","100","","","1","","1","other","100","","","3","","3","other","100","","","3","","3","other","100","","","","","","","","","","","","","","",""
"41.68140048-75.36464672---2008","https://mapsengine.google.com/06136759344167181854-00219351362547715467-4/wms/?version=1.3.0","41.6814004774","-75.3646467209","2008","Wayne","final_internal","","3","","3","other","100","","","1","","1","other","100","","","3","","3","other","100","","","3","","3","other","100","","","","","","","","","","","","","","",""
"41.86422115-76.01822946---2008","https://mapsengine.google.com/06136759344167181854-00219351362547715467-4/wms/?version=1.3.0","41.8642211543","-76.0182294646","2008","Susquehanna","final_internal","","3","","3","other","100","","","1","","1","other","100","","","3","","3","other","100","","","3","","3","other","100","","","","","","","","","","","","","","",""
"41.69711255-76.43885834---2010","https://mapsengine.google.com/06136759344167181854-06191489742681286724-4/wms/?version=1.3.0","41.6971125517","-76.4388583447","2010","Bradford","sweeper_internal","","1","","1","other","100","","2","7","1","10","other","70","","","3","","3","other","100","","","","","","","","","","1","","1","other","100","","","","","","","",""
"41.81719753-77.04949233---2008","https://mapsengine.google.com/06136759344167181854-00219351362547715467-4/wms/?version=1.3.0","41.8171975331","-77.049492327","2008","Tioga","final_internal","","3","","3","other","100","","","","1","1","unknown","100","","","","","","","","","","3","","3","other","100","","","","","","","","","","","","","","",""
"41.69699111-77.30803575---2008","https://mapsengine.google.com/06136759344167181854-00219351362547715467-4/wms/?version=1.3.0","41.6969911147","-77.3080357466","2008","Tioga","final_internal","","3","","3","other","100","","","","1","1","unknown","100","","","","","","","","","","3","","3","other","100","","","","","","","","","","","","","","",""
"41.9941358-76.973245---2010","https://mapsengine.google.com/06136759344167181854-06191489742681286724-4/wms/?version=1.3.0","41.9941357957","-76.9732449965","2010","Tioga","public","","10","","10","other","100","","","10","","10","other","100","","","","","","","","","","","","","","","","","","","","","","","","","","","","",""
"40.80117553-80.0519068---2005","https://mapsengine.google.com/06136759344167181854-15960346301379896183-4/wms/?version=1.3.0","40.801175529","-80.0519067996","2005","Butler","final_internal","","3","","3","other","100","","","1","","1","other","100","","","","","","","","","","3","","3","other","100","","","","","","","","","","","","","","",""
"41.76399626-76.81800428---2010","https://mapsengine.google.com/06136759344167181854-06191489742681286724-4/wms/?version=1.3.0","41.76399626","-76.81800428","2010","Bradford","first_internal","","3","","3","other","100","","","10","","10","other","100","","","3","","3","other","100","","","","","","","","","","","","","","","","","","","","","",""
"41.76592138-76.6899232---2008","https://mapsengine.google.com/06136759344167181854-00219351362547715467-4/wms/?version=1.3.0","41.7659213778","-76.6899232004","2008","Bradford","final_internal","","3","","3","other","100","","","1","","1","other","100","","","3","","3","other","100","","","3","","3","other","100","","","","","","","","","","","","","","",""
"39.93228708-79.85795861---2008","https://mapsengine.google.com/06136759344167181854-00219351362547715467-4/wms/?version=1.3.0","39.9322870779","-79.8579586099","2008","Fayette","first_internal","","3","","3","other","100","","","6","","6","other","100","","","3","","3","other","100","","","","","","","","","","","","","","","","","","","","","",""
"41.6201389-76.18865073---2010","https://mapsengine.google.com/06136759344167181854-06191489742681286724-4/wms/?version=1.3.0","41.6201389","-76.18865073","2010","Wyoming","first_internal","","3","","3","other","100","","","10","","10","other","100","","","3","","3","other","100","","","","","","","","","","","","","","","","","","","","","",""
"41.72539025-75.90889819---2010","https://mapsengine.google.com/06136759344167181854-06191489742681286724-4/wms/?version=1.3.0","41.72539025","-75.90889819","2010","Susquehanna","first_internal","2","","1","3","fracking","66","","8","1","1","10","fracking","80","","2","","1","3","fracking","66","","","","","","","","","","","","","","","","","","","","","",""
"41.93588048-76.93889106---2008","https://mapsengine.google.com/06136759344167181854-00219351362547715467-4/wms/?version=1.3.0","41.93588048","-76.9388910551","2008","Tioga","final_internal","","3","","3","other","100","","","1","","1","other","100","","","","","","","","","","3","","3","other","100","","","","","","","","","","","","","","",""
"41.59788159-76.53372805---2008","https://mapsengine.google.com/06136759344167181854-00219351362547715467-4/wms/?version=1.3.0","41.5978815929","-76.5337280483","2008","Bradford","final_internal","","4","","4","other","100","","","1","","1","other","100","","","3","","3","other","100","","","4","","4","other","100","","","","","","","","","","","","","","",""
"41.73360298-76.08202651---2008","https://mapsengine.google.com/06136759344167181854-00219351362547715467-4/wms/?version=1.3.0","41.7336029799","-76.082026511","2008","Susquehanna","final_internal","","4","","4","other","100","","","1","","1","other","100","","","3","","3","other","100","","","4","","4","other","100","","","","","","","","","","","","","","",""
"41.22896587-76.63973338---2010","https://mapsengine.google.com/06136759344167181854-06191489742681286724-4/wms/?version=1.3.0","41.2289658706","-76.6397333821","2010","Lycoming","public","","10","","10","other","100","","","10","","10","other","100","","","","","","","","","","","","","","","","","","","","","","","","","","","","",""
"41.8779532-75.891987---2008","https://mapsengine.google.com/06136759344167181854-00219351362547715467-4/wms/?version=1.3.0","41.8779531979","-75.8919869954","2008","Susquehanna","final_internal","","3","","3","other","100","","","1","","1","other","100","","","3","","3","other","100","","","3","","3","other","100","","","","","","","","","","","","","","",""
"40.68450655-79.75730839---2005","https://mapsengine.google.com/06136759344167181854-15960346301379896183-4/wms/?version=1.3.0","40.6845065524","-79.7573083949","2005","Butler","final_internal","","3","","3","other","100","","","1","","1","other","100","","","","","","","","","","3","","3","other","100","","","","","","","","","","","","","","",""
"40.3022941-80.37533058---2005","https://mapsengine.google.com/06136759344167181854-15960346301379896183-4/wms/?version=1.3.0","40.3022940978","-80.3753305787","2005","Washington","final_internal","","3","","3","other","100","","","1","","1","other","100","","","","","","","","","","3","","3","other","100","","","","","","","","","","","","","","",""
"40.86068514-79.50750811---2010","https://mapsengine.google.com/06136759344167181854-06191489742681286724-4/wms/?version=1.3.0","40.8606851399","-79.5075081106","2010","Armstrong","sweeper_internal","","1","","1","other","100","","1","6","3","10","other","60","","","","","","","","","","","","","","","","","1","","1","other","100","","","","","","","",""
"40.01364045-79.72492078---2008","https://mapsengine.google.com/06136759344167181854-00219351362547715467-4/wms/?version=1.3.0","40.0136404454","-79.7249207829","2008","Fayette","sweeper_internal","","1","","1","other","100","","5","1","4","10","fracking","50","","","2","1","3","other","66","","","","","","","","","","1","","1","other","100","","","","","","","",""
"39.90240947-79.95588719---2010","https://mapsengine.google.com/06136759344167181854-06191489742681286724-4/wms/?version=1.3.0","39.9024094691","-79.9558871874","2010","Greene","sweeper_internal","","1","","1","other","100","","4","6","","10","other","60","","","","","","","","","","","","","","","","","1","","1","other","100","","","","","","","",""
"40.78839122-79.51458719---2005","https://mapsengine.google.com/06136759344167181854-15960346301379896183-4/wms/?version=1.3.0","40.7883912154","-79.5145871923","2005","Armstrong","final_internal","","3","","3","other","100","","","1","","1","other","100","","","","","","","","","","3","","3","other","100","","","","","","","","","","","","","","",""
"41.1104577-78.97496982---2010","https://mapsengine.google.com/06136759344167181854-06191489742681286724-4/wms/?version=1.3.0","41.1104576979","-78.9749698154","2010","Jefferson","public","","8","2","10","other","80","","","8","2","10","other","80","","","","","","","","","","","","","","","","","","","","","","","","","","","","",""
"40.25427727-80.23291985---2010","https://mapsengine.google.com/06136759344167181854-06191489742681286724-4/wms/?version=1.3.0","40.2542772726","-80.2329198457","2010","Washington","public","","9","1","10","other","90","","","9","1","10","other","90","","","","","","","","","","","","","","","","","","","","","","","","","","","","",""
"40.08754252-79.8397373---2005","https://mapsengine.google.com/06136759344167181854-15960346301379896183-4/wms/?version=1.3.0","40.0875425155","-79.8397372996","2005","Fayette","final_internal","","3","","3","other","100","","","1","","1","other","100","","","","","","","","","","3","","3","other","100","","","","","","","","","","","","","","",""
"41.72216223-76.09613892---2010","https://mapsengine.google.com/06136759344167181854-06191489742681286724-4/wms/?version=1.3.0","41.72216223","-76.09613892","2010","Susquehanna","first_internal","","3","","3","other","100","","","11","","11","other","100","","","3","","3","other","100","","","","","","","","","","","","","","","","","","","","","",""
"41.00463045-79.78754578---2005","https://mapsengine.google.com/06136759344167181854-15960346301379896183-4/wms/?version=1.3.0","41.0046304463","-79.787545778","2005","Butler","final_internal","","3","","3","other","100","","","","1","1","unknown","100","","","","","","","","","","3","","3","other","100","","","","","","","","","","","","","","",""
"40.40818212-80.47057585---2010","https://mapsengine.google.com/06136759344167181854-06191489742681286724-4/wms/?version=1.3.0","40.4081821246","-80.4705758465","2010","Washington","public","","10","","10","other","100","","","10","","10","other","100","","","","","","","","","","","","","","","","","","","","","","","","","","","","",""
"40.86374401-79.50231947---2010","https://mapsengine.google.com/06136759344167181854-06191489742681286724-4/wms/?version=1.3.0","40.8637440098","-79.502319466","2010","Armstrong","sweeper_internal","","1","","1","other","100","","","7","3","10","other","70","","","","","","","","","","","","","","","","","1","","1","other","100","","","","","","","",""
"41.87065519-78.63015814---2010","https://mapsengine.google.com/06136759344167181854-06191489742681286724-4/wms/?version=1.3.0","41.870655195","-78.6301581405","2010","McKean","public","2","8","","10","other","80","","2","8","","10","other","80","","","","","","","","","","","","","","","","","","","","","","","","","","","","",""
"41.68470428-77.26409263---2010","https://mapsengine.google.com/06136759344167181854-06191489742681286724-4/wms/?version=1.3.0","41.6847042779","-77.2640926322","2010","Tioga","public","","10","1","11","other","90","","","10","1","11","other","90","","","","","","","","","","","","","","","","","","","","","","","","","","","","",""
"41.65839006-75.67504372---2010","https://mapsengine.google.com/06136759344167181854-06191489742681286724-4/wms/?version=1.3.0","41.65839006","-75.67504372","2010","Susquehanna","first_internal","","3","","3","other","100","","","10","","10","other","100","","","3","","3","other","100","","","","","","","","","","","","","","","","","","","","","",""
"41.68058366-77.37911137---2005","https://mapsengine.google.com/06136759344167181854-15960346301379896183-4/wms/?version=1.3.0","41.6805836575","-77.3791113704","2005","Tioga","missing_internal","","1","","1","other","100","","","","","","fracking|unknown|other","","","","","","","","","","","","","","","","","","","","","","","","","1","","1","other","100",""
"41.73685907-75.90285431---2010","https://mapsengine.google.com/06136759344167181854-06191489742681286724-4/wms/?version=1.3.0","41.73685907","-75.90285431","2010","Susquehanna","first_internal","","3","","3","other","100","","","10","","10","other","100","","","3","","3","other","100","","","","","","","","","","","","","","","","","","","","","",""
"41.56180541-76.52347894---2010","https://mapsengine.google.com/06136759344167181854-06191489742681286724-4/wms/?version=1.3.0","41.56180541","-76.52347894","2010","Sullivan","first_internal","","3","","3","other","100","","","11","","11","other","100","","","3","","3","other","100","","","","","","","","","","","","","","","","","","","","","",""
"40.67457725-79.75190023---2008","https://mapsengine.google.com/06136759344167181854-00219351362547715467-4/wms/?version=1.3.0","40.6745772519","-79.7519002346","2008","Butler","first_internal","1","2","","3","other","66","","","2","","2","other","100","","1","2","","3","other","66","","","","","","","","","","","","","","","","","","","","","",""
"41.98862427-77.01495221---2010","https://mapsengine.google.com/06136759344167181854-06191489742681286724-4/wms/?version=1.3.0","41.9886242719","-77.0149522141","2010","Tioga","public","10","","2","12","fracking","83","","10","","2","12","fracking","83","","","","","","","","","","","","","","","","","","","","","","","","","","","","",""
"40.82112328-80.0487578---2005","https://mapsengine.google.com/06136759344167181854-15960346301379896183-4/wms/?version=1.3.0","40.8211232797","-80.0487577951","2005","Butler","final_internal","","3","","3","other","100","","","1","","1","other","100","","","","","","","","","","3","","3","other","100","","","","","","","","","","","","","","",""
"41.74995136-76.63812476---2008","https://mapsengine.google.com/06136759344167181854-00219351362547715467-4/wms/?version=1.3.0","41.7499513616","-76.6381247586","2008","Bradford","final_internal","","3","","3","other","100","","","1","","1","other","100","","","3","","3","other","100","","","3","","3","other","100","","","","","","","","","","","","","","",""
"39.99637426-80.2785495---2010","https://mapsengine.google.com/06136759344167181854-06191489742681286724-4/wms/?version=1.3.0","39.9963742594","-80.278549495","2010","Greene","public","10","","","10","fracking","100","","10","","","10","fracking","100","","","","","","","","","","","","","","","","","","","","","","","","","","","","",""
"40.5140794-79.5475953---2010","https://mapsengine.google.com/06136759344167181854-06191489742681286724-4/wms/?version=1.3.0","40.5140794006","-79.5475953021","2010","Westmoreland","public","","10","","10","other","100","","","10","","10","other","100","","","","","","","","","","","","","","","","","","","","","","","","","","","","",""
"41.7382516-75.87359229---2005","https://mapsengine.google.com/06136759344167181854-15960346301379896183-4/wms/?version=1.3.0","41.7382515972","-75.8735922917","2005","Susquehanna","final_internal","","3","","3","other","100","","","1","","1","other","100","","","3","","3","other","100","","","3","","3","other","100","","","","","","","","","","","","","","",""
"39.96804179-79.84995583---2010","https://mapsengine.google.com/06136759344167181854-06191489742681286724-4/wms/?version=1.3.0","39.9680417927","-79.8499558326","2010","Fayette","public","","9","1","10","other","90","","","9","1","10","other","90","","","","","","","","","","","","","","","","","","","","","","","","","","","","",""
"40.49590289-79.56765572---2010","https://mapsengine.google.com/06136759344167181854-06191489742681286724-4/wms/?version=1.3.0","40.4959028893","-79.5676557214","2010","Westmoreland","public","","10","","10","other","100","","","10","","10","other","100","","","","","","","","","","","","","","","","","","","","","","","","","","","","",""
"39.93374346-80.00881938---2008","https://mapsengine.google.com/06136759344167181854-00219351362547715467-4/wms/?version=1.3.0","39.933743456","-80.0088193769","2008","Greene","first_internal","","3","","3","other","100","","","8","2","10","other","80","","","3","","3","other","100","","","","","","","","","","","","","","","","","","","","","",""
"39.906069-80.14251751---2008","https://mapsengine.google.com/06136759344167181854-00219351362547715467-4/wms/?version=1.3.0","39.9060689999","-80.1425175129","2008","Greene","first_internal","","3","","3","other","100","","","9","1","10","other","90","","","3","","3","other","100","","","","","","","","","","","","","","","","","","","","","",""
"40.86433549-79.49887251---2008","https://mapsengine.google.com/06136759344167181854-00219351362547715467-4/wms/?version=1.3.0","40.8643354886","-79.4988725052","2008","Armstrong","first_internal","","3","","3","other","100","","1","4","1","6","other","66","","","3","","3","other","100","","","","","","","","","","","","","","","","","","","","","",""
"41.93565988-75.87230423---2010","https://mapsengine.google.com/06136759344167181854-06191489742681286724-4/wms/?version=1.3.0","41.93565988","-75.87230423","2010","Susquehanna","first_internal","","3","","3","other","100","","","12","","12","other","100","","","3","","3","other","100","","","","","","","","","","","","","","","","","","","","","",""
"41.80069297-76.96280982---2008","https://mapsengine.google.com/06136759344167181854-00219351362547715467-4/wms/?version=1.3.0","41.800692966","-76.9628098191","2008","Tioga","final_internal","","3","","3","other","100","","","1","","1","other","100","","","","","","","","","","3","","3","other","100","","","","","","","","","","","","","","",""
"41.8509327-77.2945098---2005","https://mapsengine.google.com/06136759344167181854-15960346301379896183-4/wms/?version=1.3.0","41.8509326987","-77.2945098002","2005","Tioga","missing_internal","","1","","1","other","100","","","","","","fracking|unknown|other","","","","","","","","","","","","","","","","","","","","","","","","","1","","1","other","100",""
"41.73692334-75.8981518---2010","https://mapsengine.google.com/06136759344167181854-06191489742681286724-4/wms/?version=1.3.0","41.73692334","-75.8981518","2010","Susquehanna","first_internal","","3","","3","other","100","","","11","","11","other","100","","","3","","3","other","100","","","","","","","","","","","","","","","","","","","","","",""
"39.99627288-79.80489434---2010","https://mapsengine.google.com/06136759344167181854-06191489742681286724-4/wms/?version=1.3.0","39.9962728817","-79.8048943394","2010","Fayette","public","9","1","","10","fracking","90","","9","1","","10","fracking","90","","","","","","","","","","","","","","","","","","","","","","","","","","","","",""
"41.6837456-76.33012699---2010","https://mapsengine.google.com/06136759344167181854-06191489742681286724-4/wms/?version=1.3.0","41.6837456","-76.33012699","2010","Bradford","first_internal","","3","","3","other","100","","","12","","12","other","100","","","3","","3","other","100","","","","","","","","","","","","","","","","","","","","","",""
"41.70110702-75.90358674---2008","https://mapsengine.google.com/06136759344167181854-00219351362547715467-4/wms/?version=1.3.0","41.7011070209","-75.9035867383","2008","Susquehanna","final_internal","","3","","3","other","100","","","","1","1","unknown","100","","","3","","3","other","100","","","3","","3","other","100","","","","","","","","","","","","","","",""
"40.23947887-80.30821908---2010","https://mapsengine.google.com/06136759344167181854-06191489742681286724-4/wms/?version=1.3.0","40.2394788668","-80.308219077","2010","Washington","public","","10","","10","other","100","","","10","","10","other","100","","","","","","","","","","","","","","","","","","","","","","","","","","","","",""
"41.45388671-77.14484364---2008","https://mapsengine.google.com/06136759344167181854-00219351362547715467-4/wms/?version=1.3.0","41.4538867073","-77.1448436439","2008","Lycoming","final_internal","","4","","4","other","100","","","1","","1","other","100","","","","","","","","","","4","","4","other","100","","","","","","","","","","","","","","",""
"41.77662482-75.93398994---2010","https://mapsengine.google.com/06136759344167181854-06191489742681286724-4/wms/?version=1.3.0","41.77662482","-75.93398994","2010","Susquehanna","first_internal","","3","","3","other","100","","","9","1","10","other","90","","","3","","3","other","100","","","","","","","","","","","","","","","","","","","","","",""
"40.86092723-79.50177203---2005","https://mapsengine.google.com/06136759344167181854-15960346301379896183-4/wms/?version=1.3.0","40.8609272333","-79.5017720262","2005","Armstrong","final_internal","","3","","3","other","100","","","","1","1","unknown","100","","","","","","","","","","3","","3","other","100","","","","","","","","","","","","","","",""
"41.70868223-76.83449143---2010","https://mapsengine.google.com/06136759344167181854-06191489742681286724-4/wms/?version=1.3.0","41.70868223","-76.83449143","2010","Bradford","first_internal","","3","","3","other","100","","1","11","","12","other","91","","","3","","3","other","100","","","","","","","","","","","","","","","","","","","","","",""
"41.76192789-76.80303391---2010","https://mapsengine.google.com/06136759344167181854-06191489742681286724-4/wms/?version=1.3.0","41.76192789","-76.80303391","2010","Bradford","first_internal","3","","","3","fracking","100","","13","","","13","fracking","100","","3","","","3","fracking","100","","","","","","","","","","","","","","","","","","","","","",""
"41.52977928-76.6824567---2010","https://mapsengine.google.com/06136759344167181854-06191489742681286724-4/wms/?version=1.3.0","41.5297792777","-76.6824566988","2010","Sullivan","sweeper_internal","1","","","1","fracking","100","","4","2","6","12","unknown","50","","1","","2","3","unknown","66","","","","","","","","","1","","","1","fracking","100","","","","","","","",""
"40.88655754-79.9844907---2008","https://mapsengine.google.com/06136759344167181854-00219351362547715467-4/wms/?version=1.3.0","40.8865575435","-79.9844906971","2008","Butler","first_internal","","3","","3","other","100","","","1","1","2","unknown|other","","50|50","","3","","3","other","100","","","","","","","","","","","","","","","","","","","","","",""
"41.67753093-78.62262441---2008","https://mapsengine.google.com/06136759344167181854-00219351362547715467-4/wms/?version=1.3.0","41.6775309273","-78.6226244065","2008","McKean","first_internal","","3","","3","other","100","","2","8","","10","other","80","","","3","","3","other","100","","","","","","","","","","","","","","","","","","","","","",""
"40.12021456-79.80248827---2008","https://mapsengine.google.com/06136759344167181854-00219351362547715467-4/wms/?version=1.3.0","40.1202145609","-79.8024882739","2008","Fayette","first_internal","3","","","3","fracking","100","","9","1","","10","fracking","90","","3","","","3","fracking","100","","","","","","","","","","","","","","","","","","","","","",""
"41.7945778-76.58616212---2010","https://mapsengine.google.com/06136759344167181854-06191489742681286724-4/wms/?version=1.3.0","41.7945778","-76.58616212","2010","Bradford","first_internal","3","","","3","fracking","100","","10","1","1","12","fracking","83","","3","","","3","fracking","100","","","","","","","","","","","","","","","","","","","","","",""
"41.74219793-76.7901441---2010","https://mapsengine.google.com/06136759344167181854-06191489742681286724-4/wms/?version=1.3.0","41.74219793","-76.7901441","2010","Bradford","first_internal","","3","","3","other","100","","","9","1","10","other","90","","","3","","3","other","100","","","","","","","","","","","","","","","","","","","","","",""
"41.59819951-77.0974115---2010","https://mapsengine.google.com/06136759344167181854-06191489742681286724-4/wms/?version=1.3.0","41.59819951","-77.0974115009","2010","Tioga","public","","10","","10","other","100","","","10","","10","other","100","","","","","","","","","","","","","","","","","","","","","","","","","","","","",""
"41.75469437-77.03907203---2005","https://mapsengine.google.com/06136759344167181854-15960346301379896183-4/wms/?version=1.3.0","41.7546943702","-77.0390720312","2005","Tioga","missing_internal","","1","","1","other","100","","","","","","fracking|unknown|other","","","","","","","","","","","","","","","","","","","","","","","","","1","","1","other","100",""
"41.73157731-75.87558637---2005","https://mapsengine.google.com/06136759344167181854-15960346301379896183-4/wms/?version=1.3.0","41.7315773063","-75.8755863667","2005","Susquehanna","final_internal","","3","","3","other","100","","","1","","1","other","100","","","3","","3","other","100","","","3","","3","other","100","","","","","","","","","","","","","","",""
"40.03395705-79.18399969---2010","https://mapsengine.google.com/06136759344167181854-06191489742681286724-4/wms/?version=1.3.0","40.0339570458","-79.1839996934","2010","Somerset","sweeper_internal","1","","","1","fracking","100","","7","1","2","10","fracking","70","","","","","","","","","","","","","","","","1","","","1","fracking","100","","","","","","","",""
"39.97783778-79.43488183---2005","https://mapsengine.google.com/06136759344167181854-15960346301379896183-4/wms/?version=1.3.0","39.9778377815","-79.4348818256","2005","Fayette","final_internal","","3","","3","other","100","","","1","","1","other","100","","","","","","","","","","3","","3","other","100","","","","","","","","","","","","","","",""
"41.70379149-75.86105239---None","","41.7037914879","-75.8610523883","","","final_internal","","1","2","3","unknown","66","","","1","","1","other","100","","","","","","","","","","1","2","3","unknown","66","","","","","","","","","","","","","","",""
"41.86375355-76.85485998---2005","https://mapsengine.google.com/06136759344167181854-15960346301379896183-4/wms/?version=1.3.0","41.8637535515","-76.8548599764","2005","Bradford","final_internal","","3","","3","other","100","","","1","","1","other","100","","","3","","3","other","100","","","3","","3","other","100","","","","","","","","","","","","","","",""
"41.2892044-78.910045---2010","https://mapsengine.google.com/06136759344167181854-06191489742681286724-4/wms/?version=1.3.0","41.2892043983","-78.910045003","2010","Jefferson","public","","10","","10","other","100","","","10","","10","other","100","","","","","","","","","","","","","","","","","","","","","","","","","","","","",""
"40.20167463-79.7414046---2008","https://mapsengine.google.com/06136759344167181854-00219351362547715467-4/wms/?version=1.3.0","40.2016746322","-79.7414046022","2008","Westmoreland","first_internal","3","","","3","fracking","100","","1","","","1","fracking","100","","3","","","3","fracking","100","","","","","","","","","","","","","","","","","","","","","",""
"41.74901017-77.20539019---2005","https://mapsengine.google.com/06136759344167181854-15960346301379896183-4/wms/?version=1.3.0","41.7490101651","-77.2053901898","2005","Tioga","missing_internal","","1","","1","other","100","","","","","","fracking|unknown|other","","","","","","","","","","","","","","","","","","","","","","","","","1","","1","other","100",""
"40.96645157-78.87179246---2008","https://mapsengine.google.com/06136759344167181854-00219351362547715467-4/wms/?version=1.3.0","40.96645157","-78.8717924565","2008","Jefferson","first_internal","","3","","3","other","100","","","10","","10","other","100","","","3","","3","other","100","","","","","","","","","","","","","","","","","","","","","",""
"41.73326616-75.8862745---2010","https://mapsengine.google.com/06136759344167181854-06191489742681286724-4/wms/?version=1.3.0","41.73326616","-75.8862745","2010","Susquehanna","first_internal","","3","","3","other","100","","","11","","11","other","100","","","3","","3","other","100","","","","","","","","","","","","","","","","","","","","","",""
"41.81592567-76.90232158---2005","https://mapsengine.google.com/06136759344167181854-15960346301379896183-4/wms/?version=1.3.0","41.8159256748","-76.90232158","2005","Bradford","final_internal","","4","","4","other","100","","","1","","1","other","100","","","3","","3","other","100","","","4","","4","other","100","","","","","","","","","","","","","","",""
"41.72811347-76.69412824---2010","https://mapsengine.google.com/06136759344167181854-06191489742681286724-4/wms/?version=1.3.0","41.7281134723","-76.6941282372","2010","Bradford","sweeper_internal","","1","","1","other","100","","2","7","1","10","other","70","","","3","","3","other","100","","","","","","","","","","1","","1","other","100","","","","","","","",""
"41.65281513-76.03312491---2010","https://mapsengine.google.com/06136759344167181854-06191489742681286724-4/wms/?version=1.3.0","41.6528151283","-76.0331249102","2010","Susquehanna","sweeper_internal","","1","","1","other","100","","1","9","2","12","other","75","","","3","","3","other","100","","","","","","","","","","1","","1","other","100","","","","","","","",""
"39.97796484-79.98995276---2008","https://mapsengine.google.com/06136759344167181854-00219351362547715467-4/wms/?version=1.3.0","39.9779648406","-79.9899527625","2008","Fayette","sweeper_internal","","1","","1","other","100","","","7","3","10","other","70","","","3","","3","other","100","","","","","","","","","","1","","1","other","100","","","","","","","",""
"41.68709211-75.97221623---2008","https://mapsengine.google.com/06136759344167181854-00219351362547715467-4/wms/?version=1.3.0","41.6870921126","-75.9722162268","2008","Susquehanna","final_internal","","4","","4","other","100","","","1","","1","other","100","","","3","","3","other","100","","","4","","4","other","100","","","","","","","","","","","","","","",""
"40.68047435-79.73994918---2005","https://mapsengine.google.com/06136759344167181854-15960346301379896183-4/wms/?version=1.3.0","40.6804743514","-79.7399491765","2005","Butler","final_internal","","3","","3","other","100","","","1","","1","other","100","","","","","","","","","","3","","3","other","100","","","","","","","","","","","","","","",""
"40.45074576-80.34453168---2005","https://mapsengine.google.com/06136759344167181854-15960346301379896183-4/wms/?version=1.3.0","40.450745763","-80.3445316764","2005","Washington","final_internal","1","2","","3","other","66","","","1","","1","other","100","","","","","","","","","1","2","","3","other","66","","","","","","","","","","","","","","",""
"41.71356865-76.08250937---2008","https://mapsengine.google.com/06136759344167181854-00219351362547715467-4/wms/?version=1.3.0","41.713568648","-76.0825093723","2008","Susquehanna","final_internal","","3","","3","other","100","","","1","","1","other","100","","","3","","3","other","100","","","3","","3","other","100","","","","","","","","","","","","","","",""
"40.27754404-80.36186083---2010","https://mapsengine.google.com/06136759344167181854-06191489742681286724-4/wms/?version=1.3.0","40.2775440432","-80.3618608272","2010","Washington","public","","10","","10","other","100","","","10","","10","other","100","","","","","","","","","","","","","","","","","","","","","","","","","","","","",""
"41.63575761-76.40164864---2008","https://mapsengine.google.com/06136759344167181854-00219351362547715467-4/wms/?version=1.3.0","41.6357576121","-76.4016486404","2008","Bradford","final_internal","","3","","3","other","100","","","1","","1","other","100","","","3","","3","other","100","","","3","","3","other","100","","","","","","","","","","","","","","",""
"41.77789448-76.36711473---2010","https://mapsengine.google.com/06136759344167181854-06191489742681286724-4/wms/?version=1.3.0","41.77789448","-76.36711473","2010","Bradford","first_internal","","3","","3","other","100","","","9","1","10","other","90","","","3","","3","other","100","","","","","","","","","","","","","","","","","","","","","",""
"40.47570121-79.56047966---2005","https://mapsengine.google.com/06136759344167181854-15960346301379896183-4/wms/?version=1.3.0","40.475701208","-79.5604796611","2005","Westmoreland","final_internal","","3","","3","other","100","","","1","","1","other","100","","","","","","","","","","3","","3","other","100","","","","","","","","","","","","","","",""
"41.75320408-76.97941944---2010","https://mapsengine.google.com/06136759344167181854-06191489742681286724-4/wms/?version=1.3.0","41.7532040808","-76.9794194436","2010","Tioga","public","","10","2","12","other","83","","","10","2","12","other","83","","","","","","","","","","","","","","","","","","","","","","","","","","","","",""
"41.75791332-75.9349894---2010","https://mapsengine.google.com/06136759344167181854-06191489742681286724-4/wms/?version=1.3.0","41.75791332","-75.9349894","2010","Susquehanna","first_internal","","3","","3","other","100","","","10","","10","other","100","","","3","","3","other","100","","","","","","","","","","","","","","","","","","","","","",""
"39.80540272-80.42043878---2005","https://mapsengine.google.com/06136759344167181854-15960346301379896183-4/wms/?version=1.3.0","39.8054027242","-80.4204387787","2005","Greene","final_internal","","3","","3","other","100","","","1","","1","other","100","","","","","","","","","","3","","3","other","100","","","","","","","","","","","","","","",""
"41.8738672-76.851853---2008","https://mapsengine.google.com/06136759344167181854-00219351362547715467-4/wms/?version=1.3.0","41.8738672039","-76.8518530012","2008","Bradford","final_internal","","4","","4","other","100","","","1","","1","other","100","","","3","","3","other","100","","","4","","4","other","100","","","","","","","","","","","","","","",""
"41.75666562-76.46743858---2010","https://mapsengine.google.com/06136759344167181854-06191489742681286724-4/wms/?version=1.3.0","41.75666562","-76.46743858","2010","Bradford","first_internal","","3","","3","other","100","","","10","","10","other","100","","","3","","3","other","100","","","","","","","","","","","","","","","","","","","","","",""
"40.27411275-80.31263692---2008","https://mapsengine.google.com/06136759344167181854-00219351362547715467-4/wms/?version=1.3.0","40.2741127548","-80.3126369206","2008","Washington","first_internal","","3","","3","other","100","","","8","2","10","other","80","","","3","","3","other","100","","","","","","","","","","","","","","","","","","","","","",""
"40.24960038-79.76592418---2008","https://mapsengine.google.com/06136759344167181854-00219351362547715467-4/wms/?version=1.3.0","40.2496003781","-79.7659241764","2008","Westmoreland","final_internal","","4","","4","other","100","","1","1","","2","fracking|other","","50|50","","","","","","","","","4","","4","other","100","","","","","","","","","","","","","","",""
"41.97118363-75.88111346---2010","https://mapsengine.google.com/06136759344167181854-06191489742681286724-4/wms/?version=1.3.0","41.97118363","-75.88111346","2010","Susquehanna","first_internal","","3","","3","other","100","","","9","1","10","other","90","","","3","","3","other","100","","","","","","","","","","","","","","","","","","","","","",""
"41.81845947-76.36227522---2010","https://mapsengine.google.com/06136759344167181854-06191489742681286724-4/wms/?version=1.3.0","41.81845947","-76.36227522","2010","Bradford","first_internal","","3","","3","other","100","","","10","","10","other","100","","","3","","3","other","100","","","","","","","","","","","","","","","","","","","","","",""
"40.02569836-80.03609011---2010","https://mapsengine.google.com/06136759344167181854-06191489742681286724-4/wms/?version=1.3.0","40.025698358","-80.036090114","2010","Washington","sweeper_internal","","1","","1","other","100","","1","6","3","10","other","60","","","","","","","","","","","","","","","","","1","","1","other","100","","","","","","","",""
"41.70014261-75.88977707---2010","https://mapsengine.google.com/06136759344167181854-06191489742681286724-4/wms/?version=1.3.0","41.7001426111","-75.889777074","2010","Susquehanna","sweeper_internal","1","","","1","fracking","100","","8","1","2","11","fracking","72","","1","","2","3","unknown","66","","","","","","","","","1","","","1","fracking","100","","","","","","","",""
"40.86737019-79.70192841---2005","https://mapsengine.google.com/06136759344167181854-15960346301379896183-4/wms/?version=1.3.0","40.867370191","-79.7019284143","2005","Butler","final_internal","","3","","3","other","100","","","1","","1","other","100","","","","","","","","","","3","","3","other","100","","","","","","","","","","","","","","",""
"40.50731275-79.19889146---2010","https://mapsengine.google.com/06136759344167181854-06191489742681286724-4/wms/?version=1.3.0","40.507312753","-79.1988914585","2010","Indiana","sweeper_internal","","1","","1","other","100","","3","18","7","28","other","64","","","","","","","","","","","","","","","","","1","","1","other","100","","","","","","","",""
"41.62182702-76.8862087---2008","https://mapsengine.google.com/06136759344167181854-00219351362547715467-4/wms/?version=1.3.0","41.6218270176","-76.8862087012","2008","Tioga","final_internal","","3","","3","other","100","","1","","","1","fracking","100","","","","","","","","","","3","","3","other","100","","","","","","","","","","","","","","",""
"39.94850861-79.97371928---2010","https://mapsengine.google.com/06136759344167181854-06191489742681286724-4/wms/?version=1.3.0","39.9485086126","-79.9737192801","2010","Greene","sweeper_internal","","1","","1","other","100","","2","6","2","10","other","60","","","","","","","","","","","","","","","","","1","","1","other","100","","","","","","","",""
"40.11632996-80.2257486---2010","https://mapsengine.google.com/06136759344167181854-06191489742681286724-4/wms/?version=1.3.0","40.1163299626","-80.2257486021","2010","Washington","public","10","","","10","fracking","100","","10","","","10","fracking","100","","","","","","","","","","","","","","","","","","","","","","","","","","","","",""
"41.33378357-77.17954071---2010","https://mapsengine.google.com/06136759344167181854-06191489742681286724-4/wms/?version=1.3.0","41.333783566","-77.179540714","2010","Lycoming","public","","11","","11","other","100","","","11","","11","other","100","","","","","","","","","","","","","","","","","","","","","","","","","","","","",""
"41.70958758-76.68079146---2008","https://mapsengine.google.com/06136759344167181854-00219351362547715467-4/wms/?version=1.3.0","41.7095875766","-76.6807914561","2008","Bradford","final_internal","1","2","","3","other","66","","","1","","1","other","100","","","3","","3","other","100","","1","2","","3","other","66","","","","","","","","","","","","","","",""
"39.77750885-79.86277312---2008","https://mapsengine.google.com/06136759344167181854-00219351362547715467-4/wms/?version=1.3.0","39.7775088462","-79.8627731196","2008","Fayette","first_internal","","3","","3","other","100","","1","9","","10","other","90","","","3","","3","other","100","","","","","","","","","","","","","","","","","","","","","",""
"41.95734394-76.93246743---2005","https://mapsengine.google.com/06136759344167181854-15960346301379896183-4/wms/?version=1.3.0","41.9573439364","-76.9324674343","2005","Tioga","final_internal","","3","","3","other","100","","","1","","1","other","100","","","","","","","","","","3","","3","other","100","","","","","","","","","","","","","","",""
"41.73749549-77.21440081---2008","https://mapsengine.google.com/06136759344167181854-00219351362547715467-4/wms/?version=1.3.0","41.737495487","-77.2144008068","2008","Tioga","final_internal","","3","","3","other","100","","","1","","1","other","100","","","","","","","","","","3","","3","other","100","","","","","","","","","","","","","","",""
"39.81507303-80.00421871---2008","https://mapsengine.google.com/06136759344167181854-00219351362547715467-4/wms/?version=1.3.0","39.8150730313","-80.0042187069","2008","Greene","sweeper_internal","1","","","1","fracking","100","","6","2","2","10","fracking","60","","2","","1","3","fracking","66","","","","","","","","","1","","","1","fracking","100","","","","","","","",""
"41.89939631-76.85911443---2005","https://mapsengine.google.com/06136759344167181854-15960346301379896183-4/wms/?version=1.3.0","41.8993963085","-76.8591144294","2005","Bradford","final_internal","","3","","3","other","100","","","1","","1","other","100","","","3","","3","other","100","","","3","","3","other","100","","","","","","","","","","","","","","",""
"40.23446535-80.41784469---2010","https://mapsengine.google.com/06136759344167181854-06191489742681286724-4/wms/?version=1.3.0","40.2344653504","-80.4178446935","2010","Washington","sweeper_internal","","1","","1","other","100","","5","4","1","10","fracking","50","","","","","","","","","","","","","","","","","1","","1","other","100","","","","","","","",""
"39.92488349-79.96712718---2010","https://mapsengine.google.com/06136759344167181854-06191489742681286724-4/wms/?version=1.3.0","39.9248834882","-79.9671271815","2010","Greene","sweeper_internal","","1","","1","other","100","","5","5","","10","fracking|other","","50|50","","","","","","","","","","","","","","","","1","","1","other","100","","","","","","","",""
"39.90556397-79.97081486---2010","https://mapsengine.google.com/06136759344167181854-06191489742681286724-4/wms/?version=1.3.0","39.9055639721","-79.970814862","2010","Greene","public","","10","","10","other","100","","","10","","10","other","100","","","","","","","","","","","","","","","","","","","","","","","","","","","","",""
"41.57692137-76.02810419---2010","https://mapsengine.google.com/06136759344167181854-06191489742681286724-4/wms/?version=1.3.0","41.5769213723","-76.0281041874","2010","Wyoming","sweeper_internal","1","","","1","fracking","100","","7","2","1","10","fracking","70","","3","","","3","fracking","100","","","","","","","","","1","","","1","fracking","100","","","","","","","",""
"40.76201365-79.83693527---2010","https://mapsengine.google.com/06136759344167181854-06191489742681286724-4/wms/?version=1.3.0","40.7620136534","-79.8369352713","2010","Butler","sweeper_internal","","1","","1","other","100","","1","7","7","15","unknown|other","","46|46","","","","","","","","","","","","","","","","1","","1","other","100","","","","","","","",""
"41.78074176-76.35257496---2010","https://mapsengine.google.com/06136759344167181854-06191489742681286724-4/wms/?version=1.3.0","41.78074176","-76.35257496","2010","Bradford","first_internal","","3","","3","other","100","","1","9","","10","other","90","","","3","","3","other","100","","","","","","","","","","","","","","","","","","","","","",""
"39.9104319-79.86428784---2005","https://mapsengine.google.com/06136759344167181854-15960346301379896183-4/wms/?version=1.3.0","39.9104318985","-79.8642878448","2005","Fayette","final_internal","","3","","3","other","100","","","1","","1","other","100","","","","","","","","","","3","","3","other","100","","","","","","","","","","","","","","",""
"39.72228267-79.95997217---2010","https://mapsengine.google.com/06136759344167181854-06191489742681286724-4/wms/?version=1.3.0","39.7222826651","-79.9599721686","2010","Greene","public","1","8","1","10","other","80","","1","8","1","10","other","80","","","","","","","","","","","","","","","","","","","","","","","","","","","","",""
"39.92403841-79.9878879---2010","https://mapsengine.google.com/06136759344167181854-06191489742681286724-4/wms/?version=1.3.0","39.9240384091","-79.987887901","2010","Greene","public","","10","","10","other","100","","","10","","10","other","100","","","","","","","","","","","","","","","","","","","","","","","","","","","","",""
"40.2838101-80.34179851---2010","https://mapsengine.google.com/06136759344167181854-06191489742681286724-4/wms/?version=1.3.0","40.2838100986","-80.3417985091","2010","Washington","public","","10","","10","other","100","","","10","","10","other","100","","","","","","","","","","","","","","","","","","","","","","","","","","","","",""
"41.85386162-77.29964729---2010","https://mapsengine.google.com/06136759344167181854-06191489742681286724-4/wms/?version=1.3.0","41.8538616212","-77.2996472879","2010","Tioga","public","","12","","12","other","100","","","12","","12","other","100","","","","","","","","","","","","","","","","","","","","","","","","","","","","",""
"41.8096581-76.90679795---2010","https://mapsengine.google.com/06136759344167181854-06191489742681286724-4/wms/?version=1.3.0","41.8096580967","-76.9067979495","2010","Tioga","public","","10","","10","other","100","","","10","","10","other","100","","","","","","","","","","","","","","","","","","","","","","","","","","","","",""
"39.86548687-79.94860963---2008","https://mapsengine.google.com/06136759344167181854-00219351362547715467-4/wms/?version=1.3.0","39.8654868748","-79.9486096348","2008","Greene","first_internal","","3","","3","other","100","","","9","1","10","other","90","","","3","","3","other","100","","","","","","","","","","","","","","","","","","","","","",""
"41.99269639-77.05236613---2010","https://mapsengine.google.com/06136759344167181854-06191489742681286724-4/wms/?version=1.3.0","41.9926963888","-77.0523661328","2010","Tioga","public","","12","","12","other","100","","","12","","12","other","100","","","","","","","","","","","","","","","","","","","","","","","","","","","","",""
"40.87142646-79.56631659---2010","https://mapsengine.google.com/06136759344167181854-06191489742681286724-4/wms/?version=1.3.0","40.8714264566","-79.5663165944","2010","Armstrong","public","1","9","","10","other","90","","1","9","","10","other","90","","","","","","","","","","","","","","","","","","","","","","","","","","","","",""
"40.63379872-79.3680051---2008","https://mapsengine.google.com/06136759344167181854-00219351362547715467-4/wms/?version=1.3.0","40.6337987167","-79.3680051036","2008","Armstrong","first_internal","","3","","3","other","100","","","6","","6","other","100","","","3","","3","other","100","","","","","","","","","","","","","","","","","","","","","",""
"41.84435641-76.96424917---2005","https://mapsengine.google.com/06136759344167181854-15960346301379896183-4/wms/?version=1.3.0","41.8443564138","-76.9642491732","2005","Tioga","final_internal","","3","","3","other","100","","","1","","1","other","100","","","","","","","","","","3","","3","other","100","","","","","","","","","","","","","","",""
"41.77761633-75.95031073---2005","https://mapsengine.google.com/06136759344167181854-15960346301379896183-4/wms/?version=1.3.0","41.7776163287","-75.9503107264","2005","Susquehanna","final_internal","","3","","3","other","100","","","1","","1","other","100","","","3","","3","other","100","","","3","","3","other","100","","","","","","","","","","","","","","",""
"40.74932776-79.61659933---2010","https://mapsengine.google.com/06136759344167181854-06191489742681286724-4/wms/?version=1.3.0","40.7493277618","-79.6165993267","2010","Armstrong","public","","10","","10","other","100","","","10","","10","other","100","","","","","","","","","","","","","","","","","","","","","","","","","","","","",""
"41.65058774-76.3357456---2010","https://mapsengine.google.com/06136759344167181854-06191489742681286724-4/wms/?version=1.3.0","41.65058774","-76.3357456","2010","Bradford","first_internal","","3","","3","other","100","","","15","","15","other","100","","","3","","3","other","100","","","","","","","","","","","","","","","","","","","","","",""
"39.89137557-80.05194005---2008","https://mapsengine.google.com/06136759344167181854-00219351362547715467-4/wms/?version=1.3.0","39.8913755666","-80.0519400544","2008","Greene","first_internal","","3","","3","other","100","","","10","","10","other","100","","","3","","3","other","100","","","","","","","","","","","","","","","","","","","","","",""
"40.86891017-79.49260906---2010","https://mapsengine.google.com/06136759344167181854-06191489742681286724-4/wms/?version=1.3.0","40.8689101662","-79.4926090637","2010","Armstrong","sweeper_internal","","1","","1","other","100","","1","6","3","10","other","60","","","","","","","","","","","","","","","","","1","","1","other","100","","","","","","","",""
"40.88679045-79.7979203---2010","https://mapsengine.google.com/06136759344167181854-06191489742681286724-4/wms/?version=1.3.0","40.8867904523","-79.7979202974","2010","Butler","public","","13","1","14","other","92","","","13","1","14","other","92","","","","","","","","","","","","","","","","","","","","","","","","","","","","",""
"41.60072337-75.5677736---2010","https://mapsengine.google.com/06136759344167181854-06191489742681286724-4/wms/?version=1.3.0","41.60072337","-75.5677736","2010","Lackawanna","first_internal","","3","","3","other","100","","","10","","10","other","100","","","3","","3","other","100","","","","","","","","","","","","","","","","","","","","","",""
"40.21200154-80.36211026---2010","https://mapsengine.google.com/06136759344167181854-06191489742681286724-4/wms/?version=1.3.0","40.2120015416","-80.3621102591","2010","Washington","public","9","1","","10","fracking","90","","9","1","","10","fracking","90","","","","","","","","","","","","","","","","","","","","","","","","","","","","",""
"39.89496403-80.06575434---2010","https://mapsengine.google.com/06136759344167181854-06191489742681286724-4/wms/?version=1.3.0","39.8949640267","-80.0657543445","2010","Greene","public","","10","","10","other","100","","","10","","10","other","100","","","","","","","","","","","","","","","","","","","","","","","","","","","","",""
"41.72809257-76.69404334---2008","https://mapsengine.google.com/06136759344167181854-00219351362547715467-4/wms/?version=1.3.0","41.7280925675","-76.6940433427","2008","Bradford","final_internal","","3","","3","other","100","","","1","","1","other","100","","","3","","3","other","100","","","3","","3","other","100","","","","","","","","","","","","","","",""
"40.37185638-79.3414788---2010","https://mapsengine.google.com/06136759344167181854-06191489742681286724-4/wms/?version=1.3.0","40.3718563777","-79.3414788016","2010","Westmoreland","public","","8","2","10","other","80","","","8","2","10","other","80","","","","","","","","","","","","","","","","","","","","","","","","","","","","",""
"40.1171833-79.82166141---2008","https://mapsengine.google.com/06136759344167181854-00219351362547715467-4/wms/?version=1.3.0","40.1171833049","-79.8216614127","2008","Fayette","sweeper_internal","","1","","1","other","100","","6","2","2","10","fracking","60","","1","1","1","3","fracking|unknown|other","","33|33|33","","","","","","","","","1","","1","other","100","","","","","","","",""
"41.68767425-75.89879806---2010","https://mapsengine.google.com/06136759344167181854-06191489742681286724-4/wms/?version=1.3.0","41.68767425","-75.89879806","2010","Susquehanna","first_internal","","3","","3","other","100","","","12","","12","other","100","","","3","","3","other","100","","","","","","","","","","","","","","","","","","","","","",""
"41.80844111-76.57096617---2010","https://mapsengine.google.com/06136759344167181854-06191489742681286724-4/wms/?version=1.3.0","41.80844111","-76.57096617","2010","Bradford","first_internal","","3","","3","other","100","","","10","","10","other","100","","","3","","3","other","100","","","","","","","","","","","","","","","","","","","","","",""
"41.74745677-75.92481526---2005","https://mapsengine.google.com/06136759344167181854-15960346301379896183-4/wms/?version=1.3.0","41.7474567711","-75.9248152643","2005","Susquehanna","final_internal","","3","","3","other","100","","","1","","1","other","100","","","3","","3","other","100","","","3","","3","other","100","","","","","","","","","","","","","","",""
"40.15823118-79.34269342---2008","https://mapsengine.google.com/06136759344167181854-00219351362547715467-4/wms/?version=1.3.0","40.1582311781","-79.3426934154","2008","Westmoreland","first_internal","","4","","4","other","100","","","","1","1","unknown","100","","","4","","4","other","100","","","","","","","","","","","","","","","","","","","","","",""
"41.69361153-75.9146658---2008","https://mapsengine.google.com/06136759344167181854-00219351362547715467-4/wms/?version=1.3.0","41.6936115334","-75.9146657991","2008","Susquehanna","final_internal","","3","","3","other","100","","","1","","1","other","100","","","3","","3","other","100","","","3","","3","other","100","","","","","","","","","","","","","","",""
"41.71409804-75.90459155---2010","https://mapsengine.google.com/06136759344167181854-06191489742681286724-4/wms/?version=1.3.0","41.71409804","-75.90459155","2010","Susquehanna","first_internal","","3","","3","other","100","","1","10","","11","other","90","","","3","","3","other","100","","","","","","","","","","","","","","","","","","","","","",""
"41.7050968-75.89056477---2005","https://mapsengine.google.com/06136759344167181854-15960346301379896183-4/wms/?version=1.3.0","41.705096797","-75.8905647683","2005","Susquehanna","final_internal","","3","","3","other","100","","","1","","1","other","100","","","3","","3","other","100","","","3","","3","other","100","","","","","","","","","","","","","","",""
"40.72731963-79.61551984---2010","https://mapsengine.google.com/06136759344167181854-06191489742681286724-4/wms/?version=1.3.0","40.7273196313","-79.615519836","2010","Armstrong","sweeper_internal","1","","","1","fracking","100","","6","2","2","10","fracking","60","","","","","","","","","","","","","","","","1","","","1","fracking","100","","","","","","","",""
"39.77149987-79.50031037---2005","https://mapsengine.google.com/06136759344167181854-15960346301379896183-4/wms/?version=1.3.0","39.7714998706","-79.5003103674","2005","Fayette","final_internal","","3","","3","other","100","","","","1","1","unknown","100","","","","","","","","","","3","","3","other","100","","","","","","","","","","","","","","",""
"41.41792817-78.26858546---2010","https://mapsengine.google.com/06136759344167181854-06191489742681286724-4/wms/?version=1.3.0","41.4179281665","-78.2685854554","2010","Cameron","sweeper_internal","","1","","1","other","100","","7","1","2","10","fracking","70","","","","","","","","","","","","","","","","","1","","1","other","100","","","","","","","",""
"40.45556565-79.55055004---2010","https://mapsengine.google.com/06136759344167181854-06191489742681286724-4/wms/?version=1.3.0","40.4555656496","-79.5505500351","2010","Westmoreland","public","","10","","10","other","100","","","10","","10","other","100","","","","","","","","","","","","","","","","","","","","","","","","","","","","",""
"39.81592726-79.96681737---2010","https://mapsengine.google.com/06136759344167181854-06191489742681286724-4/wms/?version=1.3.0","39.815927257","-79.9668173671","2010","Greene","public","","10","","10","other","100","","","10","","10","other","100","","","","","","","","","","","","","","","","","","","","","","","","","","","","",""
"40.27210333-80.38426513---2010","https://mapsengine.google.com/06136759344167181854-06191489742681286724-4/wms/?version=1.3.0","40.2721033277","-80.3842651284","2010","Washington","sweeper_internal","","1","","1","other","100","","","7","3","10","other","70","","","","","","","","","","","","","","","","","1","","1","other","100","","","","","","","",""
"41.09612988-78.30763192---2008","https://mapsengine.google.com/06136759344167181854-00219351362547715467-4/wms/?version=1.3.0","41.0961298753","-78.3076319225","2008","Clearfield","first_internal","2","1","","3","fracking","66","","","1","1","2","unknown|other","","50|50","2","1","","3","fracking","66","","","","","","","","","","","","","","","","","","","","","",""
"39.73792977-79.9908251---2008","https://mapsengine.google.com/06136759344167181854-00219351362547715467-4/wms/?version=1.3.0","39.7379297662","-79.9908250957","2008","Greene","first_internal","","3","","3","other","100","","1","8","1","10","other","80","","","3","","3","other","100","","","","","","","","","","","","","","","","","","","","","",""
"39.98463342-79.69124197---2010","https://mapsengine.google.com/06136759344167181854-06191489742681286724-4/wms/?version=1.3.0","39.9846334182","-79.6912419677","2010","Fayette","sweeper_internal","","1","","1","other","100","","4","4","3","11","fracking|other","","36|36","","","","","","","","","","","","","","","","1","","1","other","100","","","","","","","",""
"39.72971591-80.01433194---2008","https://mapsengine.google.com/06136759344167181854-00219351362547715467-4/wms/?version=1.3.0","39.7297159114","-80.0143319405","2008","Greene","first_internal","","3","","3","other","100","","1","9","","10","other","90","","","3","","3","other","100","","","","","","","","","","","","","","","","","","","","","",""
"40.25567532-79.85209237---2008","https://mapsengine.google.com/06136759344167181854-00219351362547715467-4/wms/?version=1.3.0","40.255675325","-79.8520923739","2008","Westmoreland","final_internal","","1","2","3","unknown","66","","","1","1","2","unknown|other","","50|50","","","","","","","","","1","2","3","unknown","66","","","","","","","","","","","","","","",""
"41.68424934-78.49378698---2008","https://mapsengine.google.com/06136759344167181854-00219351362547715467-4/wms/?version=1.3.0","41.6842493382","-78.4937869808","2008","McKean","first_internal","","3","","3","other","100","","","8","","8","other","100","","","3","","3","other","100","","","","","","","","","","","","","","","","","","","","","",""
"40.49256883-79.58297104---2010","https://mapsengine.google.com/06136759344167181854-06191489742681286724-4/wms/?version=1.3.0","40.4925688251","-79.5829710355","2010","Westmoreland","public","","10","","10","other","100","","","10","","10","other","100","","","","","","","","","","","","","","","","","","","","","","","","","","","","",""
"41.70838191-75.88014045---2010","https://mapsengine.google.com/06136759344167181854-06191489742681286724-4/wms/?version=1.3.0","41.7083819055","-75.8801404529","2010","Susquehanna","sweeper_internal","","1","","1","other","100","","","7","4","11","other","63","","","3","","3","other","100","","","","","","","","","","1","","1","other","100","","","","","","","",""
"41.27333393-77.28970615---2005","https://mapsengine.google.com/06136759344167181854-15960346301379896183-4/wms/?version=1.3.0","41.2733339278","-77.2897061513","2005","Lycoming","missing_internal","","1","","1","other","100","","","","","","fracking|unknown|other","","","","","","","","","","","","","","","","","","","","","","","","","1","","1","other","100",""
"39.82752881-79.9800192---2008","https://mapsengine.google.com/06136759344167181854-00219351362547715467-4/wms/?version=1.3.0","39.8275288093","-79.9800192036","2008","Greene","first_internal","3","","","3","fracking","100","","8","","2","10","fracking","80","","3","","","3","fracking","100","","","","","","","","","","","","","","","","","","","","","",""
"41.95591201-76.95449934---2010","https://mapsengine.google.com/06136759344167181854-06191489742681286724-4/wms/?version=1.3.0","41.9559120138","-76.9544993444","2010","Tioga","public","","11","","11","other","100","","","11","","11","other","100","","","","","","","","","","","","","","","","","","","","","","","","","","","","",""
"39.95446752-79.83928665---2005","https://mapsengine.google.com/06136759344167181854-15960346301379896183-4/wms/?version=1.3.0","39.9544675241","-79.8392866545","2005","Fayette","final_internal","1","2","","3","other","66","","","","1","1","unknown","100","","","","","","","","","1","2","","3","other","66","","","","","","","","","","","","","","",""
"41.72415332-76.8172212---2010","https://mapsengine.google.com/06136759344167181854-06191489742681286724-4/wms/?version=1.3.0","41.7241533204","-76.8172211966","2010","Bradford","sweeper_internal","","1","","1","other","100","","2","7","1","10","other","70","","","3","","3","other","100","","","","","","","","","","1","","1","other","100","","","","","","","",""
"41.72888934-75.90360594---2010","https://mapsengine.google.com/06136759344167181854-06191489742681286724-4/wms/?version=1.3.0","41.72888934","-75.90360594","2010","Susquehanna","first_internal","","3","","3","other","100","","","10","","10","other","100","","","3","","3","other","100","","","","","","","","","","","","","","","","","","","","","",""
"40.75847025-79.78784704---2005","https://mapsengine.google.com/06136759344167181854-15960346301379896183-4/wms/?version=1.3.0","40.7584702545","-79.7878470361","2005","Butler","final_internal","","3","","3","other","100","","","1","","1","other","100","","","","","","","","","","3","","3","other","100","","","","","","","","","","","","","","",""
"41.68647544-77.65901071---2005","https://mapsengine.google.com/06136759344167181854-15960346301379896183-4/wms/?version=1.3.0","41.6864754445","-77.659010708","2005","Potter","final_internal","","3","","3","other","100","","","1","","1","other","100","","","","","","","","","","3","","3","other","100","","","","","","","","","","","","","","",""
"41.90093902-75.96433696---2005","https://mapsengine.google.com/06136759344167181854-15960346301379896183-4/wms/?version=1.3.0","41.900939015","-75.9643369607","2005","Susquehanna","final_internal","","3","","3","other","100","","","1","","1","other","100","","","3","","3","other","100","","","3","","3","other","100","","","","","","","","","","","","","","",""
"41.72209299-76.2693944---2008","https://mapsengine.google.com/06136759344167181854-00219351362547715467-4/wms/?version=1.3.0","41.7220929931","-76.2693943961","2008","Bradford","final_internal","","3","","3","other","100","","","1","","1","other","100","","","3","","3","other","100","","","3","","3","other","100","","","","","","","","","","","","","","",""
"41.69162877-77.00735159---2005","https://mapsengine.google.com/06136759344167181854-15960346301379896183-4/wms/?version=1.3.0","41.6916287704","-77.0073515895","2005","Tioga","missing_internal","","1","","1","other","100","","","","","","fracking|unknown|other","","","","","","","","","","","","","","","","","","","","","","","","","1","","1","other","100",""
"39.93258857-79.95966249---2010","https://mapsengine.google.com/06136759344167181854-06191489742681286724-4/wms/?version=1.3.0","39.9325885713","-79.9596624938","2010","Greene","public","1","9","","10","other","90","","1","9","","10","other","90","","","","","","","","","","","","","","","","","","","","","","","","","","","","",""
"40.77933184-80.03580419---2010","https://mapsengine.google.com/06136759344167181854-06191489742681286724-4/wms/?version=1.3.0","40.7793318401","-80.0358041906","2010","Butler","public","","10","","10","other","100","","","10","","10","other","100","","","","","","","","","","","","","","","","","","","","","","","","","","","","",""
"40.91965517-79.5837709---2008","https://mapsengine.google.com/06136759344167181854-00219351362547715467-4/wms/?version=1.3.0","40.9196551723","-79.5837709001","2008","Armstrong","first_internal","1","2","","3","other","66","","2","3","1","6","other","50","","1","2","","3","other","66","","","","","","","","","","","","","","","","","","","","","",""
"41.56661687-77.07869196---2010","https://mapsengine.google.com/06136759344167181854-06191489742681286724-4/wms/?version=1.3.0","41.5666168749","-77.0786919627","2010","Tioga","sweeper_internal","","1","","1","other","100","","5","3","2","10","fracking","50","","","","","","","","","","","","","","","","","1","","1","other","100","","","","","","","",""
"41.72251474-75.92927103---2005","https://mapsengine.google.com/06136759344167181854-15960346301379896183-4/wms/?version=1.3.0","41.7225147421","-75.9292710296","2005","Susquehanna","final_internal","","3","","3","other","100","","","","1","1","unknown","100","","","3","","3","other","100","","","3","","3","other","100","","","","","","","","","","","","","","",""
"41.87776673-76.30425998---2005","https://mapsengine.google.com/06136759344167181854-15960346301379896183-4/wms/?version=1.3.0","41.8777667272","-76.304259983","2005","Bradford","final_internal","","3","","3","other","100","","","1","","1","other","100","","","3","","3","other","100","","","3","","3","other","100","","","","","","","","","","","","","","",""
"41.69029396-75.93581946---2008","https://mapsengine.google.com/06136759344167181854-00219351362547715467-4/wms/?version=1.3.0","41.6902939552","-75.935819461","2008","Susquehanna","final_internal","","3","","3","other","100","","","1","","1","other","100","","","3","","3","other","100","","","3","","3","other","100","","","","","","","","","","","","","","",""
"39.72139823-79.97073897---2008","https://mapsengine.google.com/06136759344167181854-00219351362547715467-4/wms/?version=1.3.0","39.7213982323","-79.970738967","2008","Greene","first_internal","","3","","3","other","100","","","8","2","10","other","80","","","3","","3","other","100","","","","","","","","","","","","","","","","","","","","","",""
"40.95701232-79.95164837---2010","https://mapsengine.google.com/06136759344167181854-06191489742681286724-4/wms/?version=1.3.0","40.9570123232","-79.9516483667","2010","Butler","public","","15","","15","other","100","","","15","","15","other","100","","","","","","","","","","","","","","","","","","","","","","","","","","","","",""
"39.72926668-80.01464738---2005","https://mapsengine.google.com/06136759344167181854-15960346301379896183-4/wms/?version=1.3.0","39.7292666801","-80.0146473765","2005","Greene","final_internal","","3","","3","other","100","","","1","","1","other","100","","","","","","","","","","3","","3","other","100","","","","","","","","","","","","","","",""
"41.66479327-75.66531207---2008","https://mapsengine.google.com/06136759344167181854-00219351362547715467-4/wms/?version=1.3.0","41.6647932682","-75.6653120678","2008","Susquehanna","final_internal","","3","","3","other","100","","","1","","1","other","100","","","3","","3","other","100","","","3","","3","other","100","","","","","","","","","","","","","","",""
"39.81546058-80.03476232---2010","https://mapsengine.google.com/06136759344167181854-06191489742681286724-4/wms/?version=1.3.0","39.815460581","-80.0347623232","2010","Greene","public","","10","","10","other","100","","","10","","10","other","100","","","","","","","","","","","","","","","","","","","","","","","","","","","","",""
"41.80025417-76.97153348---2010","https://mapsengine.google.com/06136759344167181854-06191489742681286724-4/wms/?version=1.3.0","41.8002541731","-76.9715334806","2010","Tioga","public","","11","1","12","other","91","","","11","1","12","other","91","","","","","","","","","","","","","","","","","","","","","","","","","","","","",""
"40.80784987-80.04484039---2005","https://mapsengine.google.com/06136759344167181854-15960346301379896183-4/wms/?version=1.3.0","40.8078498668","-80.044840395","2005","Butler","final_internal","","3","","3","other","100","","","1","","1","other","100","","","","","","","","","","3","","3","other","100","","","","","","","","","","","","","","",""
"41.71063602-75.8728644---2010","https://mapsengine.google.com/06136759344167181854-06191489742681286724-4/wms/?version=1.3.0","41.71063602","-75.8728644","2010","Susquehanna","first_internal","","3","","3","other","100","","","11","","11","other","100","","","3","","3","other","100","","","","","","","","","","","","","","","","","","","","","",""
"41.79043402-78.54541006---2010","https://mapsengine.google.com/06136759344167181854-06191489742681286724-4/wms/?version=1.3.0","41.7904340183","-78.5454100586","2010","McKean","public","1","8","1","10","other","80","","1","8","1","10","other","80","","","","","","","","","","","","","","","","","","","","","","","","","","","","",""
"41.7391638-75.95403811---2005","https://mapsengine.google.com/06136759344167181854-15960346301379896183-4/wms/?version=1.3.0","41.7391637956","-75.9540381053","2005","Susquehanna","final_internal","","3","","3","other","100","","1","","","1","fracking","100","","","3","","3","other","100","","","3","","3","other","100","","","","","","","","","","","","","","",""
"39.9752985-79.99706878---2010","https://mapsengine.google.com/06136759344167181854-06191489742681286724-4/wms/?version=1.3.0","39.9752984973","-79.9970687841","2010","Fayette","sweeper_internal","","1","","1","other","100","","3","6","1","10","other","60","","","","","","","","","","","","","","","","","1","","1","other","100","","","","","","","",""
"39.83804934-79.53380294---2010","https://mapsengine.google.com/06136759344167181854-06191489742681286724-4/wms/?version=1.3.0","39.8380493435","-79.5338029441","2010","Fayette","public","","9","1","10","other","90","","","9","1","10","other","90","","","","","","","","","","","","","","","","","","","","","","","","","","","","",""
"40.76001994-79.74845641---2005","https://mapsengine.google.com/06136759344167181854-15960346301379896183-4/wms/?version=1.3.0","40.7600199395","-79.7484564102","2005","Butler","final_internal","","3","","3","other","100","","","1","","1","other","100","","","","","","","","","","3","","3","other","100","","","","","","","","","","","","","","",""
"39.81544274-80.03475383---2008","https://mapsengine.google.com/06136759344167181854-00219351362547715467-4/wms/?version=1.3.0","39.8154427361","-80.0347538314","2008","Greene","first_internal","","3","","3","other","100","","","10","","10","other","100","","","3","","3","other","100","","","","","","","","","","","","","","","","","","","","","",""
"40.27082676-80.35556519---2008","https://mapsengine.google.com/06136759344167181854-00219351362547715467-4/wms/?version=1.3.0","40.2708267578","-80.3555651872","2008","Washington","first_internal","","3","","3","other","100","","1","8","1","10","other","80","","","3","","3","other","100","","","","","","","","","","","","","","","","","","","","","",""
"41.9578453-76.8677816---2008","https://mapsengine.google.com/06136759344167181854-00219351362547715467-4/wms/?version=1.3.0","41.9578452972","-76.867781599","2008","Bradford","final_internal","","3","","3","other","100","","","1","","1","other","100","","","3","","3","other","100","","","3","","3","other","100","","","","","","","","","","","","","","",""
"40.14090396-79.77620067---2010","https://mapsengine.google.com/06136759344167181854-06191489742681286724-4/wms/?version=1.3.0","40.140903959","-79.7762006693","2010","Westmoreland","public","","11","","11","other","100","","","11","","11","other","100","","","","","","","","","","","","","","","","","","","","","","","","","","","","",""
"41.13112777-77.88897192---2010","https://mapsengine.google.com/06136759344167181854-06191489742681286724-4/wms/?version=1.3.0","41.1311277734","-77.888971921","2010","Centre","public","11","","1","12","fracking","91","","11","","1","12","fracking","91","","","","","","","","","","","","","","","","","","","","","","","","","","","","",""
"40.3042348-80.23252357---2010","https://mapsengine.google.com/06136759344167181854-06191489742681286724-4/wms/?version=1.3.0","40.3042348033","-80.2325235688","2010","Washington","public","","10","","10","other","100","","","10","","10","other","100","","","","","","","","","","","","","","","","","","","","","","","","","","","","",""
"41.78944319-77.20798121---2010","https://mapsengine.google.com/06136759344167181854-06191489742681286724-4/wms/?version=1.3.0","41.7894431941","-77.2079812144","2010","Tioga","public","","10","","10","other","100","","","10","","10","other","100","","","","","","","","","","","","","","","","","","","","","","","","","","","","",""
"39.84179238-79.97518804---2008","https://mapsengine.google.com/06136759344167181854-00219351362547715467-4/wms/?version=1.3.0","39.8417923788","-79.9751880418","2008","Greene","sweeper_internal","","1","","1","other","100","","4","6","","10","other","60","","1","2","","3","other","66","","","","","","","","","","1","","1","other","100","","","","","","","",""
"40.26753103-80.37904497---2005","https://mapsengine.google.com/06136759344167181854-15960346301379896183-4/wms/?version=1.3.0","40.2675310311","-80.3790449657","2005","Washington","final_internal","","3","","3","other","100","","","1","","1","other","100","","","","","","","","","","3","","3","other","100","","","","","","","","","","","","","","",""
"41.78564579-78.17302249---2010","https://mapsengine.google.com/06136759344167181854-06191489742681286724-4/wms/?version=1.3.0","41.785645794","-78.1730224925","2010","Potter","public","","14","","14","other","100","","","14","","14","other","100","","","","","","","","","","","","","","","","","","","","","","","","","","","","",""
"41.67558852-76.97738112---2010","https://mapsengine.google.com/06136759344167181854-06191489742681286724-4/wms/?version=1.3.0","41.6755885198","-76.9773811176","2010","Tioga","sweeper_internal","","1","","1","other","100","","1","7","4","12","other","58","","","","","","","","","","","","","","","","","1","","1","other","100","","","","","","","",""
"41.71851067-76.85147288---2008","https://mapsengine.google.com/06136759344167181854-00219351362547715467-4/wms/?version=1.3.0","41.7185106742","-76.8514728813","2008","Bradford","final_internal","","4","","4","other","100","","","1","","1","other","100","","","3","","3","other","100","","","4","","4","other","100","","","","","","","","","","","","","","",""
"41.71929568-76.07308025---2005","https://mapsengine.google.com/06136759344167181854-15960346301379896183-4/wms/?version=1.3.0","41.7192956802","-76.0730802546","2005","Susquehanna","final_internal","","3","","3","other","100","","","1","","1","other","100","","","3","","3","other","100","","","3","","3","other","100","","","","","","","","","","","","","","",""
"41.47788835-78.93949785---2005","https://mapsengine.google.com/06136759344167181854-15960346301379896183-4/wms/?version=1.3.0","41.4778883496","-78.939497853","2005","Elk","final_internal","","3","","3","other","100","","","1","","1","other","100","","","","","","","","","","3","","3","other","100","","","","","","","","","","","","","","",""
"41.68291441-76.08042958---2010","https://mapsengine.google.com/06136759344167181854-06191489742681286724-4/wms/?version=1.3.0","41.6829144113","-76.0804295829","2010","Susquehanna","sweeper_internal","","1","","1","other","100","","3","5","2","10","other","50","","","4","","4","other","100","","","","","","","","","","1","","1","other","100","","","","","","","",""
"41.78167455-77.34011247---2008","https://mapsengine.google.com/06136759344167181854-00219351362547715467-4/wms/?version=1.3.0","41.7816745493","-77.340112466","2008","Tioga","final_internal","","3","","3","other","100","","","1","","1","other","100","","","","","","","","","","3","","3","other","100","","","","","","","","","","","","","","",""
"41.67989409-77.35879763---2010","https://mapsengine.google.com/06136759344167181854-06191489742681286724-4/wms/?version=1.3.0","41.6798940862","-77.3587976326","2010","Tioga","public","","11","","11","other","100","","","11","","11","other","100","","","","","","","","","","","","","","","","","","","","","","","","","","","","",""
"41.7371486-75.88774242---2010","https://mapsengine.google.com/06136759344167181854-06191489742681286724-4/wms/?version=1.3.0","41.7371486","-75.88774242","2010","Susquehanna","first_internal","","3","","3","other","100","","","10","","10","other","100","","","3","","3","other","100","","","","","","","","","","","","","","","","","","","","","",""
"41.78248132-76.65680393---2010","https://mapsengine.google.com/06136759344167181854-06191489742681286724-4/wms/?version=1.3.0","41.78248132","-76.65680393","2010","Bradford","first_internal","","3","","3","other","100","","","10","","10","other","100","","","3","","3","other","100","","","","","","","","","","","","","","","","","","","","","",""
"41.74318425-76.65429029---2008","https://mapsengine.google.com/06136759344167181854-00219351362547715467-4/wms/?version=1.3.0","41.7431842527","-76.6542902927","2008","Bradford","final_internal","","3","","3","other","100","","","1","","1","other","100","","","3","","3","other","100","","","3","","3","other","100","","","","","","","","","","","","","","",""
"40.8710316-79.56530577---2010","https://mapsengine.google.com/06136759344167181854-06191489742681286724-4/wms/?version=1.3.0","40.8710316037","-79.5653057711","2010","Armstrong","public","1","9","","10","other","90","","1","9","","10","other","90","","","","","","","","","","","","","","","","","","","","","","","","","","","","",""
"41.81214431-77.30518001---2005","https://mapsengine.google.com/06136759344167181854-15960346301379896183-4/wms/?version=1.3.0","41.8121443093","-77.3051800122","2005","Tioga","missing_internal","","1","","1","other","100","","","","","","fracking|unknown|other","","","","","","","","","","","","","","","","","","","","","","","","","1","","1","other","100",""
"41.73988937-77.22210394---2008","https://mapsengine.google.com/06136759344167181854-00219351362547715467-4/wms/?version=1.3.0","41.7398893748","-77.2221039418","2008","Tioga","final_internal","","3","","3","other","100","","","1","","1","other","100","","","","","","","","","","3","","3","other","100","","","","","","","","","","","","","","",""
"41.62272438-76.93382141---2010","https://mapsengine.google.com/06136759344167181854-06191489742681286724-4/wms/?version=1.3.0","41.622724378","-76.933821413","2010","Tioga","public","","11","","11","other","100","","","11","","11","other","100","","","","","","","","","","","","","","","","","","","","","","","","","","","","",""
"40.45373651-80.34268414---2010","https://mapsengine.google.com/06136759344167181854-06191489742681286724-4/wms/?version=1.3.0","40.4537365142","-80.3426841404","2010","Washington","public","","10","","10","other","100","","","10","","10","other","100","","","","","","","","","","","","","","","","","","","","","","","","","","","","",""
"41.30429721-79.34712765---2010","https://mapsengine.google.com/06136759344167181854-06191489742681286724-4/wms/?version=1.3.0","41.3042972099","-79.3471276538","2010","Clarion","public","","10","","10","other","100","","","10","","10","other","100","","","","","","","","","","","","","","","","","","","","","","","","","","","","",""
"40.95971829-78.86575466---2008","https://mapsengine.google.com/06136759344167181854-00219351362547715467-4/wms/?version=1.3.0","40.9597182908","-78.8657546597","2008","Jefferson","sweeper_internal","","1","","1","other","100","","2","6","2","10","other","60","","","3","","3","other","100","","","","","","","","","","1","","1","other","100","","","","","","","",""
"41.69648988-75.88011092---2005","https://mapsengine.google.com/06136759344167181854-15960346301379896183-4/wms/?version=1.3.0","41.6964898793","-75.8801109234","2005","Susquehanna","final_internal","","3","","3","other","100","","","1","","1","other","100","","","3","","3","other","100","","","3","","3","other","100","","","","","","","","","","","","","","",""
"40.24868654-79.76666615---2010","https://mapsengine.google.com/06136759344167181854-06191489742681286724-4/wms/?version=1.3.0","40.2486865446","-79.7666661502","2010","Westmoreland","sweeper_internal","","1","","1","other","100","","2","3","5","10","unknown","50","","","","","","","","","","","","","","","","","1","","1","other","100","","","","","","","",""
"41.70302418-77.39963675---2008","https://mapsengine.google.com/06136759344167181854-00219351362547715467-4/wms/?version=1.3.0","41.7030241833","-77.3996367491","2008","Tioga","final_internal","","3","","3","other","100","","","1","","1","other","100","","","","","","","","","","3","","3","other","100","","","","","","","","","","","","","","",""
"41.9890754-77.01380716---2010","https://mapsengine.google.com/06136759344167181854-06191489742681286724-4/wms/?version=1.3.0","41.9890753997","-77.0138071611","2010","Tioga","public","11","","1","12","fracking","91","","11","","1","12","fracking","91","","","","","","","","","","","","","","","","","","","","","","","","","","","","",""
"41.72325022-76.18969036---2005","https://mapsengine.google.com/06136759344167181854-15960346301379896183-4/wms/?version=1.3.0","41.7232502162","-76.1896903612","2005","Bradford","final_internal","","3","","3","other","100","","","1","","1","other","100","","","3","","3","other","100","","","3","","3","other","100","","","","","","","","","","","","","","",""
"41.73983768-75.95704074---2010","https://mapsengine.google.com/06136759344167181854-06191489742681286724-4/wms/?version=1.3.0","41.73983768","-75.95704074","2010","Susquehanna","first_internal","","3","","3","other","100","","2","9","","11","other","81","","","3","","3","other","100","","","","","","","","","","","","","","","","","","","","","",""
"41.7387505-76.03285746---2008","https://mapsengine.google.com/06136759344167181854-00219351362547715467-4/wms/?version=1.3.0","41.7387504961","-76.0328574636","2008","Susquehanna","final_internal","","3","","3","other","100","","","1","","1","other","100","","","3","","3","other","100","","","3","","3","other","100","","","","","","","","","","","","","","",""
"41.00601961-78.86313935---2010","https://mapsengine.google.com/06136759344167181854-06191489742681286724-4/wms/?version=1.3.0","41.0060196106","-78.8631393515","2010","Jefferson","public","","10","","10","other","100","","","10","","10","other","100","","","","","","","","","","","","","","","","","","","","","","","","","","","","",""
"41.69043886-75.93593684---2010","https://mapsengine.google.com/06136759344167181854-06191489742681286724-4/wms/?version=1.3.0","41.69043886","-75.93593684","2010","Susquehanna","first_internal","","3","","3","other","100","","","10","","10","other","100","","","3","","3","other","100","","","","","","","","","","","","","","","","","","","","","",""
"41.70658995-76.09020852---2010","https://mapsengine.google.com/06136759344167181854-06191489742681286724-4/wms/?version=1.3.0","41.70658995","-76.09020852","2010","Susquehanna","first_internal","","3","","3","other","100","","","10","","10","other","100","","","3","","3","other","100","","","","","","","","","","","","","","","","","","","","","",""
"40.81410322-80.03965878---2010","https://mapsengine.google.com/06136759344167181854-06191489742681286724-4/wms/?version=1.3.0","40.8141032229","-80.0396587848","2010","Butler","public","1","15","2","18","other","83","","1","15","2","18","other","83","","","","","","","","","","","","","","","","","","","","","","","","","","","","",""
"39.82367161-80.49911822---2005","https://mapsengine.google.com/06136759344167181854-15960346301379896183-4/wms/?version=1.3.0","39.8236716083","-80.4991182157","2005","Greene","final_internal","","3","","3","other","100","","","1","","1","other","100","","","","","","","","","","3","","3","other","100","","","","","","","","","","","","","","",""
"41.86285295-76.58466827---2005","https://mapsengine.google.com/06136759344167181854-15960346301379896183-4/wms/?version=1.3.0","41.8628529538","-76.5846682707","2005","Bradford","final_internal","","3","","3","other","100","","","1","","1","other","100","","","3","","3","other","100","","","3","","3","other","100","","","","","","","","","","","","","","",""
"41.79763171-77.24370413---2010","https://mapsengine.google.com/06136759344167181854-06191489742681286724-4/wms/?version=1.3.0","41.7976317055","-77.2437041328","2010","Tioga","sweeper_internal","","1","","1","other","100","","4","5","2","11","other","45","","","","","","","","","","","","","","","","","1","","1","other","100","","","","","","","",""
"40.32630826-80.32739644---2010","https://mapsengine.google.com/06136759344167181854-06191489742681286724-4/wms/?version=1.3.0","40.3263082608","-80.3273964377","2010","Washington","public","1","9","","10","other","90","","1","9","","10","other","90","","","","","","","","","","","","","","","","","","","","","","","","","","","","",""
"41.9479754-76.95430852---2005","https://mapsengine.google.com/06136759344167181854-15960346301379896183-4/wms/?version=1.3.0","41.9479753999","-76.9543085185","2005","Tioga","final_internal","","3","","3","other","100","","","1","","1","other","100","","","","","","","","","","3","","3","other","100","","","","","","","","","","","","","","",""
"41.63935705-76.38696446---2008","https://mapsengine.google.com/06136759344167181854-00219351362547715467-4/wms/?version=1.3.0","41.6393570542","-76.3869644588","2008","Bradford","final_internal","","3","","3","other","100","","","1","","1","other","100","","","3","","3","other","100","","","3","","3","other","100","","","","","","","","","","","","","","",""
"41.79293231-76.58337915---2008","https://mapsengine.google.com/06136759344167181854-00219351362547715467-4/wms/?version=1.3.0","41.7929323149","-76.5833791495","2008","Bradford","final_internal","","3","","3","other","100","","","1","","1","other","100","","","3","","3","other","100","","","3","","3","other","100","","","","","","","","","","","","","","",""
"40.7228933-79.61007368---2008","https://mapsengine.google.com/06136759344167181854-00219351362547715467-4/wms/?version=1.3.0","40.7228932965","-79.610073683","2008","Armstrong","first_internal","","3","","3","other","100","","","4","2","6","other","66","","","3","","3","other","100","","","","","","","","","","","","","","","","","","","","","",""
"39.93998175-79.84006375---2008","https://mapsengine.google.com/06136759344167181854-00219351362547715467-4/wms/?version=1.3.0","39.9399817479","-79.8400637512","2008","Fayette","sweeper_internal","","1","","1","other","100","","4","4","2","10","fracking|other","","40|40","2","1","","3","fracking","66","","","","","","","","","","1","","1","other","100","","","","","","","",""
"40.29473386-80.29977503---2010","https://mapsengine.google.com/06136759344167181854-06191489742681286724-4/wms/?version=1.3.0","40.2947338557","-80.2997750284","2010","Washington","public","","8","2","10","other","80","","","8","2","10","other","80","","","","","","","","","","","","","","","","","","","","","","","","","","","","",""
"41.76908107-76.99828918---2010","https://mapsengine.google.com/06136759344167181854-06191489742681286724-4/wms/?version=1.3.0","41.7690810671","-76.9982891832","2010","Tioga","sweeper_internal","1","","","1","fracking","100","","7","1","4","12","fracking","58","","","","","","","","","","","","","","","","1","","","1","fracking","100","","","","","","","",""
"41.71585017-78.14717851---2010","https://mapsengine.google.com/06136759344167181854-06191489742681286724-4/wms/?version=1.3.0","41.7158501699","-78.1471785147","2010","Potter","sweeper_internal","","1","","1","other","100","","4","6","6","16","unknown|other","","37|37","","","","","","","","","","","","","","","","1","","1","other","100","","","","","","","",""
"40.39788297-79.27693206---2008","https://mapsengine.google.com/06136759344167181854-00219351362547715467-4/wms/?version=1.3.0","40.3978829707","-79.2769320569","2008","Westmoreland","first_internal","","3","","3","other","100","","","1","","1","other","100","","","3","","3","other","100","","","","","","","","","","","","","","","","","","","","","",""
"39.73243478-80.0037467---2010","https://mapsengine.google.com/06136759344167181854-06191489742681286724-4/wms/?version=1.3.0","39.7324347848","-80.0037467005","2010","Greene","public","","8","2","10","other","80","","","8","2","10","other","80","","","","","","","","","","","","","","","","","","","","","","","","","","","","",""
"41.79621026-77.12440432---2010","https://mapsengine.google.com/06136759344167181854-06191489742681286724-4/wms/?version=1.3.0","41.7962102648","-77.1244043227","2010","Tioga","public","","13","","13","other","100","","","13","","13","other","100","","","","","","","","","","","","","","","","","","","","","","","","","","","","",""
"39.72600241-80.04198286---2010","https://mapsengine.google.com/06136759344167181854-06191489742681286724-4/wms/?version=1.3.0","39.7260024068","-80.041982861","2010","Greene","public","10","","","10","fracking","100","","10","","","10","fracking","100","","","","","","","","","","","","","","","","","","","","","","","","","","","","",""
"41.17690515-78.97436084---2010","https://mapsengine.google.com/06136759344167181854-06191489742681286724-4/wms/?version=1.3.0","41.1769051537","-78.9743608353","2010","Jefferson","public","","9","1","10","other","90","","","9","1","10","other","90","","","","","","","","","","","","","","","","","","","","","","","","","","","","",""
"41.46193172-76.39905643---2005","https://mapsengine.google.com/06136759344167181854-15960346301379896183-4/wms/?version=1.3.0","41.461931721","-76.3990564273","2005","Sullivan","final_internal","","3","","3","other","100","","","1","","1","other","100","","","3","","3","other","100","","","3","","3","other","100","","","","","","","","","","","","","","",""
"39.90781617-80.30777565---2008","https://mapsengine.google.com/06136759344167181854-00219351362547715467-4/wms/?version=1.3.0","39.9078161735","-80.3077756549","2008","Greene","first_internal","","3","","3","other","100","","1","9","","10","other","90","","","3","","3","other","100","","","","","","","","","","","","","","","","","","","","","",""
"41.81450088-76.94798047---2005","https://mapsengine.google.com/06136759344167181854-15960346301379896183-4/wms/?version=1.3.0","41.8145008804","-76.9479804732","2005","Tioga","missing_internal","","1","","1","other","100","","","","","","fracking|unknown|other","","","","","","","","","","","","","","","","","","","","","","","","","1","","1","other","100",""
"41.98720133-77.05043436---2010","https://mapsengine.google.com/06136759344167181854-06191489742681286724-4/wms/?version=1.3.0","41.9872013334","-77.0504343634","2010","Tioga","public","","11","","11","other","100","","","11","","11","other","100","","","","","","","","","","","","","","","","","","","","","","","","","","","","",""
"39.93979886-79.22942763---2010","https://mapsengine.google.com/06136759344167181854-06191489742681286724-4/wms/?version=1.3.0","39.939798862","-79.2294276334","2010","Somerset","public","23","1","1","25","fracking","92","","23","1","1","25","fracking","92","","","","","","","","","","","","","","","","","","","","","","","","","","","","",""
"41.68416418-77.27508846---2008","https://mapsengine.google.com/06136759344167181854-00219351362547715467-4/wms/?version=1.3.0","41.6841641771","-77.2750884586","2008","Tioga","final_internal","","3","","3","other","100","","1","","","1","fracking","100","","","","","","","","","","3","","3","other","100","","","","","","","","","","","","","","",""
"41.86528393-76.60961056---2010","https://mapsengine.google.com/06136759344167181854-06191489742681286724-4/wms/?version=1.3.0","41.865283926","-76.6096105607","2010","Bradford","sweeper_internal","","1","","1","other","100","","7","2","1","10","fracking","70","","3","","","3","fracking","100","","","","","","","","","","1","","1","other","100","","","","","","","",""
"41.64232945-76.3601498---2010","https://mapsengine.google.com/06136759344167181854-06191489742681286724-4/wms/?version=1.3.0","41.6423294494","-76.3601497973","2010","Bradford","sweeper_internal","","1","","1","other","100","","4","2","4","10","fracking|unknown","","40|40","2","","1","3","fracking","66","","","","","","","","","","1","","1","other","100","","","","","","","",""
"41.55383375-76.46142188---2008","https://mapsengine.google.com/06136759344167181854-00219351362547715467-4/wms/?version=1.3.0","41.5538337513","-76.4614218837","2008","Sullivan","final_internal","","3","","3","other","100","","","1","","1","other","100","","","3","","3","other","100","","","3","","3","other","100","","","","","","","","","","","","","","",""
"41.26723974-76.6185519---2010","https://mapsengine.google.com/06136759344167181854-06191489742681286724-4/wms/?version=1.3.0","41.2672397388","-76.6185518951","2010","Lycoming","public","","10","","10","other","100","","","10","","10","other","100","","","","","","","","","","","","","","","","","","","","","","","","","","","","",""
"39.85536077-79.99922968---2008","https://mapsengine.google.com/06136759344167181854-00219351362547715467-4/wms/?version=1.3.0","39.8553607747","-79.999229682","2008","Greene","first_internal","","3","","3","other","100","","","10","","10","other","100","","","3","","3","other","100","","","","","","","","","","","","","","","","","","","","","",""
"41.54061376-77.10009429---2010","https://mapsengine.google.com/06136759344167181854-06191489742681286724-4/wms/?version=1.3.0","41.5406137632","-77.1000942883","2010","Lycoming","sweeper_internal","","1","","1","other","100","","2","5","3","10","other","50","","","","","","","","","","","","","","","","","1","","1","other","100","","","","","","","",""
"41.7063595-75.96191529---2008","https://mapsengine.google.com/06136759344167181854-00219351362547715467-4/wms/?version=1.3.0","41.7063595042","-75.9619152909","2008","Susquehanna","final_internal","","3","","3","other","100","","","1","","1","other","100","","","3","","3","other","100","","","3","","3","other","100","","","","","","","","","","","","","","",""
"41.73329162-76.81379239---2008","https://mapsengine.google.com/06136759344167181854-00219351362547715467-4/wms/?version=1.3.0","41.733291621","-76.8137923924","2008","Bradford","final_internal","","3","","3","other","100","","","1","","1","other","100","","","3","","3","other","100","","","3","","3","other","100","","","","","","","","","","","","","","",""
"41.81369147-76.53397213---2008","https://mapsengine.google.com/06136759344167181854-00219351362547715467-4/wms/?version=1.3.0","41.8136914683","-76.5339721281","2008","Bradford","final_internal","","3","","3","other","100","","","1","","1","other","100","","","3","","3","other","100","","","3","","3","other","100","","","","","","","","","","","","","","",""
"40.28843732-80.32980126---2010","https://mapsengine.google.com/06136759344167181854-06191489742681286724-4/wms/?version=1.3.0","40.2884373178","-80.3298012601","2010","Washington","public","","10","","10","other","100","","","10","","10","other","100","","","","","","","","","","","","","","","","","","","","","","","","","","","","",""
"41.48896277-78.58803154---2010","https://mapsengine.google.com/06136759344167181854-06191489742681286724-4/wms/?version=1.3.0","41.4889627667","-78.5880315412","2010","Elk","public","","30","","30","other","100","","","30","","30","other","100","","","","","","","","","","","","","","","","","","","","","","","","","","","","",""
"41.64236547-76.37022282---2008","https://mapsengine.google.com/06136759344167181854-00219351362547715467-4/wms/?version=1.3.0","41.6423654689","-76.3702228165","2008","Bradford","final_internal","","3","","3","other","100","","","1","","1","other","100","","","3","","3","other","100","","","3","","3","other","100","","","","","","","","","","","","","","",""
"41.76434683-76.99411381---2010","https://mapsengine.google.com/06136759344167181854-06191489742681286724-4/wms/?version=1.3.0","41.7643468267","-76.9941138071","2010","Tioga","public","","8","2","10","other","80","","","8","2","10","other","80","","","","","","","","","","","","","","","","","","","","","","","","","","","","",""
"40.45985109-80.34758315---2005","https://mapsengine.google.com/06136759344167181854-15960346301379896183-4/wms/?version=1.3.0","40.4598510871","-80.3475831462","2005","Washington","final_internal","","3","","3","other","100","","","1","","1","other","100","","","","","","","","","","3","","3","other","100","","","","","","","","","","","","","","",""
"40.08362168-79.80148579---2010","https://mapsengine.google.com/06136759344167181854-06191489742681286724-4/wms/?version=1.3.0","40.0836216835","-79.8014857906","2010","Fayette","public","","10","","10","other","100","","","10","","10","other","100","","","","","","","","","","","","","","","","","","","","","","","","","","","","",""
"40.2463086-80.27284437---2005","https://mapsengine.google.com/06136759344167181854-15960346301379896183-4/wms/?version=1.3.0","40.2463086028","-80.272844366","2005","Washington","final_internal","","3","","3","other","100","","","1","","1","other","100","","","","","","","","","","3","","3","other","100","","","","","","","","","","","","","","",""
"41.71860075-76.85146129---2005","https://mapsengine.google.com/06136759344167181854-15960346301379896183-4/wms/?version=1.3.0","41.718600749","-76.8514612863","2005","Bradford","final_internal","","3","","3","other","100","","","1","","1","other","100","","","3","","3","other","100","","","3","","3","other","100","","","","","","","","","","","","","","",""
"41.68586655-78.62529689---2010","https://mapsengine.google.com/06136759344167181854-06191489742681286724-4/wms/?version=1.3.0","41.685866554","-78.625296889","2010","McKean","public","8","","2","10","fracking","80","","8","","2","10","fracking","80","","","","","","","","","","","","","","","","","","","","","","","","","","","","",""
"39.89001735-80.00812276---2005","https://mapsengine.google.com/06136759344167181854-15960346301379896183-4/wms/?version=1.3.0","39.8900173547","-80.0081227604","2005","Greene","final_internal","1","","2","3","unknown","66","","1","","","1","fracking","100","","","","","","","","","1","","2","3","unknown","66","","","","","","","","","","","","","","",""
"41.60165694-75.56759032---2010","https://mapsengine.google.com/06136759344167181854-06191489742681286724-4/wms/?version=1.3.0","41.60165694","-75.56759032","2010","Lackawanna","first_internal","","3","","3","other","100","","","10","","10","other","100","","","3","","3","other","100","","","","","","","","","","","","","","","","","","","","","",""
"40.2246367-79.71327591---2008","https://mapsengine.google.com/06136759344167181854-00219351362547715467-4/wms/?version=1.3.0","40.2246366964","-79.7132759117","2008","Westmoreland","first_internal","5","","","5","fracking","100","","1","","","1","fracking","100","","5","","","5","fracking","100","","","","","","","","","","","","","","","","","","","","","",""
"40.83622879-79.66128187---2010","https://mapsengine.google.com/06136759344167181854-06191489742681286724-4/wms/?version=1.3.0","40.8362287859","-79.66128187","2010","Armstrong","sweeper_internal","","1","","1","other","100","","4","3","3","10","fracking","40","","","","","","","","","","","","","","","","","1","","1","other","100","","","","","","","",""
"39.78660077-79.85369486---2008","https://mapsengine.google.com/06136759344167181854-00219351362547715467-4/wms/?version=1.3.0","39.7866007684","-79.8536948626","2008","Fayette","first_internal","","3","","3","other","100","","","9","1","10","other","90","","","3","","3","other","100","","","","","","","","","","","","","","","","","","","","","",""
"41.59216801-75.56890568---2005","https://mapsengine.google.com/06136759344167181854-15960346301379896183-4/wms/?version=1.3.0","41.5921680053","-75.5689056776","2005","Lackawanna","final_internal","","3","","3","other","100","","","1","","1","other","100","","","3","","3","other","100","","","3","","3","other","100","","","","","","","","","","","","","","",""
"41.14748033-79.2101556---2008","https://mapsengine.google.com/06136759344167181854-00219351362547715467-4/wms/?version=1.3.0","41.147480325","-79.210155604","2008","Clarion","first_internal","","3","","3","other","100","","","5","1","6","other","83","","","3","","3","other","100","","","","","","","","","","","","","","","","","","","","","",""
"41.88157173-75.88823789---2008","https://mapsengine.google.com/06136759344167181854-00219351362547715467-4/wms/?version=1.3.0","41.8815717253","-75.8882378948","2008","Susquehanna","final_internal","","3","","3","other","100","","","1","","1","other","100","","","1","2","3","unknown","66","","","3","","3","other","100","","","","","","","","","","","","","","",""
"41.74353647-76.39207659---2010","https://mapsengine.google.com/06136759344167181854-06191489742681286724-4/wms/?version=1.3.0","41.74353647","-76.39207659","2010","Bradford","first_internal","","3","","3","other","100","","","10","1","11","other","90","","","3","","3","other","100","","","","","","","","","","","","","","","","","","","","","",""
"41.77604939-76.67324331---2005","https://mapsengine.google.com/06136759344167181854-15960346301379896183-4/wms/?version=1.3.0","41.7760493851","-76.673243315","2005","Bradford","final_internal","","3","","3","other","100","","","1","","1","other","100","","","","","","","","","","3","","3","other","100","","","","","","","","","","","","","","",""
"41.95426086-76.85825379---2010","https://mapsengine.google.com/06136759344167181854-06191489742681286724-4/wms/?version=1.3.0","41.95426086","-76.85825379","2010","Bradford","first_internal","","3","","3","other","100","","","10","","10","other","100","","","3","","3","other","100","","","","","","","","","","","","","","","","","","","","","",""
"41.97421265-77.56202203---2010","https://mapsengine.google.com/06136759344167181854-06191489742681286724-4/wms/?version=1.3.0","41.9742126542","-77.5620220287","2010","Tioga","sweeper_internal","","1","","1","other","100","","3","5","3","11","other","45","","","","","","","","","","","","","","","","","1","","1","other","100","","","","","","","",""
"41.73973899-75.87003836---2010","https://mapsengine.google.com/06136759344167181854-06191489742681286724-4/wms/?version=1.3.0","41.73973899","-75.87003836","2010","Susquehanna","first_internal","","3","","3","other","100","","","11","","11","other","100","","","3","","3","other","100","","","","","","","","","","","","","","","","","","","","","",""
"41.69311998-77.41062121---2010","https://mapsengine.google.com/06136759344167181854-06191489742681286724-4/wms/?version=1.3.0","41.6931199758","-77.4106212093","2010","Tioga","public","","10","","10","other","100","","","10","","10","other","100","","","","","","","","","","","","","","","","","","","","","","","","","","","","",""
"41.82645285-76.98146276---2008","https://mapsengine.google.com/06136759344167181854-00219351362547715467-4/wms/?version=1.3.0","41.8264528496","-76.9814627594","2008","Tioga","final_internal","","3","","3","other","100","","","1","","1","other","100","","","","","","","","","","3","","3","other","100","","","","","","","","","","","","","","",""
"40.28252935-79.77231807---2010","https://mapsengine.google.com/06136759344167181854-06191489742681286724-4/wms/?version=1.3.0","40.282529349","-79.7723180675","2010","Westmoreland","public","","10","","10","other","100","","","10","","10","other","100","","","","","","","","","","","","","","","","","","","","","","","","","","","","",""
"41.75237854-76.26725077---2005","https://mapsengine.google.com/06136759344167181854-15960346301379896183-4/wms/?version=1.3.0","41.7523785444","-76.2672507727","2005","Bradford","final_internal","","3","","3","other","100","","","1","","1","other","100","","","3","","3","other","100","","","3","","3","other","100","","","","","","","","","","","","","","",""
"39.84051723-80.08721094---2010","https://mapsengine.google.com/06136759344167181854-06191489742681286724-4/wms/?version=1.3.0","39.8405172291","-80.0872109443","2010","Greene","public","10","","","10","fracking","100","","10","","","10","fracking","100","","","","","","","","","","","","","","","","","","","","","","","","","","","","",""
"41.75281748-77.36229183---2008","https://mapsengine.google.com/06136759344167181854-00219351362547715467-4/wms/?version=1.3.0","41.7528174843","-77.3622918297","2008","Tioga","final_internal","","3","","3","other","100","","","1","","1","other","100","","","","","","","","","","3","","3","other","100","","","","","","","","","","","","","","",""
"41.65310229-76.81402549---2005","https://mapsengine.google.com/06136759344167181854-15960346301379896183-4/wms/?version=1.3.0","41.6531022864","-76.8140254898","2005","Bradford","final_internal","","3","","3","other","100","","","1","","1","other","100","","","3","","3","other","100","","","3","","3","other","100","","","","","","","","","","","","","","",""
"39.83099969-79.98848412---2005","https://mapsengine.google.com/06136759344167181854-15960346301379896183-4/wms/?version=1.3.0","39.830999693","-79.9884841192","2005","Greene","final_internal","","3","","3","other","100","","","1","","1","other","100","","","","","","","","","","3","","3","other","100","","","","","","","","","","","","","","",""
"39.93316554-79.95554348---2008","https://mapsengine.google.com/06136759344167181854-00219351362547715467-4/wms/?version=1.3.0","39.9331655416","-79.9555434773","2008","Greene","sweeper_internal","1","","","1","fracking","100","","4","4","2","10","fracking|other","","40|40","2","1","","3","fracking","66","","","","","","","","","1","","","1","fracking","100","","","","","","","",""
"41.30007381-76.61301198---2005","https://mapsengine.google.com/06136759344167181854-15960346301379896183-4/wms/?version=1.3.0","41.3000738062","-76.6130119797","2005","Lycoming","missing_internal","","1","","1","other","100","","","","","","fracking|unknown|other","","","","","","","","","","","","","","","","","","","","","","","","","1","","1","other","100",""
"41.70830802-75.85937677---2008","https://mapsengine.google.com/06136759344167181854-00219351362547715467-4/wms/?version=1.3.0","41.7083080183","-75.8593767728","2008","Susquehanna","final_internal","","3","","3","other","100","","","1","","1","other","100","","","3","","3","other","100","","","3","","3","other","100","","","","","","","","","","","","","","",""
"40.06659602-79.94699296---2010","https://mapsengine.google.com/06136759344167181854-06191489742681286724-4/wms/?version=1.3.0","40.0665960247","-79.9469929575","2010","Washington","public","10","","","10","fracking","100","","10","","","10","fracking","100","","","","","","","","","","","","","","","","","","","","","","","","","","","","",""
"41.9950106-77.54698437---2010","https://mapsengine.google.com/06136759344167181854-06191489742681286724-4/wms/?version=1.3.0","41.9950105972","-77.5469843652","2010","Tioga","public","","10","1","11","other","90","","","10","1","11","other","90","","","","","","","","","","","","","","","","","","","","","","","","","","","","",""
"39.93770213-79.86249381---2010","https://mapsengine.google.com/06136759344167181854-06191489742681286724-4/wms/?version=1.3.0","39.9377021295","-79.8624938062","2010","Fayette","sweeper_internal","","1","","1","other","100","","1","3","6","10","unknown","60","","","","","","","","","","","","","","","","","1","","1","other","100","","","","","","","",""
"39.72966574-80.01438099---2010","https://mapsengine.google.com/06136759344167181854-06191489742681286724-4/wms/?version=1.3.0","39.7296657437","-80.0143809927","2010","Greene","public","","10","","10","other","100","","","10","","10","other","100","","","","","","","","","","","","","","","","","","","","","","","","","","","","",""
"39.85863216-79.9941074---2008","https://mapsengine.google.com/06136759344167181854-00219351362547715467-4/wms/?version=1.3.0","39.8586321618","-79.9941073959","2008","Greene","sweeper_internal","","1","","1","other","100","","2","5","3","10","other","50","","","3","","3","other","100","","","","","","","","","","1","","1","other","100","","","","","","","",""
"41.83669697-76.83937012---2005","https://mapsengine.google.com/06136759344167181854-15960346301379896183-4/wms/?version=1.3.0","41.8366969737","-76.839370123","2005","Bradford","final_internal","","3","","3","other","100","","","1","","1","other","100","","","3","","3","other","100","","","3","","3","other","100","","","","","","","","","","","","","","",""
"41.2924086-78.62213541---2010","https://mapsengine.google.com/06136759344167181854-06191489742681286724-4/wms/?version=1.3.0","41.2924085971","-78.6221354134","2010","Elk","public","2","9","","11","other","81","","2","9","","11","other","81","","","","","","","","","","","","","","","","","","","","","","","","","","","","",""
"41.87931777-76.35993243---2010","https://mapsengine.google.com/06136759344167181854-06191489742681286724-4/wms/?version=1.3.0","41.87931777","-76.35993243","2010","Bradford","sweeper_internal","","1","","1","other","100","","6","3","1","10","fracking","60","","1","1","1","3","fracking|unknown|other","","33|33|33","","","","","","","","","1","","1","other","100","","","","","","","",""
"39.94591756-80.26432765---2010","https://mapsengine.google.com/06136759344167181854-06191489742681286724-4/wms/?version=1.3.0","39.9459175577","-80.2643276534","2010","Greene","public","10","","","10","fracking","100","","10","","","10","fracking","100","","","","","","","","","","","","","","","","","","","","","","","","","","","","",""
"41.70530066-75.96155732---2005","https://mapsengine.google.com/06136759344167181854-15960346301379896183-4/wms/?version=1.3.0","41.7053006571","-75.9615573207","2005","Susquehanna","final_internal","","3","","3","other","100","","","1","","1","other","100","","","3","","3","other","100","","","3","","3","other","100","","","","","","","","","","","","","","",""
"41.70118752-75.90511322---2008","https://mapsengine.google.com/06136759344167181854-00219351362547715467-4/wms/?version=1.3.0","41.7011875156","-75.9051132245","2008","Susquehanna","final_internal","","3","","3","other","100","","","1","","1","other","100","","","3","","3","other","100","","","3","","3","other","100","","","","","","","","","","","","","","",""
"41.69790502-76.72859164---2005","https://mapsengine.google.com/06136759344167181854-15960346301379896183-4/wms/?version=1.3.0","41.6979050211","-76.7285916417","2005","Bradford","final_internal","","3","","3","other","100","","","1","","1","other","100","","","3","","3","other","100","","","3","","3","other","100","","","","","","","","","","","","","","",""
"41.9339661-77.35490756---2010","https://mapsengine.google.com/06136759344167181854-06191489742681286724-4/wms/?version=1.3.0","41.9339660999","-77.3549075567","2010","Tioga","public","","8","2","10","other","80","","","8","2","10","other","80","","","","","","","","","","","","","","","","","","","","","","","","","","","","",""
"41.24414101-77.97771386---2010","https://mapsengine.google.com/06136759344167181854-06191489742681286724-4/wms/?version=1.3.0","41.2441410094","-77.9777138647","2010","Clinton","public","11","","","11","fracking","100","","11","","","11","fracking","100","","","","","","","","","","","","","","","","","","","","","","","","","","","","",""
"40.78479105-79.99298672---2008","https://mapsengine.google.com/06136759344167181854-00219351362547715467-4/wms/?version=1.3.0","40.784791052","-79.992986716","2008","Butler","first_internal","","3","","3","other","100","","","1","1","2","unknown|other","","50|50","","3","","3","other","100","","","","","","","","","","","","","","","","","","","","","",""
"41.62615334-76.42194186---2005","https://mapsengine.google.com/06136759344167181854-15960346301379896183-4/wms/?version=1.3.0","41.6261533422","-76.4219418625","2005","Bradford","final_internal","","4","","4","other","100","","","1","","1","other","100","","","3","","3","other","100","","","4","","4","other","100","","","","","","","","","","","","","","",""
"41.09115259-77.96899075---2008","https://mapsengine.google.com/06136759344167181854-00219351362547715467-4/wms/?version=1.3.0","41.0911525939","-77.9689907484","2008","Centre","final_internal","3","","","3","fracking","100","","1","","","1","fracking","100","","","","","","","","","3","","","3","fracking","100","","","","","","","","","","","","","","",""
"41.45999608-76.40397344---2005","https://mapsengine.google.com/06136759344167181854-15960346301379896183-4/wms/?version=1.3.0","41.459996083","-76.4039734371","2005","Sullivan","final_internal","","3","","3","other","100","","","1","","1","other","100","","","3","","3","other","100","","","3","","3","other","100","","","","","","","","","","","","","","",""
"41.77568362-76.87814228---2005","https://mapsengine.google.com/06136759344167181854-15960346301379896183-4/wms/?version=1.3.0","41.7756836194","-76.8781422766","2005","Bradford","final_internal","","3","","3","other","100","","","1","","1","other","100","","","3","","3","other","100","","","3","","3","other","100","","","","","","","","","","","","","","",""
"41.77569386-76.87826656---2008","https://mapsengine.google.com/06136759344167181854-00219351362547715467-4/wms/?version=1.3.0","41.7756938573","-76.8782665647","2008","Bradford","final_internal","","3","","3","other","100","","","1","","1","other","100","","","3","","3","other","100","","","3","","3","other","100","","","","","","","","","","","","","","",""
"40.86217642-79.50321892---2010","https://mapsengine.google.com/06136759344167181854-06191489742681286724-4/wms/?version=1.3.0","40.8621764156","-79.5032189175","2010","Armstrong","sweeper_internal","","1","","1","other","100","","1","6","3","10","other","60","","","","","","","","","","","","","","","","","1","","1","other","100","","","","","","","",""
"41.5980362-77.0975767---2005","https://mapsengine.google.com/06136759344167181854-15960346301379896183-4/wms/?version=1.3.0","41.5980361983","-77.0975766985","2005","Tioga","missing_internal","","1","","1","other","100","","","","","","fracking|unknown|other","","","","","","","","","","","","","","","","","","","","","","","","","1","","1","other","100",""
"39.78150026-79.86046418---2010","https://mapsengine.google.com/06136759344167181854-06191489742681286724-4/wms/?version=1.3.0","39.7815002632","-79.8604641833","2010","Fayette","sweeper_internal","","1","","1","other","100","","2","5","3","10","other","50","","","","","","","","","","","","","","","","","1","","1","other","100","","","","","","","",""
"41.77608371-75.94658885---2010","https://mapsengine.google.com/06136759344167181854-06191489742681286724-4/wms/?version=1.3.0","41.77608371","-75.94658885","2010","Susquehanna","first_internal","1","","2","3","unknown","66","","9","","1","10","fracking","90","","1","","2","3","unknown","66","","","","","","","","","","","","","","","","","","","","","",""
"41.81458452-76.94818958---2010","https://mapsengine.google.com/06136759344167181854-06191489742681286724-4/wms/?version=1.3.0","41.8145845245","-76.9481895835","2010","Tioga","public","","11","","11","other","100","","","11","","11","other","100","","","","","","","","","","","","","","","","","","","","","","","","","","","","",""
"39.9432423-78.89774445---2010","https://mapsengine.google.com/06136759344167181854-06191489742681286724-4/wms/?version=1.3.0","39.9432422999","-78.8977444469","2010","Somerset","public","","9","1","10","other","90","","","9","1","10","other","90","","","","","","","","","","","","","","","","","","","","","","","","","","","","",""
"39.78127442-78.97216235---2008","https://mapsengine.google.com/06136759344167181854-00219351362547715467-4/wms/?version=1.3.0","39.7812744247","-78.9721623498","2008","Somerset","final_internal","","3","","3","other","100","","","3","","3","other","100","","","","","","","","","","3","","3","other","100","","","","","","","","","","","","","","",""
"39.90438933-79.99758657---2010","https://mapsengine.google.com/06136759344167181854-06191489742681286724-4/wms/?version=1.3.0","39.9043893292","-79.9975865715","2010","Greene","public","","9","1","10","other","90","","","9","1","10","other","90","","","","","","","","","","","","","","","","","","","","","","","","","","","","",""
"39.95829264-79.83416898---2008","https://mapsengine.google.com/06136759344167181854-00219351362547715467-4/wms/?version=1.3.0","39.9582926409","-79.8341689788","2008","Fayette","first_internal","3","","","3","fracking","100","","9","","1","10","fracking","90","","3","","","3","fracking","100","","","","","","","","","","","","","","","","","","","","","",""
"41.78930405-77.01900564---2010","https://mapsengine.google.com/06136759344167181854-06191489742681286724-4/wms/?version=1.3.0","41.7893040533","-77.0190056424","2010","Tioga","public","9","","1","10","fracking","90","","9","","1","10","fracking","90","","","","","","","","","","","","","","","","","","","","","","","","","","","","",""
"41.98939489-77.02668228---2005","https://mapsengine.google.com/06136759344167181854-15960346301379896183-4/wms/?version=1.3.0","41.9893948928","-77.0266822806","2005","Tioga","missing_internal","","1","","1","other","100","","","","","","fracking|unknown|other","","","","","","","","","","","","","","","","","","","","","","","","","1","","1","other","100",""
"40.16268408-79.33946694---2010","https://mapsengine.google.com/06136759344167181854-06191489742681286724-4/wms/?version=1.3.0","40.1626840765","-79.3394669384","2010","Westmoreland","public","1","9","","10","other","90","","1","9","","10","other","90","","","","","","","","","","","","","","","","","","","","","","","","","","","","",""
"41.64982771-76.30812622---2010","https://mapsengine.google.com/06136759344167181854-06191489742681286724-4/wms/?version=1.3.0","41.6498277124","-76.3081262226","2010","Bradford","sweeper_internal","","1","","1","other","100","","8","3","1","12","fracking","66","","3","","","3","fracking","100","","","","","","","","","","1","","1","other","100","","","","","","","",""
"40.33704161-79.36107977---2010","https://mapsengine.google.com/06136759344167181854-06191489742681286724-4/wms/?version=1.3.0","40.337041611","-79.3610797662","2010","Westmoreland","public","10","","","10","fracking","100","","10","","","10","fracking","100","","","","","","","","","","","","","","","","","","","","","","","","","","","","",""
"41.72658166-76.56301658---2008","https://mapsengine.google.com/06136759344167181854-00219351362547715467-4/wms/?version=1.3.0","41.7265816606","-76.5630165841","2008","Bradford","final_internal","","3","","3","other","100","","","1","","1","other","100","","","3","","3","other","100","","","3","","3","other","100","","","","","","","","","","","","","","",""
"41.91924268-75.81972384---2005","https://mapsengine.google.com/06136759344167181854-15960346301379896183-4/wms/?version=1.3.0","41.919242685","-75.8197238438","2005","Susquehanna","final_internal","","3","","3","other","100","","","1","","1","other","100","","","","","","","","","","3","","3","other","100","","","","","","","","","","","","","","",""
"41.68999109-76.0584991---2005","https://mapsengine.google.com/06136759344167181854-15960346301379896183-4/wms/?version=1.3.0","41.6899910903","-76.0584990991","2005","Susquehanna","final_internal","","3","","3","other","100","","","1","","1","other","100","","","3","","3","other","100","","","3","","3","other","100","","","","","","","","","","","","","","",""
"41.76202966-76.24799408---2010","https://mapsengine.google.com/06136759344167181854-06191489742681286724-4/wms/?version=1.3.0","41.76202966","-76.24799408","2010","Bradford","first_internal","","3","","3","other","100","","","10","","10","other","100","","","3","","3","other","100","","","","","","","","","","","","","","","","","","","","","",""
"41.75217157-75.99745289---2010","https://mapsengine.google.com/06136759344167181854-06191489742681286724-4/wms/?version=1.3.0","41.75217157","-75.99745289","2010","Susquehanna","first_internal","","3","","3","other","100","","","10","","10","other","100","","","3","","3","other","100","","","","","","","","","","","","","","","","","","","","","",""
"40.36149401-78.56410464---2010","https://mapsengine.google.com/06136759344167181854-06191489742681286724-4/wms/?version=1.3.0","40.3614940062","-78.5641046383","2010","Blair","public","","10","","10","other","100","","","10","","10","other","100","","","","","","","","","","","","","","","","","","","","","","","","","","","","",""
"40.83417129-79.68171677---2005","https://mapsengine.google.com/06136759344167181854-15960346301379896183-4/wms/?version=1.3.0","40.8341712893","-79.6817167679","2005","Armstrong","final_internal","","3","","3","other","100","","","1","","1","other","100","","","","","","","","","","3","","3","other","100","","","","","","","","","","","","","","",""
"40.27682271-80.2398694---2008","https://mapsengine.google.com/06136759344167181854-00219351362547715467-4/wms/?version=1.3.0","40.2768227058","-80.239869396","2008","Washington","first_internal","1","2","","3","other","66","","5","2","1","8","fracking","62","","1","2","","3","other","66","","","","","","","","","","","","","","","","","","","","","",""
"41.79496099-77.02075746---2005","https://mapsengine.google.com/06136759344167181854-15960346301379896183-4/wms/?version=1.3.0","41.7949609946","-77.0207574634","2005","Tioga","final_internal","","3","","3","other","100","","","1","","1","other","100","","","","","","","","","","3","","3","other","100","","","","","","","","","","","","","","",""
"41.67139399-76.0883076---2010","https://mapsengine.google.com/06136759344167181854-06191489742681286724-4/wms/?version=1.3.0","41.67139399","-76.0883076","2010","Susquehanna","first_internal","","3","","3","other","100","","","9","1","10","other","90","","","3","","3","other","100","","","","","","","","","","","","","","","","","","","","","",""
"40.29422083-79.63381591---2005","https://mapsengine.google.com/06136759344167181854-15960346301379896183-4/wms/?version=1.3.0","40.2942208275","-79.6338159066","2005","Westmoreland","final_internal","","3","","3","other","100","","","1","","1","other","100","","","","","","","","","","3","","3","other","100","","","","","","","","","","","","","","",""
"40.82787976-79.67244136---2010","https://mapsengine.google.com/06136759344167181854-06191489742681286724-4/wms/?version=1.3.0","40.8278797613","-79.6724413643","2010","Armstrong","public","1","12","","13","other","92","","1","12","","13","other","92","","","","","","","","","","","","","","","","","","","","","","","","","","","","",""
"40.3308146-79.48315236---2010","https://mapsengine.google.com/06136759344167181854-06191489742681286724-4/wms/?version=1.3.0","40.3308145975","-79.4831523639","2010","Westmoreland","public","","10","","10","other","100","","","10","","10","other","100","","","","","","","","","","","","","","","","","","","","","","","","","","","","",""
"41.3395236-77.17673877---2010","https://mapsengine.google.com/06136759344167181854-06191489742681286724-4/wms/?version=1.3.0","41.3395236043","-77.1767387702","2010","Lycoming","public","","9","1","10","other","90","","","9","1","10","other","90","","","","","","","","","","","","","","","","","","","","","","","","","","","","",""
"41.77954837-77.12422481---2008","https://mapsengine.google.com/06136759344167181854-00219351362547715467-4/wms/?version=1.3.0","41.779548374","-77.1242248101","2008","Tioga","final_internal","","4","","4","other","100","","","1","","1","other","100","","","","","","","","","","4","","4","other","100","","","","","","","","","","","","","","",""
"41.54718857-76.65083464---2010","https://mapsengine.google.com/06136759344167181854-06191489742681286724-4/wms/?version=1.3.0","41.54718857","-76.65083464","2010","Sullivan","first_internal","","3","","3","other","100","","","10","","10","other","100","","","3","","3","other","100","","","","","","","","","","","","","","","","","","","","","",""
"41.30047793-76.6019143---2010","https://mapsengine.google.com/06136759344167181854-06191489742681286724-4/wms/?version=1.3.0","41.3004779324","-76.6019143034","2010","Lycoming","public","","10","","10","other","100","","","10","","10","other","100","","","","","","","","","","","","","","","","","","","","","","","","","","","","",""
"39.7698366-79.88963102---2010","https://mapsengine.google.com/06136759344167181854-06191489742681286724-4/wms/?version=1.3.0","39.7698365963","-79.8896310248","2010","Fayette","sweeper_internal","1","","","1","fracking","100","","7","1","2","10","fracking","70","","","","","","","","","","","","","","","","1","","","1","fracking","100","","","","","","","",""
"41.69782298-76.84379403---2008","https://mapsengine.google.com/06136759344167181854-00219351362547715467-4/wms/?version=1.3.0","41.6978229826","-76.8437940331","2008","Bradford","final_internal","","3","","3","other","100","","","1","","1","other","100","","","3","","3","other","100","","","3","","3","other","100","","","","","","","","","","","","","","",""
"41.7409924-75.94888179---2010","https://mapsengine.google.com/06136759344167181854-06191489742681286724-4/wms/?version=1.3.0","41.7409924","-75.94888179","2010","Susquehanna","first_internal","","3","","3","other","100","","","10","","10","other","100","","","3","","3","other","100","","","","","","","","","","","","","","","","","","","","","",""
"40.71056517-79.40790407---2008","https://mapsengine.google.com/06136759344167181854-00219351362547715467-4/wms/?version=1.3.0","40.7105651742","-79.4079040735","2008","Armstrong","first_internal","","3","","3","other","100","","","4","2","6","other","66","","","3","","3","other","100","","","","","","","","","","","","","","","","","","","","","",""
"41.73482509-77.16418868---2010","https://mapsengine.google.com/06136759344167181854-06191489742681286724-4/wms/?version=1.3.0","41.7348250885","-77.164188684","2010","Tioga","public","10","","","10","fracking","100","","10","","","10","fracking","100","","","","","","","","","","","","","","","","","","","","","","","","","","","","",""
"41.58360902-78.47543144---2010","https://mapsengine.google.com/06136759344167181854-06191489742681286724-4/wms/?version=1.3.0","41.5836090191","-78.4754314409","2010","Elk","sweeper_internal","","1","","1","other","100","","4","1","5","10","unknown","50","","","","","","","","","","","","","","","","","1","","1","other","100","","","","","","","",""
"40.01183516-79.6331264---2010","https://mapsengine.google.com/06136759344167181854-06191489742681286724-4/wms/?version=1.3.0","40.0118351626","-79.6331264001","2010","Fayette","public","","10","","10","other","100","","","10","","10","other","100","","","","","","","","","","","","","","","","","","","","","","","","","","","","",""
"41.58679521-76.84864089---2010","https://mapsengine.google.com/06136759344167181854-06191489742681286724-4/wms/?version=1.3.0","41.5867952096","-76.8486408876","2010","Lycoming","public","","8","2","10","other","80","","","8","2","10","other","80","","","","","","","","","","","","","","","","","","","","","","","","","","","","",""
"41.74371793-77.01775609---2010","https://mapsengine.google.com/06136759344167181854-06191489742681286724-4/wms/?version=1.3.0","41.7437179267","-77.0177560948","2010","Tioga","sweeper_internal","","1","","1","other","100","","6","1","4","11","fracking","54","","","","","","","","","","","","","","","","","1","","1","other","100","","","","","","","",""
"41.71049978-75.8664055---2005","https://mapsengine.google.com/06136759344167181854-15960346301379896183-4/wms/?version=1.3.0","41.7104997808","-75.8664055018","2005","Susquehanna","final_internal","","3","","3","other","100","","","1","","1","other","100","","","3","","3","other","100","","","3","","3","other","100","","","","","","","","","","","","","","",""
"41.61984549-76.83035266---2005","https://mapsengine.google.com/06136759344167181854-15960346301379896183-4/wms/?version=1.3.0","41.6198454923","-76.8303526628","2005","Bradford","final_internal","","4","","4","other","100","","","1","","1","other","100","","","3","","3","other","100","","","4","","4","other","100","","","","","","","","","","","","","","",""
"41.73804937-77.41192091---2010","https://mapsengine.google.com/06136759344167181854-06191489742681286724-4/wms/?version=1.3.0","41.7380493682","-77.4119209149","2010","Tioga","public","","10","","10","other","100","","","10","","10","other","100","","","","","","","","","","","","","","","","","","","","","","","","","","","","",""
"41.71588865-76.0859166---2005","https://mapsengine.google.com/06136759344167181854-15960346301379896183-4/wms/?version=1.3.0","41.7158886476","-76.0859166042","2005","Susquehanna","final_internal","","3","","3","other","100","","","1","","1","other","100","","","3","","3","other","100","","","3","","3","other","100","","","","","","","","","","","","","","",""
"41.7399524-76.10069418---2008","https://mapsengine.google.com/06136759344167181854-00219351362547715467-4/wms/?version=1.3.0","41.739952397","-76.1006941751","2008","Susquehanna","final_internal","","3","","3","other","100","","","1","","1","other","100","","","3","","3","other","100","","","3","","3","other","100","","","","","","","","","","","","","","",""
"39.96895714-79.9869014---2005","https://mapsengine.google.com/06136759344167181854-15960346301379896183-4/wms/?version=1.3.0","39.9689571386","-79.9869014029","2005","Fayette","final_internal","1","2","","3","other","66","","","","1","1","unknown","100","","","","","","","","","1","2","","3","other","66","","","","","","","","","","","","","","",""
"41.86805979-76.60410135---2010","https://mapsengine.google.com/06136759344167181854-06191489742681286724-4/wms/?version=1.3.0","41.868059787","-76.6041013545","2010","Bradford","sweeper_internal","","1","","1","other","100","","3","7","2","12","other","58","","","3","","3","other","100","","","","","","","","","","1","","1","other","100","","","","","","","",""
"39.8184915-79.97667404---2010","https://mapsengine.google.com/06136759344167181854-06191489742681286724-4/wms/?version=1.3.0","39.8184915031","-79.9766740429","2010","Greene","public","10","","","10","fracking","100","","10","","","10","fracking","100","","","","","","","","","","","","","","","","","","","","","","","","","","","","",""
"41.69766337-76.43895372---2008","https://mapsengine.google.com/06136759344167181854-00219351362547715467-4/wms/?version=1.3.0","41.6976633657","-76.4389537186","2008","Bradford","final_internal","","3","","3","other","100","","","1","","1","other","100","","","3","","3","other","100","","","3","","3","other","100","","","","","","","","","","","","","","",""
"41.78442868-76.36818692---2005","https://mapsengine.google.com/06136759344167181854-15960346301379896183-4/wms/?version=1.3.0","41.7844286824","-76.3681869169","2005","Bradford","final_internal","","3","","3","other","100","","","1","","1","other","100","","","3","","3","other","100","","","3","","3","other","100","","","","","","","","","","","","","","",""
"40.19221724-79.71269645---2008","https://mapsengine.google.com/06136759344167181854-00219351362547715467-4/wms/?version=1.3.0","40.1922172412","-79.7126964506","2008","Westmoreland","first_internal","2","","1","3","fracking","66","","1","","","1","fracking","100","","2","","1","3","fracking","66","","","","","","","","","","","","","","","","","","","","","",""
"41.84740945-76.05893936---2008","https://mapsengine.google.com/06136759344167181854-00219351362547715467-4/wms/?version=1.3.0","41.8474094539","-76.0589393629","2008","Susquehanna","final_internal","","3","","3","other","100","","","1","","1","other","100","","","3","","3","other","100","","","3","","3","other","100","","","","","","","","","","","","","","",""
"40.27491362-80.31119064---2010","https://mapsengine.google.com/06136759344167181854-06191489742681286724-4/wms/?version=1.3.0","40.2749136245","-80.3111906408","2010","Washington","public","","10","","10","other","100","","","10","","10","other","100","","","","","","","","","","","","","","","","","","","","","","","","","","","","",""
"41.72314628-76.24609356---2010","https://mapsengine.google.com/06136759344167181854-06191489742681286724-4/wms/?version=1.3.0","41.72314628","-76.24609356","2010","Bradford","first_internal","2","","1","3","fracking","66","","8","1","1","10","fracking","80","","2","","1","3","fracking","66","","","","","","","","","","","","","","","","","","","","","",""
"41.96101013-76.93945474---2010","https://mapsengine.google.com/06136759344167181854-06191489742681286724-4/wms/?version=1.3.0","41.9610101277","-76.939454742","2010","Tioga","public","","10","","10","other","100","","","10","","10","other","100","","","","","","","","","","","","","","","","","","","","","","","","","","","","",""
"39.86730135-79.99292207---2010","https://mapsengine.google.com/06136759344167181854-06191489742681286724-4/wms/?version=1.3.0","39.8673013473","-79.9929220742","2010","Greene","sweeper_internal","1","","","1","fracking","100","","2","6","2","10","other","60","","","","","","","","","","","","","","","","1","","","1","fracking","100","","","","","","","",""
"41.64172933-76.37025467---2008","https://mapsengine.google.com/06136759344167181854-00219351362547715467-4/wms/?version=1.3.0","41.641729325","-76.3702546694","2008","Bradford","final_internal","","3","","3","other","100","","","1","","1","other","100","","","3","","3","other","100","","","3","","3","other","100","","","","","","","","","","","","","","",""
"41.91110074-76.92012519---2008","https://mapsengine.google.com/06136759344167181854-00219351362547715467-4/wms/?version=1.3.0","41.9111007409","-76.9201251938","2008","Tioga","final_internal","","3","","3","other","100","","","1","","1","other","100","","","","","","","","","","3","","3","other","100","","","","","","","","","","","","","","",""
"41.68454581-75.36596918---2008","https://mapsengine.google.com/06136759344167181854-00219351362547715467-4/wms/?version=1.3.0","41.6845458089","-75.3659691807","2008","Wayne","final_internal","1","2","","3","other","66","","1","","","1","fracking","100","","3","","","3","fracking","100","","1","2","","3","other","66","","","","","","","","","","","","","","",""
"40.96707369-78.82003952---2010","https://mapsengine.google.com/06136759344167181854-06191489742681286724-4/wms/?version=1.3.0","40.9670736878","-78.8200395164","2010","Jefferson","public","","9","1","10","other","90","","","9","1","10","other","90","","","","","","","","","","","","","","","","","","","","","","","","","","","","",""
"41.86296174-76.67763604---2010","https://mapsengine.google.com/06136759344167181854-06191489742681286724-4/wms/?version=1.3.0","41.86296174","-76.67763604","2010","Bradford","first_internal","","3","","3","other","100","","","10","","10","other","100","","","3","","3","other","100","","","","","","","","","","","","","","","","","","","","","",""
"40.28474229-79.70169762---2010","https://mapsengine.google.com/06136759344167181854-06191489742681286724-4/wms/?version=1.3.0","40.2847422908","-79.701697615","2010","Westmoreland","public","10","","","10","fracking","100","","10","","","10","fracking","100","","","","","","","","","","","","","","","","","","","","","","","","","","","","",""
"40.11936005-79.78613599---2010","https://mapsengine.google.com/06136759344167181854-06191489742681286724-4/wms/?version=1.3.0","40.1193600503","-79.7861359942","2010","Fayette","public","","10","","10","other","100","","","10","","10","other","100","","","","","","","","","","","","","","","","","","","","","","","","","","","","",""
"40.12029841-79.80220795---2010","https://mapsengine.google.com/06136759344167181854-06191489742681286724-4/wms/?version=1.3.0","40.1202984057","-79.802207955","2010","Fayette","sweeper_internal","","1","","1","other","100","","","8","4","12","other","66","","","","","","","","","","","","","","","","","1","","1","other","100","","","","","","","",""
"40.45136166-79.54878802---2008","https://mapsengine.google.com/06136759344167181854-00219351362547715467-4/wms/?version=1.3.0","40.4513616629","-79.5487880197","2008","Westmoreland","first_internal","","3","","3","other","100","","","1","","1","other","100","","","3","","3","other","100","","","","","","","","","","","","","","","","","","","","","",""
"41.47382842-78.92705715---2010","https://mapsengine.google.com/06136759344167181854-06191489742681286724-4/wms/?version=1.3.0","41.4738284172","-78.9270571515","2010","Elk","public","","12","","12","other","100","","","12","","12","other","100","","","","","","","","","","","","","","","","","","","","","","","","","","","","",""
"39.89776211-80.28662898---2010","https://mapsengine.google.com/06136759344167181854-06191489742681286724-4/wms/?version=1.3.0","39.8977621115","-80.2866289772","2010","Greene","public","10","","","10","fracking","100","","10","","","10","fracking","100","","","","","","","","","","","","","","","","","","","","","","","","","","","","",""
"41.73422205-75.88345113---2005","https://mapsengine.google.com/06136759344167181854-15960346301379896183-4/wms/?version=1.3.0","41.7342220458","-75.8834511258","2005","Susquehanna","final_internal","","3","","3","other","100","","","1","","1","other","100","","","3","","3","other","100","","","3","","3","other","100","","","","","","","","","","","","","","",""
"41.66385153-75.66535794---2008","https://mapsengine.google.com/06136759344167181854-00219351362547715467-4/wms/?version=1.3.0","41.6638515318","-75.6653579363","2008","Susquehanna","final_internal","","3","","3","other","100","","","1","","1","other","100","","","3","","3","other","100","","","3","","3","other","100","","","","","","","","","","","","","","",""
"39.92686031-79.98543472---2008","https://mapsengine.google.com/06136759344167181854-00219351362547715467-4/wms/?version=1.3.0","39.9268603057","-79.9854347248","2008","Greene","first_internal","","3","","3","other","100","","","9","1","10","other","90","","","3","","3","other","100","","","","","","","","","","","","","","","","","","","","","",""
"41.71208829-75.92324898---2008","https://mapsengine.google.com/06136759344167181854-00219351362547715467-4/wms/?version=1.3.0","41.7120882874","-75.9232489825","2008","Susquehanna","final_internal","","3","","3","other","100","","","1","","1","other","100","","","3","","3","other","100","","","3","","3","other","100","","","","","","","","","","","","","","",""
"39.94440933-80.02506182---2008","https://mapsengine.google.com/06136759344167181854-00219351362547715467-4/wms/?version=1.3.0","39.9444093307","-80.0250618216","2008","Greene","sweeper_internal","","1","","1","other","100","","1","7","2","10","other","70","","","3","","3","other","100","","","","","","","","","","1","","1","other","100","","","","","","","",""
"41.71702981-76.1895457---2010","https://mapsengine.google.com/06136759344167181854-06191489742681286724-4/wms/?version=1.3.0","41.71702981","-76.1895457","2010","Bradford","first_internal","","3","","3","other","100","","","12","1","13","other","92","","","3","","3","other","100","","","","","","","","","","","","","","","","","","","","","",""
"41.7442516-75.94890539---2005","https://mapsengine.google.com/06136759344167181854-15960346301379896183-4/wms/?version=1.3.0","41.7442515963","-75.9489053867","2005","Susquehanna","final_internal","","3","","3","other","100","","","1","","1","other","100","","","3","","3","other","100","","","3","","3","other","100","","","","","","","","","","","","","","",""
"41.76171509-76.07606133---2010","https://mapsengine.google.com/06136759344167181854-06191489742681286724-4/wms/?version=1.3.0","41.76171509","-76.07606133","2010","Susquehanna","first_internal","","4","","4","other","100","","","10","","10","other","100","","","4","","4","other","100","","","","","","","","","","","","","","","","","","","","","",""
"41.86521969-76.86162507---2005","https://mapsengine.google.com/06136759344167181854-15960346301379896183-4/wms/?version=1.3.0","41.8652196911","-76.8616250736","2005","Bradford","final_internal","","3","","3","other","100","","1","","","1","fracking","100","","","3","","3","other","100","","","3","","3","other","100","","","","","","","","","","","","","","",""
"41.70952058-76.32057747---2008","https://mapsengine.google.com/06136759344167181854-00219351362547715467-4/wms/?version=1.3.0","41.7095205811","-76.3205774711","2008","Bradford","final_internal","","3","","3","other","100","","","","1","1","unknown","100","","","3","","3","other","100","","","3","","3","other","100","","","","","","","","","","","","","","",""
"41.75554452-76.6329533---2005","https://mapsengine.google.com/06136759344167181854-15960346301379896183-4/wms/?version=1.3.0","41.7555445156","-76.6329533015","2005","Bradford","final_internal","","3","","3","other","100","","","1","","1","other","100","","","3","","3","other","100","","","3","","3","other","100","","","","","","","","","","","","","","",""
"39.97218269-79.8266529---2010","https://mapsengine.google.com/06136759344167181854-06191489742681286724-4/wms/?version=1.3.0","39.9721826902","-79.8266528956","2010","Fayette","public","10","","","10","fracking","100","","10","","","10","fracking","100","","","","","","","","","","","","","","","","","","","","","","","","","","","","",""
"41.60313996-76.89275453---2010","https://mapsengine.google.com/06136759344167181854-06191489742681286724-4/wms/?version=1.3.0","41.6031399609","-76.8927545349","2010","Tioga","public","1","8","1","10","other","80","","1","8","1","10","other","80","","","","","","","","","","","","","","","","","","","","","","","","","","","","",""
"39.77203563-80.00584467---2010","https://mapsengine.google.com/06136759344167181854-06191489742681286724-4/wms/?version=1.3.0","39.7720356279","-80.0058446714","2010","Greene","sweeper_internal","1","","","1","fracking","100","","6","1","3","10","fracking","60","","","","","","","","","","","","","","","","1","","","1","fracking","100","","","","","","","",""
"39.73288265-80.00254635---2010","https://mapsengine.google.com/06136759344167181854-06191489742681286724-4/wms/?version=1.3.0","39.7328826466","-80.0025463463","2010","Greene","sweeper_internal","","1","","1","other","100","","3","6","1","10","other","60","","","","","","","","","","","","","","","","","1","","1","other","100","","","","","","","",""
"40.80314687-80.06509412---2010","https://mapsengine.google.com/06136759344167181854-06191489742681286724-4/wms/?version=1.3.0","40.8031468657","-80.0650941197","2010","Butler","public","10","","","10","fracking","100","","10","","","10","fracking","100","","","","","","","","","","","","","","","","","","","","","","","","","","","","",""
"41.70110225-77.54477832---2010","https://mapsengine.google.com/06136759344167181854-06191489742681286724-4/wms/?version=1.3.0","41.7011022498","-77.5447783197","2010","Tioga","public","","10","","10","other","100","","","10","","10","other","100","","","","","","","","","","","","","","","","","","","","","","","","","","","","",""
"41.04391888-78.08666684---2005","https://mapsengine.google.com/06136759344167181854-15960346301379896183-4/wms/?version=1.3.0","41.043918881","-78.0866668404","2005","Clearfield","final_internal","","3","","3","other","100","","","1","","1","other","100","","","","","","","","","","3","","3","other","100","","","","","","","","","","","","","","",""
"41.77080612-76.1029493---2010","https://mapsengine.google.com/06136759344167181854-06191489742681286724-4/wms/?version=1.3.0","41.7708061245","-76.1029493016","2010","Susquehanna","sweeper_internal","1","","","1","fracking","100","","9","1","2","12","fracking","75","","3","","","3","fracking","100","","","","","","","","","1","","","1","fracking","100","","","","","","","",""
"40.29656314-80.29551931---2010","https://mapsengine.google.com/06136759344167181854-06191489742681286724-4/wms/?version=1.3.0","40.2965631371","-80.2955193113","2010","Washington","public","","8","2","10","other","80","","","8","2","10","other","80","","","","","","","","","","","","","","","","","","","","","","","","","","","","",""
"41.96346953-77.00021383---2010","https://mapsengine.google.com/06136759344167181854-06191489742681286724-4/wms/?version=1.3.0","41.9634695347","-77.0002138338","2010","Tioga","sweeper_internal","","1","","1","other","100","","2","3","5","10","unknown","50","","","","","","","","","","","","","","","","","1","","1","other","100","","","","","","","",""
"41.7979444-77.24428702---2010","https://mapsengine.google.com/06136759344167181854-06191489742681286724-4/wms/?version=1.3.0","41.7979443963","-77.244287022","2010","Tioga","sweeper_internal","1","","","1","fracking","100","","8","1","2","11","fracking","72","","","","","","","","","","","","","","","","1","","","1","fracking","100","","","","","","","",""
"40.09140398-80.2275632---2010","https://mapsengine.google.com/06136759344167181854-06191489742681286724-4/wms/?version=1.3.0","40.0914039779","-80.227563197","2010","Washington","public","8","","2","10","fracking","80","","8","","2","10","fracking","80","","","","","","","","","","","","","","","","","","","","","","","","","","","","",""
"41.78999178-76.03063931---2005","https://mapsengine.google.com/06136759344167181854-15960346301379896183-4/wms/?version=1.3.0","41.789991777","-76.0306393123","2005","Susquehanna","final_internal","","3","","3","other","100","","","1","","1","other","100","","","3","","3","other","100","","","3","","3","other","100","","","","","","","","","","","","","","",""
"39.72197344-80.01827914---2010","https://mapsengine.google.com/06136759344167181854-06191489742681286724-4/wms/?version=1.3.0","39.7219734358","-80.0182791358","2010","Greene","public","1","9","","10","other","90","","1","9","","10","other","90","","","","","","","","","","","","","","","","","","","","","","","","","","","","",""
"41.77363184-75.96932736---2008","https://mapsengine.google.com/06136759344167181854-00219351362547715467-4/wms/?version=1.3.0","41.7736318372","-75.969327363","2008","Susquehanna","final_internal","","3","","3","other","100","","","1","","1","other","100","","","3","","3","other","100","","","3","","3","other","100","","","","","","","","","","","","","","",""
"41.73665298-75.9544714---2008","https://mapsengine.google.com/06136759344167181854-00219351362547715467-4/wms/?version=1.3.0","41.7366529817","-75.954471398","2008","Susquehanna","final_internal","","3","","3","other","100","","","1","","1","other","100","","","3","","3","other","100","","","3","","3","other","100","","","","","","","","","","","","","","",""
"39.7404536-79.83494708---2008","https://mapsengine.google.com/06136759344167181854-00219351362547715467-4/wms/?version=1.3.0","39.7404536048","-79.8349470782","2008","Fayette","first_internal","","3","","3","other","100","","1","5","","6","other","83","","","3","","3","other","100","","","","","","","","","","","","","","","","","","","","","",""
"40.78292681-80.03095453---2010","https://mapsengine.google.com/06136759344167181854-06191489742681286724-4/wms/?version=1.3.0","40.7829268108","-80.0309545321","2010","Butler","public","","10","","10","other","100","","","10","","10","other","100","","","","","","","","","","","","","","","","","","","","","","","","","","","","",""
"41.70843593-75.87542757---2005","https://mapsengine.google.com/06136759344167181854-15960346301379896183-4/wms/?version=1.3.0","41.7084359284","-75.8754275733","2005","Susquehanna","final_internal","","3","","3","other","100","","","1","","1","other","100","","","3","","3","other","100","","","3","","3","other","100","","","","","","","","","","","","","","",""
"40.83108215-79.66124771---2008","https://mapsengine.google.com/06136759344167181854-00219351362547715467-4/wms/?version=1.3.0","40.8310821467","-79.6612477128","2008","Armstrong","first_internal","","3","","3","other","100","","","6","","6","other","100","","","3","","3","other","100","","","","","","","","","","","","","","","","","","","","","",""
"41.67567195-75.8825021---2010","https://mapsengine.google.com/06136759344167181854-06191489742681286724-4/wms/?version=1.3.0","41.67567195","-75.8825021","2010","Susquehanna","first_internal","","3","","3","other","100","","","11","","11","other","100","","","3","","3","other","100","","","","","","","","","","","","","","","","","","","","","",""
"41.26733663-76.64168977---2010","https://mapsengine.google.com/06136759344167181854-06191489742681286724-4/wms/?version=1.3.0","41.267336633","-76.6416897685","2010","Lycoming","public","","12","","12","other","100","","","12","","12","other","100","","","","","","","","","","","","","","","","","","","","","","","","","","","","",""
"40.28101173-80.48537339---2010","https://mapsengine.google.com/06136759344167181854-06191489742681286724-4/wms/?version=1.3.0","40.2810117275","-80.4853733941","2010","Washington","public","","10","","10","other","100","","","10","","10","other","100","","","","","","","","","","","","","","","","","","","","","","","","","","","","",""
"39.80029372-80.00958384---2010","https://mapsengine.google.com/06136759344167181854-06191489742681286724-4/wms/?version=1.3.0","39.8002937152","-80.0095838388","2010","Greene","public","1","9","","10","other","90","","1","9","","10","other","90","","","","","","","","","","","","","","","","","","","","","","","","","","","","",""
"41.71975867-75.66049651---2008","https://mapsengine.google.com/06136759344167181854-00219351362547715467-4/wms/?version=1.3.0","41.719758672","-75.6604965128","2008","Susquehanna","final_internal","","3","","3","other","100","","","1","","1","other","100","","","3","","3","other","100","","","3","","3","other","100","","","","","","","","","","","","","","",""
"41.60084439-75.56773864---2008","https://mapsengine.google.com/06136759344167181854-00219351362547715467-4/wms/?version=1.3.0","41.6008443886","-75.5677386405","2008","Lackawanna","final_internal","","3","","3","other","100","","","1","","1","other","100","","","3","","3","other","100","","","3","","3","other","100","","","","","","","","","","","","","","",""
"41.63321824-76.17341526---2010","https://mapsengine.google.com/06136759344167181854-06191489742681286724-4/wms/?version=1.3.0","41.63321824","-76.17341526","2010","Wyoming","first_internal","","3","","3","other","100","","","10","","10","other","100","","","3","","3","other","100","","","","","","","","","","","","","","","","","","","","","",""
"40.74841125-80.03347915---2008","https://mapsengine.google.com/06136759344167181854-00219351362547715467-4/wms/?version=1.3.0","40.748411247","-80.0334791482","2008","Butler","first_internal","","3","","3","other","100","","","1","1","2","unknown|other","","50|50","","3","","3","other","100","","","","","","","","","","","","","","","","","","","","","",""
"41.66563658-78.49906547---2008","https://mapsengine.google.com/06136759344167181854-00219351362547715467-4/wms/?version=1.3.0","41.6656365796","-78.4990654701","2008","McKean","first_internal","","3","","3","other","100","","","8","","8","other","100","","","3","","3","other","100","","","","","","","","","","","","","","","","","","","","","",""
"40.82915676-79.6098708---2008","https://mapsengine.google.com/06136759344167181854-00219351362547715467-4/wms/?version=1.3.0","40.8291567644","-79.6098708023","2008","Armstrong","first_internal","","3","","3","other","100","","","7","1","8","other","87","","","3","","3","other","100","","","","","","","","","","","","","","","","","","","","","",""
"41.42873989-77.14206985---2010","https://mapsengine.google.com/06136759344167181854-06191489742681286724-4/wms/?version=1.3.0","41.4287398877","-77.1420698546","2010","Lycoming","sweeper_internal","","1","","1","other","100","","","8","4","12","other","66","","","","","","","","","","","","","","","","","1","","1","other","100","","","","","","","",""
"40.27118132-80.26148359---2010","https://mapsengine.google.com/06136759344167181854-06191489742681286724-4/wms/?version=1.3.0","40.2711813202","-80.2614835905","2010","Washington","public","2","8","","10","other","80","","2","8","","10","other","80","","","","","","","","","","","","","","","","","","","","","","","","","","","","",""
"39.86292683-80.02699945---2010","https://mapsengine.google.com/06136759344167181854-06191489742681286724-4/wms/?version=1.3.0","39.862926828","-80.0269994475","2010","Greene","public","10","","","10","fracking","100","","10","","","10","fracking","100","","","","","","","","","","","","","","","","","","","","","","","","","","","","",""
"41.70915608-76.32085444---2005","https://mapsengine.google.com/06136759344167181854-15960346301379896183-4/wms/?version=1.3.0","41.7091560757","-76.3208544419","2005","Bradford","final_internal","","3","","3","other","100","","","1","","1","other","100","","","3","","3","other","100","","","3","","3","other","100","","","","","","","","","","","","","","",""
"41.62839047-76.44169611---2010","https://mapsengine.google.com/06136759344167181854-06191489742681286724-4/wms/?version=1.3.0","41.62839047","-76.44169611","2010","Bradford","first_internal","","3","","3","other","100","","1","10","","11","other","90","","","3","","3","other","100","","","","","","","","","","","","","","","","","","","","","",""
"41.58936067-76.85665074---2008","https://mapsengine.google.com/06136759344167181854-00219351362547715467-4/wms/?version=1.3.0","41.589360667","-76.8566507422","2008","Lycoming","final_internal","","3","","3","other","100","","","","1","1","unknown","100","","","","","","","","","","3","","3","other","100","","","","","","","","","","","","","","",""
"40.17772026-80.4077583---2010","https://mapsengine.google.com/06136759344167181854-06191489742681286724-4/wms/?version=1.3.0","40.1777202627","-80.4077583011","2010","Washington","public","1","9","","10","other","90","","1","9","","10","other","90","","","","","","","","","","","","","","","","","","","","","","","","","","","","",""
"41.68647267-75.90221053---2008","https://mapsengine.google.com/06136759344167181854-00219351362547715467-4/wms/?version=1.3.0","41.6864726704","-75.9022105303","2008","Susquehanna","final_internal","1","2","","3","other","66","","","1","","1","other","100","","","3","","3","other","100","","1","2","","3","other","66","","","","","","","","","","","","","","",""
"41.54332877-76.42314721---2005","https://mapsengine.google.com/06136759344167181854-15960346301379896183-4/wms/?version=1.3.0","41.5433287722","-76.4231472061","2005","Sullivan","final_internal","","3","","3","other","100","","","1","","1","other","100","","","3","","3","other","100","","","3","","3","other","100","","","","","","","","","","","","","","",""
"41.77535015-76.86838796---2010","https://mapsengine.google.com/06136759344167181854-06191489742681286724-4/wms/?version=1.3.0","41.77535015","-76.86838796","2010","Bradford","first_internal","","3","","3","other","100","","","11","","11","other","100","","","3","","3","other","100","","","","","","","","","","","","","","","","","","","","","",""
"41.68121137-76.05737811---2008","https://mapsengine.google.com/06136759344167181854-00219351362547715467-4/wms/?version=1.3.0","41.6812113662","-76.0573781098","2008","Susquehanna","final_internal","","3","","3","other","100","","","1","","1","other","100","","","3","","3","other","100","","","3","","3","other","100","","","","","","","","","","","","","","",""
"39.92377384-79.98785651---2008","https://mapsengine.google.com/06136759344167181854-00219351362547715467-4/wms/?version=1.3.0","39.9237738404","-79.987856514","2008","Greene","first_internal","","3","","3","other","100","","","10","","10","other","100","","","3","","3","other","100","","","","","","","","","","","","","","","","","","","","","",""
"41.60070308-75.5677283---2005","https://mapsengine.google.com/06136759344167181854-15960346301379896183-4/wms/?version=1.3.0","41.6007030771","-75.5677283037","2005","Lackawanna","final_internal","","3","","3","other","100","","","1","","1","other","100","","","3","","3","other","100","","","3","","3","other","100","","","","","","","","","","","","","","",""
"41.75335686-76.72599332---2010","https://mapsengine.google.com/06136759344167181854-06191489742681286724-4/wms/?version=1.3.0","41.7533568607","-76.7259933156","2010","Bradford","sweeper_internal","","1","","1","other","100","","4","4","2","10","fracking|other","","40|40","","3","","3","other","100","","","","","","","","","","1","","1","other","100","","","","","","","",""
"41.69782152-75.83386261---2005","https://mapsengine.google.com/06136759344167181854-15960346301379896183-4/wms/?version=1.3.0","41.6978215173","-75.8338626083","2005","Susquehanna","final_internal","","3","","3","other","100","","","1","","1","other","100","","","3","","3","other","100","","","3","","3","other","100","","","","","","","","","","","","","","",""
"41.73112842-76.01593076---2005","https://mapsengine.google.com/06136759344167181854-15960346301379896183-4/wms/?version=1.3.0","41.7311284216","-76.0159307604","2005","Susquehanna","final_internal","","3","","3","other","100","","","1","","1","other","100","","","3","","3","other","100","","","3","","3","other","100","","","","","","","","","","","","","","",""
"41.67481439-78.50263648---2005","https://mapsengine.google.com/06136759344167181854-15960346301379896183-4/wms/?version=1.3.0","41.6748143882","-78.5026364813","2005","McKean","final_internal","2","1","","3","fracking","66","","","","1","1","unknown","100","","","","","","","","","2","1","","3","fracking","66","","","","","","","","","","","","","","",""
"41.6988594-76.44526491---2010","https://mapsengine.google.com/06136759344167181854-06191489742681286724-4/wms/?version=1.3.0","41.6988594","-76.44526491","2010","Bradford","first_internal","","3","","3","other","100","","","12","","12","other","100","","","3","","3","other","100","","","","","","","","","","","","","","","","","","","","","",""
"39.82530378-79.95520076---2010","https://mapsengine.google.com/06136759344167181854-06191489742681286724-4/wms/?version=1.3.0","39.8253037774","-79.9552007552","2010","Greene","public","10","","","10","fracking","100","","10","","","10","fracking","100","","","","","","","","","","","","","","","","","","","","","","","","","","","","",""
"40.69767093-78.90841361---2010","https://mapsengine.google.com/06136759344167181854-06191489742681286724-4/wms/?version=1.3.0","40.6976709271","-78.9084136101","2010","Indiana","public","","11","1","12","other","91","","","11","1","12","other","91","","","","","","","","","","","","","","","","","","","","","","","","","","","","",""
"39.73255495-79.95728005---2010","https://mapsengine.google.com/06136759344167181854-06191489742681286724-4/wms/?version=1.3.0","39.7325549493","-79.9572800523","2010","Greene","public","10","","","10","fracking","100","","10","","","10","fracking","100","","","","","","","","","","","","","","","","","","","","","","","","","","","","",""
"39.80394049-79.96886494---2008","https://mapsengine.google.com/06136759344167181854-00219351362547715467-4/wms/?version=1.3.0","39.803940485","-79.9688649402","2008","Greene","sweeper_internal","","1","","1","other","100","","6","2","2","10","fracking","60","","1","2","","3","other","66","","","","","","","","","","1","","1","other","100","","","","","","","",""
"41.78452598-77.27795679---2008","https://mapsengine.google.com/06136759344167181854-00219351362547715467-4/wms/?version=1.3.0","41.7845259847","-77.2779567929","2008","Tioga","final_internal","","3","","3","other","100","","","1","","1","other","100","","","","","","","","","","3","","3","other","100","","","","","","","","","","","","","","",""
"41.77235038-76.80353716---2010","https://mapsengine.google.com/06136759344167181854-06191489742681286724-4/wms/?version=1.3.0","41.77235038","-76.80353716","2010","Bradford","first_internal","3","","","3","fracking","100","","11","1","","12","fracking","91","","3","","","3","fracking","100","","","","","","","","","","","","","","","","","","","","","",""
"41.411076-78.27597139---2010","https://mapsengine.google.com/06136759344167181854-06191489742681286724-4/wms/?version=1.3.0","41.4110760047","-78.2759713884","2010","Cameron","sweeper_internal","","1","","1","other","100","","4","3","3","10","fracking","40","","","","","","","","","","","","","","","","","1","","1","other","100","","","","","","","",""
"41.68045555-77.38187272---2008","https://mapsengine.google.com/06136759344167181854-00219351362547715467-4/wms/?version=1.3.0","41.6804555459","-77.3818727209","2008","Tioga","final_internal","","3","","3","other","100","","","","1","1","unknown","100","","","","","","","","","","3","","3","other","100","","","","","","","","","","","","","","",""
"40.88028476-79.55438486---2010","https://mapsengine.google.com/06136759344167181854-06191489742681286724-4/wms/?version=1.3.0","40.8802847572","-79.5543848576","2010","Armstrong","public","1","8","1","10","other","80","","1","8","1","10","other","80","","","","","","","","","","","","","","","","","","","","","","","","","","","","",""
"41.91327877-75.80752963---2010","https://mapsengine.google.com/06136759344167181854-06191489742681286724-4/wms/?version=1.3.0","41.91327877","-75.80752963","2010","Susquehanna","first_internal","","4","","4","other","100","","","10","","10","other","100","","","4","","4","other","100","","","","","","","","","","","","","","","","","","","","","",""
"40.26560851-80.31521365---2010","https://mapsengine.google.com/06136759344167181854-06191489742681286724-4/wms/?version=1.3.0","40.2656085074","-80.3152136511","2010","Washington","public","","10","","10","other","100","","","10","","10","other","100","","","","","","","","","","","","","","","","","","","","","","","","","","","","",""
"41.72101226-75.89442076---2010","https://mapsengine.google.com/06136759344167181854-06191489742681286724-4/wms/?version=1.3.0","41.72101226","-75.89442076","2010","Susquehanna","first_internal","","3","","3","other","100","","","10","","10","other","100","","","3","","3","other","100","","","","","","","","","","","","","","","","","","","","","",""
"41.59227343-77.09466106---2010","https://mapsengine.google.com/06136759344167181854-06191489742681286724-4/wms/?version=1.3.0","41.59227343","-77.0946610619","2010","Tioga","sweeper_internal","1","","","1","fracking","100","","7","2","1","10","fracking","70","","","","","","","","","","","","","","","","1","","","1","fracking","100","","","","","","","",""
"41.76199071-76.10664369---2010","https://mapsengine.google.com/06136759344167181854-06191489742681286724-4/wms/?version=1.3.0","41.76199071","-76.10664369","2010","Susquehanna","first_internal","","3","","3","other","100","","","12","","12","other","100","","","3","","3","other","100","","","","","","","","","","","","","","","","","","","","","",""
"39.93155422-79.96706319---2010","https://mapsengine.google.com/06136759344167181854-06191489742681286724-4/wms/?version=1.3.0","39.9315542172","-79.9670631877","2010","Greene","public","","10","","10","other","100","","","10","","10","other","100","","","","","","","","","","","","","","","","","","","","","","","","","","","","",""
"40.52628516-79.20540743---2010","https://mapsengine.google.com/06136759344167181854-06191489742681286724-4/wms/?version=1.3.0","40.5262851621","-79.2054074347","2010","Indiana","sweeper_internal","","1","","1","other","100","","","7","4","11","other","63","","","","","","","","","","","","","","","","","1","","1","other","100","","","","","","","",""
"39.91450437-79.9648614---2008","https://mapsengine.google.com/06136759344167181854-00219351362547715467-4/wms/?version=1.3.0","39.914504368","-79.9648613999","2008","Greene","sweeper_internal","","1","","1","other","100","","1","7","2","10","other","70","","","3","","3","other","100","","","","","","","","","","1","","1","other","100","","","","","","","",""
"41.7174039-76.05587004---2010","https://mapsengine.google.com/06136759344167181854-06191489742681286724-4/wms/?version=1.3.0","41.7174039","-76.05587004","2010","Susquehanna","first_internal","","3","","3","other","100","","","10","","10","other","100","","","3","","3","other","100","","","","","","","","","","","","","","","","","","","","","",""
"40.39551643-80.48780838---2005","https://mapsengine.google.com/06136759344167181854-15960346301379896183-4/wms/?version=1.3.0","40.3955164272","-80.4878083759","2005","Washington","final_internal","","3","","3","other","100","","","1","","1","other","100","","","","","","","","","","3","","3","other","100","","","","","","","","","","","","","","",""
"40.273234-80.2579745---2010","https://mapsengine.google.com/06136759344167181854-06191489742681286724-4/wms/?version=1.3.0","40.2732340027","-80.2579745031","2010","Washington","public","10","","","10","fracking","100","","10","","","10","fracking","100","","","","","","","","","","","","","","","","","","","","","","","","","","","","",""
"40.09325247-79.96790668---2010","https://mapsengine.google.com/06136759344167181854-06191489742681286724-4/wms/?version=1.3.0","40.093252469","-79.9679066763","2010","Washington","sweeper_internal","1","","","1","fracking","100","","6","2","2","10","fracking","60","","","","","","","","","","","","","","","","1","","","1","fracking","100","","","","","","","",""
"41.33508868-77.16453874---2010","https://mapsengine.google.com/06136759344167181854-06191489742681286724-4/wms/?version=1.3.0","41.335088684","-77.1645387399","2010","Lycoming","sweeper_internal","1","","","1","fracking","100","","6","3","4","13","fracking","46","","","","","","","","","","","","","","","","1","","","1","fracking","100","","","","","","","",""
"39.93226382-79.85791316---2010","https://mapsengine.google.com/06136759344167181854-06191489742681286724-4/wms/?version=1.3.0","39.9322638175","-79.8579131564","2010","Fayette","public","","11","","11","other","100","","","11","","11","other","100","","","","","","","","","","","","","","","","","","","","","","","","","","","","",""
"41.68082387-76.0484685---2005","https://mapsengine.google.com/06136759344167181854-15960346301379896183-4/wms/?version=1.3.0","41.6808238694","-76.0484684984","2005","Susquehanna","final_internal","","3","","3","other","100","","","1","","1","other","100","","","3","","3","other","100","","","3","","3","other","100","","","","","","","","","","","","","","",""
"40.27023202-80.36801436---2010","https://mapsengine.google.com/06136759344167181854-06191489742681286724-4/wms/?version=1.3.0","40.2702320206","-80.3680143558","2010","Washington","public","","10","","10","other","100","","","10","","10","other","100","","","","","","","","","","","","","","","","","","","","","","","","","","","","",""
"40.25985629-80.3375766---2010","https://mapsengine.google.com/06136759344167181854-06191489742681286724-4/wms/?version=1.3.0","40.2598562937","-80.3375765962","2010","Washington","sweeper_internal","","1","","1","other","100","","7","2","1","10","fracking","70","","","","","","","","","","","","","","","","","1","","1","other","100","","","","","","","",""
"40.14140088-80.26141971---2010","https://mapsengine.google.com/06136759344167181854-06191489742681286724-4/wms/?version=1.3.0","40.1414008834","-80.2614197079","2010","Washington","sweeper_internal","","1","","1","other","100","","2","5","3","10","other","50","","","","","","","","","","","","","","","","","1","","1","other","100","","","","","","","",""
"39.72226898-80.01736551---2005","https://mapsengine.google.com/06136759344167181854-15960346301379896183-4/wms/?version=1.3.0","39.7222689808","-80.0173655126","2005","Greene","final_internal","","3","","3","other","100","","","","1","1","unknown","100","","","","","","","","","","3","","3","other","100","","","","","","","","","","","","","","",""
"41.65811718-76.28684025---2010","https://mapsengine.google.com/06136759344167181854-06191489742681286724-4/wms/?version=1.3.0","41.6581171846","-76.286840248","2010","Bradford","sweeper_internal","","1","","1","other","100","","1","8","2","11","other","72","","","3","","3","other","100","","","","","","","","","","1","","1","other","100","","","","","","","",""
"41.64476116-76.38730077---2008","https://mapsengine.google.com/06136759344167181854-00219351362547715467-4/wms/?version=1.3.0","41.6447611643","-76.3873007658","2008","Bradford","final_internal","","3","","3","other","100","","","1","","1","other","100","","","3","","3","other","100","","","3","","3","other","100","","","","","","","","","","","","","","",""
"39.95475185-79.83520534---2005","https://mapsengine.google.com/06136759344167181854-15960346301379896183-4/wms/?version=1.3.0","39.9547518502","-79.8352053393","2005","Fayette","final_internal","1","2","","3","other","66","","1","","","1","fracking","100","","","","","","","","","1","2","","3","other","66","","","","","","","","","","","","","","",""
"40.86372863-79.50222637---2008","https://mapsengine.google.com/06136759344167181854-00219351362547715467-4/wms/?version=1.3.0","40.8637286262","-79.5022263652","2008","Armstrong","first_internal","","3","","3","other","100","","1","4","1","6","other","66","","","3","","3","other","100","","","","","","","","","","","","","","","","","","","","","",""
"41.71659881-76.18938019---2010","https://mapsengine.google.com/06136759344167181854-06191489742681286724-4/wms/?version=1.3.0","41.71659881","-76.18938019","2010","Bradford","first_internal","","3","","3","other","100","","","10","","10","other","100","","","3","","3","other","100","","","","","","","","","","","","","","","","","","","","","",""
"40.79730745-79.59133364---2008","https://mapsengine.google.com/06136759344167181854-00219351362547715467-4/wms/?version=1.3.0","40.7973074537","-79.59133364","2008","Armstrong","first_internal","","3","","3","other","100","","","7","","7","other","100","","","3","","3","other","100","","","","","","","","","","","","","","","","","","","","","",""
"41.95427481-76.85819732---2008","https://mapsengine.google.com/06136759344167181854-00219351362547715467-4/wms/?version=1.3.0","41.9542748078","-76.8581973215","2008","Bradford","final_internal","","3","","3","other","100","","","1","","1","other","100","","","3","","3","other","100","","","3","","3","other","100","","","","","","","","","","","","","","",""
"41.65563771-76.04119186---2008","https://mapsengine.google.com/06136759344167181854-00219351362547715467-4/wms/?version=1.3.0","41.6556377108","-76.0411918609","2008","Susquehanna","final_internal","","3","","3","other","100","","","1","","1","other","100","","","3","","3","other","100","","","3","","3","other","100","","","","","","","","","","","","","","",""
"39.99867126-79.80709155---2008","https://mapsengine.google.com/06136759344167181854-00219351362547715467-4/wms/?version=1.3.0","39.9986712644","-79.8070915505","2008","Fayette","sweeper_internal","","1","","1","other","100","","4","5","1","10","other","50","","1","1","1","3","fracking|unknown|other","","33|33|33","","","","","","","","","1","","1","other","100","","","","","","","",""
"40.51255586-79.18109008---2010","https://mapsengine.google.com/06136759344167181854-06191489742681286724-4/wms/?version=1.3.0","40.5125558642","-79.181090079","2010","Indiana","public","","10","","10","other","100","","","10","","10","other","100","","","","","","","","","","","","","","","","","","","","","","","","","","","","",""
"41.42153142-78.27769764---2010","https://mapsengine.google.com/06136759344167181854-06191489742681286724-4/wms/?version=1.3.0","41.4215314158","-78.2776976433","2010","Cameron","public","","10","","10","other","100","","","10","","10","other","100","","","","","","","","","","","","","","","","","","","","","","","","","","","","",""
"41.79703889-76.22369204---2005","https://mapsengine.google.com/06136759344167181854-15960346301379896183-4/wms/?version=1.3.0","41.7970388911","-76.2236920432","2005","Bradford","final_internal","","3","","3","other","100","","","1","","1","other","100","","","3","","3","other","100","","","3","","3","other","100","","","","","","","","","","","","","","",""
"41.69875407-76.72772771---2010","https://mapsengine.google.com/06136759344167181854-06191489742681286724-4/wms/?version=1.3.0","41.69875407","-76.72772771","2010","Bradford","first_internal","","3","","3","other","100","","","9","1","10","other","90","","","3","","3","other","100","","","","","","","","","","","","","","","","","","","","","",""
"41.7816802-77.34012301---2005","https://mapsengine.google.com/06136759344167181854-15960346301379896183-4/wms/?version=1.3.0","41.7816801952","-77.3401230058","2005","Tioga","missing_internal","","1","","1","other","100","","","","","","fracking|unknown|other","","","","","","","","","","","","","","","","","","","","","","","","","1","","1","other","100",""
"41.66941901-76.96770899---2010","https://mapsengine.google.com/06136759344167181854-06191489742681286724-4/wms/?version=1.3.0","41.6694190147","-76.9677089851","2010","Tioga","public","","12","","12","other","100","","","12","","12","other","100","","","","","","","","","","","","","","","","","","","","","","","","","","","","",""
"40.27808379-80.33892461---2005","https://mapsengine.google.com/06136759344167181854-15960346301379896183-4/wms/?version=1.3.0","40.278083785","-80.3389246096","2005","Washington","final_internal","","3","","3","other","100","","","1","","1","other","100","","","","","","","","","","3","","3","other","100","","","","","","","","","","","","","","",""
"40.68130417-79.75719344---2010","https://mapsengine.google.com/06136759344167181854-06191489742681286724-4/wms/?version=1.3.0","40.6813041742","-79.7571934408","2010","Butler","sweeper_internal","","1","","1","other","100","","2","4","5","11","unknown","45","","","","","","","","","","","","","","","","","1","","1","other","100","","","","","","","",""
"39.90535741-80.14390567---2010","https://mapsengine.google.com/06136759344167181854-06191489742681286724-4/wms/?version=1.3.0","39.9053574069","-80.1439056653","2010","Greene","public","10","","","10","fracking","100","","10","","","10","fracking","100","","","","","","","","","","","","","","","","","","","","","","","","","","","","",""
"41.20380957-76.63347774---2010","https://mapsengine.google.com/06136759344167181854-06191489742681286724-4/wms/?version=1.3.0","41.2038095699","-76.6334777395","2010","Lycoming","public","","10","","10","other","100","","","10","","10","other","100","","","","","","","","","","","","","","","","","","","","","","","","","","","","",""
"41.52576122-76.35153099---2010","https://mapsengine.google.com/06136759344167181854-06191489742681286724-4/wms/?version=1.3.0","41.52576122","-76.35153099","2010","Sullivan","first_internal","","3","","3","other","100","","","8","2","10","other","80","","","3","","3","other","100","","","","","","","","","","","","","","","","","","","","","",""
"40.7609647-79.73698733---2008","https://mapsengine.google.com/06136759344167181854-00219351362547715467-4/wms/?version=1.3.0","40.760964701","-79.7369873312","2008","Butler","first_internal","","3","","3","other","100","","","2","","2","other","100","","","3","","3","other","100","","","","","","","","","","","","","","","","","","","","","",""
"41.72361549-76.78857783---2008","https://mapsengine.google.com/06136759344167181854-00219351362547715467-4/wms/?version=1.3.0","41.7236154875","-76.7885778309","2008","Bradford","final_internal","","3","","3","other","100","","","1","","1","other","100","","","3","","3","other","100","","","3","","3","other","100","","","","","","","","","","","","","","",""
"40.83187568-79.66253674---2010","https://mapsengine.google.com/06136759344167181854-06191489742681286724-4/wms/?version=1.3.0","40.8318756753","-79.6625367443","2010","Armstrong","public","","9","1","10","other","90","","","9","1","10","other","90","","","","","","","","","","","","","","","","","","","","","","","","","","","","",""
"40.81389224-80.20781849---2010","https://mapsengine.google.com/06136759344167181854-06191489742681286724-4/wms/?version=1.3.0","40.8138922361","-80.2078184948","2010","Beaver","sweeper_internal","","1","","1","other","100","","1","10","2","13","other","76","","1","2","","3","other","66","","","","","","","","","","1","","1","other","100","","","","","","","",""
"40.51207388-79.18274282---2008","https://mapsengine.google.com/06136759344167181854-00219351362547715467-4/wms/?version=1.3.0","40.5120738832","-79.1827428229","2008","Indiana","final_internal","","2","1","3","other","66","","1","","","1","fracking","100","","","","","","","","","","2","1","3","other","66","","","","","","","","","","","","","","",""
"41.27065368-77.27879382---2010","https://mapsengine.google.com/06136759344167181854-06191489742681286724-4/wms/?version=1.3.0","41.2706536773","-77.2787938177","2010","Lycoming","sweeper_internal","","1","","1","other","100","","","9","4","13","other","69","","","","","","","","","","","","","","","","","1","","1","other","100","","","","","","","",""
"40.28006998-80.23607826---2005","https://mapsengine.google.com/06136759344167181854-15960346301379896183-4/wms/?version=1.3.0","40.2800699775","-80.2360782624","2005","Washington","final_internal","","3","","3","other","100","","","1","","1","other","100","","","","","","","","","","3","","3","other","100","","","","","","","","","","","","","","",""
"41.97470195-77.56711255---2010","https://mapsengine.google.com/06136759344167181854-06191489742681286724-4/wms/?version=1.3.0","41.9747019493","-77.5671125462","2010","Tioga","public","","10","","10","other","100","","","10","","10","other","100","","","","","","","","","","","","","","","","","","","","","","","","","","","","",""
"40.33023781-80.28227763---2010","https://mapsengine.google.com/06136759344167181854-06191489742681286724-4/wms/?version=1.3.0","40.3302378111","-80.2822776294","2010","Washington","sweeper_internal","","1","","1","other","100","","5","5","","10","fracking|other","","50|50","","","","","","","","","","","","","","","","1","","1","other","100","","","","","","","",""
"41.66830432-76.15427415---2008","https://mapsengine.google.com/06136759344167181854-00219351362547715467-4/wms/?version=1.3.0","41.6683043229","-76.1542741538","2008","Bradford","final_internal","","3","","3","other","100","","","1","","1","other","100","","","3","","3","other","100","","","3","","3","other","100","","","","","","","","","","","","","","",""
"41.88726312-75.94090744---2010","https://mapsengine.google.com/06136759344167181854-06191489742681286724-4/wms/?version=1.3.0","41.88726312","-75.94090744","2010","Susquehanna","first_internal","","3","","3","other","100","","","10","","10","other","100","","","3","","3","other","100","","","","","","","","","","","","","","","","","","","","","",""
"41.7490949-75.91972513---2008","https://mapsengine.google.com/06136759344167181854-00219351362547715467-4/wms/?version=1.3.0","41.7490948981","-75.9197251255","2008","Susquehanna","final_internal","","3","","3","other","100","","","1","","1","other","100","","","3","","3","other","100","","","3","","3","other","100","","","","","","","","","","","","","","",""
"41.73254033-76.00938408---2010","https://mapsengine.google.com/06136759344167181854-06191489742681286724-4/wms/?version=1.3.0","41.73254033","-76.00938408","2010","Susquehanna","first_internal","","3","","3","other","100","","","9","1","10","other","90","","","3","","3","other","100","","","","","","","","","","","","","","","","","","","","","",""
"41.67831636-75.79955262---2008","https://mapsengine.google.com/06136759344167181854-00219351362547715467-4/wms/?version=1.3.0","41.6783163622","-75.7995526151","2008","Susquehanna","final_internal","","3","","3","other","100","","","1","","1","other","100","","","3","","3","other","100","","","3","","3","other","100","","","","","","","","","","","","","","",""
"39.90033197-80.33910677---2010","https://mapsengine.google.com/06136759344167181854-06191489742681286724-4/wms/?version=1.3.0","39.9003319733","-80.3391067723","2010","Greene","public","","9","1","10","other","90","","","9","1","10","other","90","","","","","","","","","","","","","","","","","","","","","","","","","","","","",""
"39.91395712-79.95871574---2010","https://mapsengine.google.com/06136759344167181854-06191489742681286724-4/wms/?version=1.3.0","39.9139571211","-79.9587157363","2010","Greene","sweeper_internal","","1","","1","other","100","","2","6","2","10","other","60","","","","","","","","","","","","","","","","","1","","1","other","100","","","","","","","",""
"41.80016498-76.97161496---2005","https://mapsengine.google.com/06136759344167181854-15960346301379896183-4/wms/?version=1.3.0","41.8001649789","-76.9716149612","2005","Tioga","final_internal","","3","","3","other","100","","","1","","1","other","100","","","","","","","","","","3","","3","other","100","","","","","","","","","","","","","","",""
"41.82642693-76.98144325---2005","https://mapsengine.google.com/06136759344167181854-15960346301379896183-4/wms/?version=1.3.0","41.8264269263","-76.9814432524","2005","Tioga","final_internal","","3","","3","other","100","","","1","","1","other","100","","","","","","","","","","3","","3","other","100","","","","","","","","","","","","","","",""
"41.62317831-76.43133187---2005","https://mapsengine.google.com/06136759344167181854-15960346301379896183-4/wms/?version=1.3.0","41.6231783053","-76.431331871","2005","Bradford","final_internal","","3","","3","other","100","","","1","","1","other","100","","","3","","3","other","100","","","3","","3","other","100","","","","","","","","","","","","","","",""
"39.7994525-79.52776409---2010","https://mapsengine.google.com/06136759344167181854-06191489742681286724-4/wms/?version=1.3.0","39.7994524997","-79.5277640942","2010","Fayette","public","","8","2","10","other","80","","","8","2","10","other","80","","","","","","","","","","","","","","","","","","","","","","","","","","","","",""
"39.82780561-79.91044546---2010","https://mapsengine.google.com/06136759344167181854-06191489742681286724-4/wms/?version=1.3.0","39.8278056103","-79.9104454554","2010","Fayette","sweeper_internal","","1","","1","other","100","","4","3","4","11","fracking|unknown","","36|36","","","","","","","","","","","","","","","","1","","1","other","100","","","","","","","",""
"41.74067587-77.1551089---2010","https://mapsengine.google.com/06136759344167181854-06191489742681286724-4/wms/?version=1.3.0","41.7406758658","-77.1551088982","2010","Tioga","public","9","","1","10","fracking","90","","9","","1","10","fracking","90","","","","","","","","","","","","","","","","","","","","","","","","","","","","",""
"41.76831755-76.07167147---2008","https://mapsengine.google.com/06136759344167181854-00219351362547715467-4/wms/?version=1.3.0","41.7683175542","-76.071671471","2008","Susquehanna","final_internal","","3","","3","other","100","","","1","","1","other","100","","","3","","3","other","100","","","3","","3","other","100","","","","","","","","","","","","","","",""
"40.232-80.34122789---2010","https://mapsengine.google.com/06136759344167181854-06191489742681286724-4/wms/?version=1.3.0","40.231999997","-80.3412278908","2010","Washington","sweeper_internal","1","","","1","fracking","100","","7","","3","10","fracking","70","","","","","","","","","","","","","","","","1","","","1","fracking","100","","","","","","","",""
"40.50819126-79.55107544---2010","https://mapsengine.google.com/06136759344167181854-06191489742681286724-4/wms/?version=1.3.0","40.5081912632","-79.5510754387","2010","Westmoreland","public","","10","","10","other","100","","","10","","10","other","100","","","","","","","","","","","","","","","","","","","","","","","","","","","","",""
"41.98369806-77.03287179---2008","https://mapsengine.google.com/06136759344167181854-00219351362547715467-4/wms/?version=1.3.0","41.9836980575","-77.0328717899","2008","Tioga","final_internal","","3","","3","other","100","","","1","","1","other","100","","","","","","","","","","3","","3","other","100","","","","","","","","","","","","","","",""
"41.76736752-76.25147073---2005","https://mapsengine.google.com/06136759344167181854-15960346301379896183-4/wms/?version=1.3.0","41.7673675226","-76.2514707345","2005","Bradford","final_internal","","3","","3","other","100","","","1","","1","other","100","","","3","","3","other","100","","","3","","3","other","100","","","","","","","","","","","","","","",""
"41.70822938-75.92295663---2008","https://mapsengine.google.com/06136759344167181854-00219351362547715467-4/wms/?version=1.3.0","41.7082293822","-75.9229566292","2008","Susquehanna","final_internal","","3","","3","other","100","","","1","","1","other","100","","","3","","3","other","100","","","3","","3","other","100","","","","","","","","","","","","","","",""
"41.70293271-77.53766064---2005","https://mapsengine.google.com/06136759344167181854-15960346301379896183-4/wms/?version=1.3.0","41.7029327114","-77.5376606434","2005","Tioga","missing_internal","","1","","1","other","100","","","","","","fracking|unknown|other","","","","","","","","","","","","","","","","","","","","","","","","","1","","1","other","100",""
"39.72894399-79.79711248---2010","https://mapsengine.google.com/06136759344167181854-06191489742681286724-4/wms/?version=1.3.0","39.7289439926","-79.7971124796","2010","Fayette","public","","10","","10","other","100","","","10","","10","other","100","","","","","","","","","","","","","","","","","","","","","","","","","","","","",""
"40.7890561-78.61528346---2008","https://mapsengine.google.com/06136759344167181854-00219351362547715467-4/wms/?version=1.3.0","40.7890561035","-78.6152834576","2008","Clearfield","first_internal","","3","","3","other","100","","","2","","2","other","100","","","3","","3","other","100","","","","","","","","","","","","","","","","","","","","","",""
"40.35497265-80.27363583---2005","https://mapsengine.google.com/06136759344167181854-15960346301379896183-4/wms/?version=1.3.0","40.3549726537","-80.2736358258","2005","Washington","final_internal","","3","","3","other","100","","","1","","1","other","100","","","","","","","","","","3","","3","other","100","","","","","","","","","","","","","","",""
"40.0203788-80.16605805---2010","https://mapsengine.google.com/06136759344167181854-06191489742681286724-4/wms/?version=1.3.0","40.0203788048","-80.1660580536","2010","Washington","public","9","","1","10","fracking","90","","9","","1","10","fracking","90","","","","","","","","","","","","","","","","","","","","","","","","","","","","",""
"39.74355762-79.87762663---2010","https://mapsengine.google.com/06136759344167181854-06191489742681286724-4/wms/?version=1.3.0","39.7435576159","-79.8776266302","2010","Fayette","sweeper_internal","","1","","1","other","100","","1","6","3","10","other","60","","","","","","","","","","","","","","","","","1","","1","other","100","","","","","","","",""
"41.71439941-76.36662782---2010","https://mapsengine.google.com/06136759344167181854-06191489742681286724-4/wms/?version=1.3.0","41.7143994115","-76.3666278209","2010","Bradford","sweeper_internal","","1","","1","other","100","","1","6","3","10","other","60","","","3","","3","other","100","","","","","","","","","","1","","1","other","100","","","","","","","",""
"40.51973825-79.20220683---2010","https://mapsengine.google.com/06136759344167181854-06191489742681286724-4/wms/?version=1.3.0","40.5197382453","-79.2022068292","2010","Indiana","sweeper_internal","","1","","1","other","100","","2","6","3","11","other","54","","","","","","","","","","","","","","","","","1","","1","other","100","","","","","","","",""
"39.82417779-80.0446737---2010","https://mapsengine.google.com/06136759344167181854-06191489742681286724-4/wms/?version=1.3.0","39.8241777901","-80.0446737029","2010","Greene","public","","10","","10","other","100","","","10","","10","other","100","","","","","","","","","","","","","","","","","","","","","","","","","","","","",""
"41.68008391-76.04585184---2010","https://mapsengine.google.com/06136759344167181854-06191489742681286724-4/wms/?version=1.3.0","41.68008391","-76.04585184","2010","Susquehanna","first_internal","","3","1","4","other","75","","1","9","","10","other","90","","","3","1","4","other","75","","","","","","","","","","","","","","","","","","","","","",""
"40.14121236-79.93613081---2010","https://mapsengine.google.com/06136759344167181854-06191489742681286724-4/wms/?version=1.3.0","40.1412123578","-79.9361308076","2010","Fayette","public","","10","","10","other","100","","","10","","10","other","100","","","","","","","","","","","","","","","","","","","","","","","","","","","","",""
"41.27101148-76.56363602---2010","https://mapsengine.google.com/06136759344167181854-06191489742681286724-4/wms/?version=1.3.0","41.2710114844","-76.5636360156","2010","Lycoming","public","","10","","10","other","100","","","10","","10","other","100","","","","","","","","","","","","","","","","","","","","","","","","","","","","",""
"39.88762081-80.01270671---2010","https://mapsengine.google.com/06136759344167181854-06191489742681286724-4/wms/?version=1.3.0","39.8876208058","-80.0127067063","2010","Greene","public","","10","","10","other","100","","","10","","10","other","100","","","","","","","","","","","","","","","","","","","","","","","","","","","","",""
"41.75451005-75.90077818---2008","https://mapsengine.google.com/06136759344167181854-00219351362547715467-4/wms/?version=1.3.0","41.7545100455","-75.900778177","2008","Susquehanna","final_internal","","3","","3","other","100","","","1","","1","other","100","","","3","","3","other","100","","","3","","3","other","100","","","","","","","","","","","","","","",""
"39.90466885-79.81806035---2005","https://mapsengine.google.com/06136759344167181854-15960346301379896183-4/wms/?version=1.3.0","39.9046688473","-79.818060347","2005","Fayette","final_internal","","3","","3","other","100","","","1","","1","other","100","","","","","","","","","","3","","3","other","100","","","","","","","","","","","","","","",""
"40.00652318-79.80066878---2010","https://mapsengine.google.com/06136759344167181854-06191489742681286724-4/wms/?version=1.3.0","40.0065231796","-79.8006687755","2010","Fayette","public","","10","","10","other","100","","","10","","10","other","100","","","","","","","","","","","","","","","","","","","","","","","","","","","","",""
"41.87665975-76.27167751---2010","https://mapsengine.google.com/06136759344167181854-06191489742681286724-4/wms/?version=1.3.0","41.87665975","-76.27167751","2010","Bradford","first_internal","","3","","3","other","100","","","10","","10","other","100","","","3","","3","other","100","","","","","","","","","","","","","","","","","","","","","",""
"41.70402347-75.92375867---2010","https://mapsengine.google.com/06136759344167181854-06191489742681286724-4/wms/?version=1.3.0","41.70402347","-75.92375867","2010","Susquehanna","first_internal","","3","","3","other","100","","","10","1","11","other","90","","","3","","3","other","100","","","","","","","","","","","","","","","","","","","","","",""
"41.26720288-76.61870101---2008","https://mapsengine.google.com/06136759344167181854-00219351362547715467-4/wms/?version=1.3.0","41.2672028836","-76.6187010112","2008","Lycoming","final_internal","","4","","4","other","100","","","1","","1","other","100","","","","","","","","","","4","","4","other","100","","","","","","","","","","","","","","",""
"40.27204835-80.25433312---2008","https://mapsengine.google.com/06136759344167181854-00219351362547715467-4/wms/?version=1.3.0","40.2720483516","-80.2543331197","2008","Washington","first_internal","","3","","3","other","100","","","7","1","8","other","87","","","3","","3","other","100","","","","","","","","","","","","","","","","","","","","","",""
"41.7667946-76.07876064---2005","https://mapsengine.google.com/06136759344167181854-15960346301379896183-4/wms/?version=1.3.0","41.7667946004","-76.0787606353","2005","Susquehanna","final_internal","","3","","3","other","100","","","1","","1","other","100","","","3","","3","other","100","","","3","","3","other","100","","","","","","","","","","","","","","",""
"41.79481801-77.02001062---2010","https://mapsengine.google.com/06136759344167181854-06191489742681286724-4/wms/?version=1.3.0","41.7948180103","-77.0200106151","2010","Tioga","public","1","11","","12","other","91","","1","11","","12","other","91","","","","","","","","","","","","","","","","","","","","","","","","","","","","",""
"40.95836726-79.95740413---2008","https://mapsengine.google.com/06136759344167181854-00219351362547715467-4/wms/?version=1.3.0","40.9583672642","-79.9574041257","2008","Butler","final_internal","","4","","4","other","100","","1","","","1","fracking","100","","","","","","","","","","4","","4","other","100","","","","","","","","","","","","","","",""
"40.34398615-79.1393109---2008","https://mapsengine.google.com/06136759344167181854-00219351362547715467-4/wms/?version=1.3.0","40.3439861517","-79.1393109009","2008","Westmoreland","first_internal","","2","1","3","other","66","","1","","","1","fracking","100","","","2","1","3","other","66","","","","","","","","","","","","","","","","","","","","","",""
"41.68962939-77.12054839---2010","https://mapsengine.google.com/06136759344167181854-06191489742681286724-4/wms/?version=1.3.0","41.689629393","-77.120548391","2010","Tioga","sweeper_internal","","1","","1","other","100","","3","7","2","12","other","58","","","","","","","","","","","","","","","","","1","","1","other","100","","","","","","","",""
"40.11624983-79.81642494---2010","https://mapsengine.google.com/06136759344167181854-06191489742681286724-4/wms/?version=1.3.0","40.1162498314","-79.81642494","2010","Fayette","public","","9","1","10","other","90","","","9","1","10","other","90","","","","","","","","","","","","","","","","","","","","","","","","","","","","",""
"41.23065167-78.72516022---2005","https://mapsengine.google.com/06136759344167181854-15960346301379896183-4/wms/?version=1.3.0","41.2306516687","-78.7251602184","2005","Jefferson","final_internal","","3","","3","other","100","","","1","","1","other","100","","","","","","","","","","3","","3","other","100","","","","","","","","","","","","","","",""
"39.9335958-79.85875656---2010","https://mapsengine.google.com/06136759344167181854-06191489742681286724-4/wms/?version=1.3.0","39.933595803","-79.8587565576","2010","Fayette","sweeper_internal","","1","","1","other","100","","4","4","2","10","fracking|other","","40|40","","","","","","","","","","","","","","","","1","","1","other","100","","","","","","","",""
"40.82432718-79.67772144---2008","https://mapsengine.google.com/06136759344167181854-00219351362547715467-4/wms/?version=1.3.0","40.8243271804","-79.6777214402","2008","Armstrong","first_internal","","3","","3","other","100","","","6","","6","other","100","","","3","","3","other","100","","","","","","","","","","","","","","","","","","","","","",""
"41.77683995-77.14533659---2010","https://mapsengine.google.com/06136759344167181854-06191489742681286724-4/wms/?version=1.3.0","41.7768399482","-77.145336591","2010","Tioga","public","11","","1","12","fracking","91","","11","","1","12","fracking","91","","","","","","","","","","","","","","","","","","","","","","","","","","","","",""
"40.2051495-80.42110816---2010","https://mapsengine.google.com/06136759344167181854-06191489742681286724-4/wms/?version=1.3.0","40.205149503","-80.4211081571","2010","Washington","public","10","","","10","fracking","100","","10","","","10","fracking","100","","","","","","","","","","","","","","","","","","","","","","","","","","","","",""
"41.29257754-77.38983138---2010","https://mapsengine.google.com/06136759344167181854-06191489742681286724-4/wms/?version=1.3.0","41.2925775353","-77.389831376","2010","Lycoming","sweeper_internal","","1","","1","other","100","","7","2","2","11","fracking","63","","","","","","","","","","","","","","","","","1","","1","other","100","","","","","","","",""
"40.88376204-79.97911008---2010","https://mapsengine.google.com/06136759344167181854-06191489742681286724-4/wms/?version=1.3.0","40.8837620371","-79.9791100845","2010","Butler","public","1","14","","15","other","93","","1","14","","15","other","93","","","","","","","","","","","","","","","","","","","","","","","","","","","","",""
"40.89240779-79.51473578---2010","https://mapsengine.google.com/06136759344167181854-06191489742681286724-4/wms/?version=1.3.0","40.8924077857","-79.5147357771","2010","Armstrong","public","","10","","10","other","100","","","10","","10","other","100","","","","","","","","","","","","","","","","","","","","","","","","","","","","",""
"40.11562276-79.82269112---2010","https://mapsengine.google.com/06136759344167181854-06191489742681286724-4/wms/?version=1.3.0","40.1156227599","-79.8226911224","2010","Fayette","public","","9","1","10","other","90","","","9","1","10","other","90","","","","","","","","","","","","","","","","","","","","","","","","","","","","",""
"40.75400422-79.73071092---2008","https://mapsengine.google.com/06136759344167181854-00219351362547715467-4/wms/?version=1.3.0","40.7540042159","-79.7307109244","2008","Butler","first_internal","","3","","3","other","100","","","2","","2","other","100","","","3","","3","other","100","","","","","","","","","","","","","","","","","","","","","",""
"41.6774297-78.62927918---2008","https://mapsengine.google.com/06136759344167181854-00219351362547715467-4/wms/?version=1.3.0","41.6774296951","-78.6292791763","2008","McKean","sweeper_internal","","1","","1","other","100","","5","","5","10","fracking|unknown","","50|50","","2","1","3","other","66","","","","","","","","","","1","","1","other","100","","","","","","","",""
"41.55871635-76.46696132---2008","https://mapsengine.google.com/06136759344167181854-00219351362547715467-4/wms/?version=1.3.0","41.5587163541","-76.466961316","2008","Sullivan","final_internal","","3","","3","other","100","","","1","","1","other","100","","","3","","3","other","100","","","3","","3","other","100","","","","","","","","","","","","","","",""
"41.73918243-75.87082992---2005","https://mapsengine.google.com/06136759344167181854-15960346301379896183-4/wms/?version=1.3.0","41.7391824282","-75.8708299174","2005","Susquehanna","final_internal","","3","","3","other","100","","","1","","1","other","100","","","3","","3","other","100","","","3","","3","other","100","","","","","","","","","","","","","","",""
"39.94024081-79.83556428---2008","https://mapsengine.google.com/06136759344167181854-00219351362547715467-4/wms/?version=1.3.0","39.940240806","-79.8355642794","2008","Fayette","sweeper_internal","","1","","1","other","100","","3","5","2","10","other","50","","1","2","","3","other","66","","","","","","","","","","1","","1","other","100","","","","","","","",""
"41.67288015-76.97611092---2010","https://mapsengine.google.com/06136759344167181854-06191489742681286724-4/wms/?version=1.3.0","41.6728801515","-76.9761109202","2010","Tioga","public","","10","1","11","other","90","","","10","1","11","other","90","","","","","","","","","","","","","","","","","","","","","","","","","","","","",""
"41.2559426-76.5113077---2010","https://mapsengine.google.com/06136759344167181854-06191489742681286724-4/wms/?version=1.3.0","41.2559426045","-76.5113076957","2010","Lycoming","public","","10","","10","other","100","","","10","","10","other","100","","","","","","","","","","","","","","","","","","","","","","","","","","","","",""
"41.76519431-76.24398723---2005","https://mapsengine.google.com/06136759344167181854-15960346301379896183-4/wms/?version=1.3.0","41.7651943068","-76.2439872316","2005","Bradford","final_internal","","3","","3","other","100","","","1","","1","other","100","","","3","","3","other","100","","","3","","3","other","100","","","","","","","","","","","","","","",""
"41.72547071-75.90815906---2010","https://mapsengine.google.com/06136759344167181854-06191489742681286724-4/wms/?version=1.3.0","41.7254707145","-75.9081590625","2010","Susquehanna","sweeper_internal","","1","","1","other","100","","3","7","","10","other","70","","","3","","3","other","100","","","","","","","","","","1","","1","other","100","","","","","","","",""
"41.73483407-75.91100544---2010","https://mapsengine.google.com/06136759344167181854-06191489742681286724-4/wms/?version=1.3.0","41.73483407","-75.91100544","2010","Susquehanna","first_internal","","3","","3","other","100","","","12","","12","other","100","","","3","","3","other","100","","","","","","","","","","","","","","","","","","","","","",""
"41.15977141-78.47210714---2010","https://mapsengine.google.com/06136759344167181854-06191489742681286724-4/wms/?version=1.3.0","41.1597714121","-78.472107136","2010","Clearfield","sweeper_internal","","1","","1","other","100","","6","7","7","20","unknown|other","","35|35","","","","","","","","","","","","","","","","1","","1","other","100","","","","","","","",""
"41.68587672-75.8702659---2005","https://mapsengine.google.com/06136759344167181854-15960346301379896183-4/wms/?version=1.3.0","41.6858767194","-75.8702659019","2005","Susquehanna","final_internal","","3","","3","other","100","","","1","","1","other","100","","","3","","3","other","100","","","3","","3","other","100","","","","","","","","","","","","","","",""
"41.67398984-78.25532752---2010","https://mapsengine.google.com/06136759344167181854-06191489742681286724-4/wms/?version=1.3.0","41.6739898436","-78.2553275236","2010","McKean","sweeper_internal","1","","","1","fracking","100","","5","1","4","10","fracking","50","","","","","","","","","","","","","","","","1","","","1","fracking","100","","","","","","","",""
"40.38301311-79.47685624---2008","https://mapsengine.google.com/06136759344167181854-00219351362547715467-4/wms/?version=1.3.0","40.3830131069","-79.4768562409","2008","Westmoreland","final_internal","","3","","3","other","100","","","1","","1","other","100","","","","","","","","","","3","","3","other","100","","","","","","","","","","","","","","",""
"41.730719-75.94735629---2005","https://mapsengine.google.com/06136759344167181854-15960346301379896183-4/wms/?version=1.3.0","41.7307190036","-75.9473562855","2005","Susquehanna","final_internal","","3","","3","other","100","","","1","","1","other","100","","","3","","3","other","100","","","3","","3","other","100","","","","","","","","","","","","","","",""
"41.77468686-76.22528202---2008","https://mapsengine.google.com/06136759344167181854-00219351362547715467-4/wms/?version=1.3.0","41.7746868619","-76.2252820229","2008","Bradford","final_internal","","3","","3","other","100","","","1","","1","other","100","","","3","","3","other","100","","","3","","3","other","100","","","","","","","","","","","","","","",""
"41.73705158-76.08931182---2010","https://mapsengine.google.com/06136759344167181854-06191489742681286724-4/wms/?version=1.3.0","41.73705158","-76.08931182","2010","Susquehanna","first_internal","","3","","3","other","100","","","10","2","12","other","83","","","3","","3","other","100","","","","","","","","","","","","","","","","","","","","","",""
"41.74536526-75.9500545---2005","https://mapsengine.google.com/06136759344167181854-15960346301379896183-4/wms/?version=1.3.0","41.7453652555","-75.950054499","2005","Susquehanna","final_internal","","3","","3","other","100","","","","1","1","unknown","100","","","3","","3","other","100","","","3","","3","other","100","","","","","","","","","","","","","","",""
"41.71101274-76.08377357---2008","https://mapsengine.google.com/06136759344167181854-00219351362547715467-4/wms/?version=1.3.0","41.7110127423","-76.0837735727","2008","Susquehanna","final_internal","3","","","3","fracking","100","","1","","","1","fracking","100","","1","","2","3","unknown","66","","3","","","3","fracking","100","","","","","","","","","","","","","","",""
"40.75685689-79.0484293---2008","https://mapsengine.google.com/06136759344167181854-00219351362547715467-4/wms/?version=1.3.0","40.7568568919","-79.048429299","2008","Indiana","first_internal","","3","","3","other","100","","","1","","1","other","100","","","3","","3","other","100","","","","","","","","","","","","","","","","","","","","","",""
"40.37627451-79.33246905---2008","https://mapsengine.google.com/06136759344167181854-00219351362547715467-4/wms/?version=1.3.0","40.3762745147","-79.3324690536","2008","Westmoreland","first_internal","","3","","3","other","100","","","1","","1","other","100","","","3","","3","other","100","","","","","","","","","","","","","","","","","","","","","",""
"41.53438766-76.68936224---2008","https://mapsengine.google.com/06136759344167181854-00219351362547715467-4/wms/?version=1.3.0","41.5343876588","-76.689362241","2008","Sullivan","final_internal","","3","","3","other","100","","","1","","1","other","100","","","3","","3","other","100","","","3","","3","other","100","","","","","","","","","","","","","","",""
"39.86265558-79.82798714---2010","https://mapsengine.google.com/06136759344167181854-06191489742681286724-4/wms/?version=1.3.0","39.8626555824","-79.827987144","2010","Fayette","public","","10","","10","other","100","","","10","","10","other","100","","","","","","","","","","","","","","","","","","","","","","","","","","","","",""
"41.68242227-75.90354538---2005","https://mapsengine.google.com/06136759344167181854-15960346301379896183-4/wms/?version=1.3.0","41.6824222728","-75.9035453833","2005","Susquehanna","final_internal","","3","","3","other","100","","","1","","1","other","100","","","3","","3","other","100","","","3","","3","other","100","","","","","","","","","","","","","","",""
"41.78864694-77.02369878---2010","https://mapsengine.google.com/06136759344167181854-06191489742681286724-4/wms/?version=1.3.0","41.7886469363","-77.0236987835","2010","Tioga","public","","11","","11","other","100","","","11","","11","other","100","","","","","","","","","","","","","","","","","","","","","","","","","","","","",""
"39.89612151-80.27916031---2010","https://mapsengine.google.com/06136759344167181854-06191489742681286724-4/wms/?version=1.3.0","39.8961215103","-80.2791603149","2010","Greene","public","","10","","10","other","100","","","10","","10","other","100","","","","","","","","","","","","","","","","","","","","","","","","","","","","",""
"41.931584-76.98760436---2008","https://mapsengine.google.com/06136759344167181854-00219351362547715467-4/wms/?version=1.3.0","41.9315840016","-76.9876043552","2008","Tioga","final_internal","","4","","4","other","100","","","1","","1","other","100","","","","","","","","","","4","","4","other","100","","","","","","","","","","","","","","",""
"41.73819781-75.94502169---2005","https://mapsengine.google.com/06136759344167181854-15960346301379896183-4/wms/?version=1.3.0","41.7381978079","-75.9450216925","2005","Susquehanna","final_internal","","3","","3","other","100","","","1","","1","other","100","","","3","","3","other","100","","","3","","3","other","100","","","","","","","","","","","","","","",""
"40.51044101-79.54496454---2010","https://mapsengine.google.com/06136759344167181854-06191489742681286724-4/wms/?version=1.3.0","40.5104410092","-79.5449645379","2010","Westmoreland","sweeper_internal","","1","","1","other","100","","2","6","2","10","other","60","","","","","","","","","","","","","","","","","1","","1","other","100","","","","","","","",""
"39.73019297-79.8024365---2005","https://mapsengine.google.com/06136759344167181854-15960346301379896183-4/wms/?version=1.3.0","39.7301929682","-79.8024364995","2005","Fayette","final_internal","","3","","3","other","100","","","1","","1","other","100","","","","","","","","","","3","","3","other","100","","","","","","","","","","","","","","",""
"40.01098189-79.63159649---2008","https://mapsengine.google.com/06136759344167181854-00219351362547715467-4/wms/?version=1.3.0","40.0109818908","-79.6315964856","2008","Fayette","first_internal","3","","","3","fracking","100","","8","","2","10","fracking","80","","3","","","3","fracking","100","","","","","","","","","","","","","","","","","","","","","",""
"41.74649546-75.95197587---2010","https://mapsengine.google.com/06136759344167181854-06191489742681286724-4/wms/?version=1.3.0","41.74649546","-75.95197587","2010","Susquehanna","first_internal","","3","","3","other","100","","","10","","10","other","100","","","3","","3","other","100","","","","","","","","","","","","","","","","","","","","","",""
"41.91496116-77.41640824---2010","https://mapsengine.google.com/06136759344167181854-06191489742681286724-4/wms/?version=1.3.0","41.9149611552","-77.4164082363","2010","Tioga","public","","12","","12","other","100","","","12","","12","other","100","","","","","","","","","","","","","","","","","","","","","","","","","","","","",""
"39.77794979-79.86078974---2005","https://mapsengine.google.com/06136759344167181854-15960346301379896183-4/wms/?version=1.3.0","39.7779497874","-79.8607897391","2005","Fayette","final_internal","","3","","3","other","100","","1","","","1","fracking","100","","","","","","","","","","3","","3","other","100","","","","","","","","","","","","","","",""
"40.01615504-79.6249298---2010","https://mapsengine.google.com/06136759344167181854-06191489742681286724-4/wms/?version=1.3.0","40.0161550419","-79.624929802","2010","Fayette","public","","10","","10","other","100","","","10","","10","other","100","","","","","","","","","","","","","","","","","","","","","","","","","","","","",""
"41.28840723-79.49359081---2010","https://mapsengine.google.com/06136759344167181854-06191489742681286724-4/wms/?version=1.3.0","41.2884072265","-79.4935908065","2010","Clarion","public","1","9","","10","other","90","","1","9","","10","other","90","","","","","","","","","","","","","","","","","","","","","","","","","","","","",""
"41.88568539-75.89449921---2010","https://mapsengine.google.com/06136759344167181854-06191489742681286724-4/wms/?version=1.3.0","41.88568539","-75.89449921","2010","Susquehanna","first_internal","","3","","3","other","100","","","11","1","12","other","91","","","3","","3","other","100","","","","","","","","","","","","","","","","","","","","","",""
"40.67984965-79.74016123---2010","https://mapsengine.google.com/06136759344167181854-06191489742681286724-4/wms/?version=1.3.0","40.6798496518","-79.740161232","2010","Butler","public","","17","","17","other","100","","","17","","17","other","100","","","","","","","","","","","","","","","","","","","","","","","","","","","","",""
"41.13667891-79.74471843---2008","https://mapsengine.google.com/06136759344167181854-00219351362547715467-4/wms/?version=1.3.0","41.1366789103","-79.7447184326","2008","Butler","first_internal","","3","","3","other","100","","","2","","2","other","100","","","3","","3","other","100","","","","","","","","","","","","","","","","","","","","","",""
"41.69687401-77.30806053---2010","https://mapsengine.google.com/06136759344167181854-06191489742681286724-4/wms/?version=1.3.0","41.6968740072","-77.3080605252","2010","Tioga","public","","13","","13","other","100","","","13","","13","other","100","","","","","","","","","","","","","","","","","","","","","","","","","","","","",""
"41.71314784-75.87433824---2005","https://mapsengine.google.com/06136759344167181854-15960346301379896183-4/wms/?version=1.3.0","41.7131478386","-75.8743382416","2005","Susquehanna","final_internal","","3","","3","other","100","","","1","","1","other","100","","","3","","3","other","100","","","3","","3","other","100","","","","","","","","","","","","","","",""
"39.87921966-80.38222772---2010","https://mapsengine.google.com/06136759344167181854-06191489742681286724-4/wms/?version=1.3.0","39.8792196621","-80.3822277162","2010","Greene","public","10","","","10","fracking","100","","10","","","10","fracking","100","","","","","","","","","","","","","","","","","","","","","","","","","","","","",""
"40.27768387-80.24028142---2010","https://mapsengine.google.com/06136759344167181854-06191489742681286724-4/wms/?version=1.3.0","40.2776838661","-80.2402814236","2010","Washington","sweeper_internal","","1","","1","other","100","","1","7","2","10","other","70","","","","","","","","","","","","","","","","","1","","1","other","100","","","","","","","",""
"41.60132685-75.57089125---2008","https://mapsengine.google.com/06136759344167181854-00219351362547715467-4/wms/?version=1.3.0","41.6013268505","-75.570891252","2008","Lackawanna","final_internal","","4","","4","other","100","","","1","","1","other","100","","","3","","3","other","100","","","4","","4","other","100","","","","","","","","","","","","","","",""
"41.77032465-76.84074999---2010","https://mapsengine.google.com/06136759344167181854-06191489742681286724-4/wms/?version=1.3.0","41.7703246473","-76.8407499892","2010","Bradford","sweeper_internal","","1","","1","other","100","","6","1","3","10","fracking","60","","1","2","","3","other","66","","","","","","","","","","1","","1","other","100","","","","","","","",""
"41.68391345-75.86859521---2010","https://mapsengine.google.com/06136759344167181854-06191489742681286724-4/wms/?version=1.3.0","41.68391345","-75.86859521","2010","Susquehanna","first_internal","","3","","3","other","100","","","9","1","10","other","90","","","3","","3","other","100","","","","","","","","","","","","","","","","","","","","","",""
"41.291287-78.90747657---2005","https://mapsengine.google.com/06136759344167181854-15960346301379896183-4/wms/?version=1.3.0","41.291287003","-78.9074765676","2005","Jefferson","final_internal","","3","","3","other","100","","","1","","1","other","100","","","","","","","","","","3","","3","other","100","","","","","","","","","","","","","","",""
"41.68228504-78.62283533---2010","https://mapsengine.google.com/06136759344167181854-06191489742681286724-4/wms/?version=1.3.0","41.6822850394","-78.6228353325","2010","McKean","sweeper_internal","","1","","1","other","100","","3","6","1","10","other","60","","","","","","","","","","","","","","","","","1","","1","other","100","","","","","","","",""
"41.91490616-77.41643856---2005","https://mapsengine.google.com/06136759344167181854-15960346301379896183-4/wms/?version=1.3.0","41.9149061618","-77.4164385577","2005","Tioga","final_internal","","3","","3","other","100","","","1","","1","other","100","","","","","","","","","","3","","3","other","100","","","","","","","","","","","","","","",""
"41.78938433-76.99943263---2005","https://mapsengine.google.com/06136759344167181854-15960346301379896183-4/wms/?version=1.3.0","41.7893843318","-76.9994326262","2005","Tioga","missing_internal","","1","","1","other","100","","","","","","fracking|unknown|other","","","","","","","","","","","","","","","","","","","","","","","","","1","","1","other","100",""
"40.63787585-79.01875828---2010","https://mapsengine.google.com/06136759344167181854-06191489742681286724-4/wms/?version=1.3.0","40.6378758536","-79.0187582809","2010","Indiana","public","1","28","","29","other","96","","1","28","","29","other","96","","","","","","","","","","","","","","","","","","","","","","","","","","","","",""
"41.72848421-75.88519169---2008","https://mapsengine.google.com/06136759344167181854-00219351362547715467-4/wms/?version=1.3.0","41.7284842087","-75.8851916915","2008","Susquehanna","final_internal","3","","","3","fracking","100","","1","","","1","fracking","100","","1","","2","3","unknown","66","","3","","","3","fracking","100","","","","","","","","","","","","","","",""
"41.72465565-75.94702773---2005","https://mapsengine.google.com/06136759344167181854-15960346301379896183-4/wms/?version=1.3.0","41.7246556479","-75.9470277315","2005","Susquehanna","final_internal","","3","","3","other","100","","","1","","1","other","100","","","3","","3","other","100","","","3","","3","other","100","","","","","","","","","","","","","","",""
"39.79603023-79.19108858---2005","https://mapsengine.google.com/06136759344167181854-15960346301379896183-4/wms/?version=1.3.0","39.7960302338","-79.191088584","2005","Somerset","final_internal","","3","","3","other","100","","","1","","1","other","100","","","","","","","","","","3","","3","other","100","","","","","","","","","","","","","","",""
"40.79073254-79.49160816---2008","https://mapsengine.google.com/06136759344167181854-00219351362547715467-4/wms/?version=1.3.0","40.7907325364","-79.4916081556","2008","Armstrong","first_internal","","3","","3","other","100","","","5","1","6","other","83","","","3","","3","other","100","","","","","","","","","","","","","","","","","","","","","",""
"39.95858643-79.84020117---2010","https://mapsengine.google.com/06136759344167181854-06191489742681286724-4/wms/?version=1.3.0","39.9585864326","-79.8402011723","2010","Fayette","public","10","","","10","fracking","100","","10","","","10","fracking","100","","","","","","","","","","","","","","","","","","","","","","","","","","","","",""
"41.41561664-78.24833059---2010","https://mapsengine.google.com/06136759344167181854-06191489742681286724-4/wms/?version=1.3.0","41.4156166362","-78.248330586","2010","Cameron","public","10","","","10","fracking","100","","10","","","10","fracking","100","","","","","","","","","","","","","","","","","","","","","","","","","","","","",""
"41.60176697-75.56757198---2008","https://mapsengine.google.com/06136759344167181854-00219351362547715467-4/wms/?version=1.3.0","41.6017669749","-75.5675719808","2008","Lackawanna","final_internal","","3","","3","other","100","","","1","","1","other","100","","","3","","3","other","100","","","3","","3","other","100","","","","","","","","","","","","","","",""
"39.87786348-79.99008326---2010","https://mapsengine.google.com/06136759344167181854-06191489742681286724-4/wms/?version=1.3.0","39.8778634839","-79.9900832584","2010","Greene","public","1","9","","10","other","90","","1","9","","10","other","90","","","","","","","","","","","","","","","","","","","","","","","","","","","","",""
"41.04161197-79.34486995---2008","https://mapsengine.google.com/06136759344167181854-00219351362547715467-4/wms/?version=1.3.0","41.0416119669","-79.3448699453","2008","Clarion","first_internal","","3","","3","other","100","","1","8","1","10","other","80","","","3","","3","other","100","","","","","","","","","","","","","","","","","","","","","",""
"39.9450319-80.02695246---2005","https://mapsengine.google.com/06136759344167181854-15960346301379896183-4/wms/?version=1.3.0","39.9450319018","-80.0269524621","2005","Greene","final_internal","","3","","3","other","100","","","1","","1","other","100","","","","","","","","","","3","","3","other","100","","","","","","","","","","","","","","",""
"40.45375745-80.34298631---2005","https://mapsengine.google.com/06136759344167181854-15960346301379896183-4/wms/?version=1.3.0","40.4537574529","-80.3429863142","2005","Washington","final_internal","","3","","3","other","100","","","1","","1","other","100","","","","","","","","","","3","","3","other","100","","","","","","","","","","","","","","",""
"41.78228182-75.92562673---2010","https://mapsengine.google.com/06136759344167181854-06191489742681286724-4/wms/?version=1.3.0","41.7822818221","-75.9256267336","2010","Susquehanna","sweeper_internal","1","","","1","fracking","100","","3","3","5","11","unknown","45","","1","","2","3","unknown","66","","","","","","","","","1","","","1","fracking","100","","","","","","","",""
"41.26074743-76.5138844---2010","https://mapsengine.google.com/06136759344167181854-06191489742681286724-4/wms/?version=1.3.0","41.2607474346","-76.5138844029","2010","Lycoming","public","","10","","10","other","100","","","10","","10","other","100","","","","","","","","","","","","","","","","","","","","","","","","","","","","",""
"40.1453886-80.26141285---2010","https://mapsengine.google.com/06136759344167181854-06191489742681286724-4/wms/?version=1.3.0","40.1453885977","-80.2614128531","2010","Washington","public","","10","","10","other","100","","","10","","10","other","100","","","","","","","","","","","","","","","","","","","","","","","","","","","","",""
"40.67632393-79.75369514---2010","https://mapsengine.google.com/06136759344167181854-06191489742681286724-4/wms/?version=1.3.0","40.6763239259","-79.7536951397","2010","Butler","public","","19","1","20","other","95","","","19","1","20","other","95","","","","","","","","","","","","","","","","","","","","","","","","","","","","",""
"41.7309543-76.0039529---2005","https://mapsengine.google.com/06136759344167181854-15960346301379896183-4/wms/?version=1.3.0","41.7309543041","-76.003952896","2005","Susquehanna","final_internal","","3","","3","other","100","","","1","","1","other","100","","","3","","3","other","100","","","3","","3","other","100","","","","","","","","","","","","","","",""
"40.19651256-79.88120309---2010","https://mapsengine.google.com/06136759344167181854-06191489742681286724-4/wms/?version=1.3.0","40.1965125649","-79.8812030919","2010","Washington","public","","10","","10","other","100","","","10","","10","other","100","","","","","","","","","","","","","","","","","","","","","","","","","","","","",""
"41.6825838-76.77578096---2008","https://mapsengine.google.com/06136759344167181854-00219351362547715467-4/wms/?version=1.3.0","41.6825837984","-76.7757809617","2008","Bradford","final_internal","","3","","3","other","100","","","1","","1","other","100","","","3","","3","other","100","","","3","","3","other","100","","","","","","","","","","","","","","",""
"41.42952977-77.21369787---2010","https://mapsengine.google.com/06136759344167181854-06191489742681286724-4/wms/?version=1.3.0","41.4295297687","-77.2136978677","2010","Lycoming","sweeper_internal","","1","","1","other","100","","2","7","1","10","other","70","","","","","","","","","","","","","","","","","1","","1","other","100","","","","","","","",""
"41.76182952-76.80812859---2010","https://mapsengine.google.com/06136759344167181854-06191489742681286724-4/wms/?version=1.3.0","41.7618295241","-76.808128589","2010","Bradford","sweeper_internal","","1","","1","other","100","","3","5","3","11","other","45","","1","2","","3","other","66","","","","","","","","","","1","","1","other","100","","","","","","","",""
"40.26021274-80.46524096---2008","https://mapsengine.google.com/06136759344167181854-00219351362547715467-4/wms/?version=1.3.0","40.260212739","-80.4652409558","2008","Washington","first_internal","","3","","3","other","100","","1","6","1","8","other","75","","","3","","3","other","100","","","","","","","","","","","","","","","","","","","","","",""
"40.74942865-80.02741137---2005","https://mapsengine.google.com/06136759344167181854-15960346301379896183-4/wms/?version=1.3.0","40.7494286522","-80.0274113708","2005","Butler","final_internal","","3","","3","other","100","","","1","","1","other","100","","","","","","","","","","3","","3","other","100","","","","","","","","","","","","","","",""
"41.59568951-76.84906729---2010","https://mapsengine.google.com/06136759344167181854-06191489742681286724-4/wms/?version=1.3.0","41.5956895107","-76.8490672872","2010","Lycoming","public","","10","","10","other","100","","","10","","10","other","100","","","","","","","","","","","","","","","","","","","","","","","","","","","","",""
"41.56938194-76.99688598---2010","https://mapsengine.google.com/06136759344167181854-06191489742681286724-4/wms/?version=1.3.0","41.5693819354","-76.996885984","2010","Tioga","public","","14","","14","other","100","","","14","","14","other","100","","","","","","","","","","","","","","","","","","","","","","","","","","","","",""
"39.83689401-79.87605135---2010","https://mapsengine.google.com/06136759344167181854-06191489742681286724-4/wms/?version=1.3.0","39.8368940084","-79.8760513545","2010","Fayette","sweeper_internal","","1","","1","other","100","","3","4","3","10","other","40","","","","","","","","","","","","","","","","","1","","1","other","100","","","","","","","",""
"41.84286981-76.95844906---2010","https://mapsengine.google.com/06136759344167181854-06191489742681286724-4/wms/?version=1.3.0","41.8428698116","-76.9584490605","2010","Tioga","public","9","","2","11","fracking","81","","9","","2","11","fracking","81","","","","","","","","","","","","","","","","","","","","","","","","","","","","",""
"41.66986563-77.60858012---2010","https://mapsengine.google.com/06136759344167181854-06191489742681286724-4/wms/?version=1.3.0","41.6698656318","-77.6085801157","2010","Potter","public","1","10","","11","other","90","","1","10","","11","other","90","","","","","","","","","","","","","","","","","","","","","","","","","","","","",""
"40.50529493-79.55526254---2010","https://mapsengine.google.com/06136759344167181854-06191489742681286724-4/wms/?version=1.3.0","40.5052949338","-79.5552625387","2010","Westmoreland","public","","11","","11","other","100","","","11","","11","other","100","","","","","","","","","","","","","","","","","","","","","","","","","","","","",""
"41.67150421-78.25373939---2010","https://mapsengine.google.com/06136759344167181854-06191489742681286724-4/wms/?version=1.3.0","41.6715042128","-78.2537393912","2010","McKean","sweeper_internal","","1","","1","other","100","","5","5","","10","fracking|other","","50|50","","","","","","","","","","","","","","","","1","","1","other","100","","","","","","","",""
"39.92655068-79.95896533---2008","https://mapsengine.google.com/06136759344167181854-00219351362547715467-4/wms/?version=1.3.0","39.926550682","-79.9589653258","2008","Greene","first_internal","3","","","3","fracking","100","","10","","","10","fracking","100","","3","","","3","fracking","100","","","","","","","","","","","","","","","","","","","","","",""
"40.82787972-79.67243286---2005","https://mapsengine.google.com/06136759344167181854-15960346301379896183-4/wms/?version=1.3.0","40.8278797222","-79.6724328603","2005","Armstrong","final_internal","","3","","3","other","100","","","1","","1","other","100","","","","","","","","","","3","","3","other","100","","","","","","","","","","","","","","",""
"41.85038693-76.91885643---2010","https://mapsengine.google.com/06136759344167181854-06191489742681286724-4/wms/?version=1.3.0","41.8503869327","-76.9188564304","2010","Tioga","public","8","1","1","10","fracking","80","","8","1","1","10","fracking","80","","","","","","","","","","","","","","","","","","","","","","","","","","","","",""
"41.63483622-76.16084223---2010","https://mapsengine.google.com/06136759344167181854-06191489742681286724-4/wms/?version=1.3.0","41.63483622","-76.16084223","2010","Wyoming","first_internal","","1","2","3","unknown","66","","1","8","1","10","other","80","","","1","2","3","unknown","66","","","","","","","","","","","","","","","","","","","","","",""
"40.8774897-79.52147046---2010","https://mapsengine.google.com/06136759344167181854-06191489742681286724-4/wms/?version=1.3.0","40.8774896967","-79.5214704613","2010","Armstrong","sweeper_internal","1","","","1","fracking","100","","6","","4","10","fracking","60","","","","","","","","","","","","","","","","1","","","1","fracking","100","","","","","","","",""
"40.28146225-79.64652971---2010","https://mapsengine.google.com/06136759344167181854-06191489742681286724-4/wms/?version=1.3.0","40.2814622482","-79.6465297075","2010","Westmoreland","sweeper_internal","","1","","1","other","100","","2","5","3","10","other","50","","","","","","","","","","","","","","","","","1","","1","other","100","","","","","","","",""
"39.78661325-79.85362597---2005","https://mapsengine.google.com/06136759344167181854-15960346301379896183-4/wms/?version=1.3.0","39.7866132514","-79.8536259746","2005","Fayette","final_internal","","3","","3","other","100","","","1","","1","other","100","","","","","","","","","","3","","3","other","100","","","","","","","","","","","","","","",""
"40.23183065-80.41918447---2010","https://mapsengine.google.com/06136759344167181854-06191489742681286724-4/wms/?version=1.3.0","40.2318306452","-80.4191844678","2010","Washington","sweeper_internal","","1","","1","other","100","","1","7","2","10","other","70","","","","","","","","","","","","","","","","","1","","1","other","100","","","","","","","",""
"41.71207704-75.9230867---2005","https://mapsengine.google.com/06136759344167181854-15960346301379896183-4/wms/?version=1.3.0","41.7120770356","-75.9230867005","2005","Susquehanna","final_internal","","3","","3","other","100","","","1","","1","other","100","","","3","","3","other","100","","","3","","3","other","100","","","","","","","","","","","","","","",""
"39.72297785-79.99362321---2005","https://mapsengine.google.com/06136759344167181854-15960346301379896183-4/wms/?version=1.3.0","39.7229778493","-79.99362321","2005","Greene","final_internal","","3","","3","other","100","","","1","","1","other","100","","","","","","","","","","3","","3","other","100","","","","","","","","","","","","","","",""
"40.03468841-80.26905769---2010","https://mapsengine.google.com/06136759344167181854-06191489742681286724-4/wms/?version=1.3.0","40.0346884116","-80.2690576941","2010","Washington","public","","10","","10","other","100","","","10","","10","other","100","","","","","","","","","","","","","","","","","","","","","","","","","","","","",""
"41.77780493-75.9204446---2005","https://mapsengine.google.com/06136759344167181854-15960346301379896183-4/wms/?version=1.3.0","41.7778049323","-75.9204445957","2005","Susquehanna","final_internal","","3","","3","other","100","","","1","","1","other","100","","","3","","3","other","100","","","3","","3","other","100","","","","","","","","","","","","","","",""
"40.15600011-80.4171953---2008","https://mapsengine.google.com/06136759344167181854-00219351362547715467-4/wms/?version=1.3.0","40.1560001121","-80.4171953017","2008","Washington","first_internal","","3","","3","other","100","","","7","1","8","other","87","","","3","","3","other","100","","","","","","","","","","","","","","","","","","","","","",""
"41.76174113-76.07607239---2008","https://mapsengine.google.com/06136759344167181854-00219351362547715467-4/wms/?version=1.3.0","41.7617411332","-76.0760723859","2008","Susquehanna","final_internal","","4","","4","other","100","","","1","","1","other","100","","","3","","3","other","100","","","4","","4","other","100","","","","","","","","","","","","","","",""
"40.67770296-79.75517434---2008","https://mapsengine.google.com/06136759344167181854-00219351362547715467-4/wms/?version=1.3.0","40.6777029606","-79.7551743389","2008","Butler","first_internal","","3","","3","other","100","","","2","","2","other","100","","","3","","3","other","100","","","","","","","","","","","","","","","","","","","","","",""
"39.98429877-80.29934312---2008","https://mapsengine.google.com/06136759344167181854-00219351362547715467-4/wms/?version=1.3.0","39.984298766","-80.2993431185","2008","Greene","first_internal","","3","","3","other","100","","1","8","1","10","other","80","","","3","","3","other","100","","","","","","","","","","","","","","","","","","","","","",""
"41.68981213-76.06053369---2005","https://mapsengine.google.com/06136759344167181854-15960346301379896183-4/wms/?version=1.3.0","41.6898121337","-76.0605336941","2005","Susquehanna","final_internal","","3","","3","other","100","","","1","","1","other","100","","","3","","3","other","100","","","3","","3","other","100","","","","","","","","","","","","","","",""
"41.85590825-76.93841798---2010","https://mapsengine.google.com/06136759344167181854-06191489742681286724-4/wms/?version=1.3.0","41.8559082547","-76.9384179788","2010","Tioga","public","","12","","12","other","100","","","12","","12","other","100","","","","","","","","","","","","","","","","","","","","","","","","","","","","",""
"39.90602565-80.14248356---2010","https://mapsengine.google.com/06136759344167181854-06191489742681286724-4/wms/?version=1.3.0","39.9060256546","-80.1424835581","2010","Greene","public","1","9","","10","other","90","","1","9","","10","other","90","","","","","","","","","","","","","","","","","","","","","","","","","","","","",""
"41.66839861-75.67534844---2008","https://mapsengine.google.com/06136759344167181854-00219351362547715467-4/wms/?version=1.3.0","41.6683986071","-75.6753484351","2008","Susquehanna","final_internal","","3","","3","other","100","","","1","","1","other","100","","","3","","3","other","100","","","3","","3","other","100","","","","","","","","","","","","","","",""
"41.74844875-76.72229367---2008","https://mapsengine.google.com/06136759344167181854-00219351362547715467-4/wms/?version=1.3.0","41.7484487516","-76.7222936723","2008","Bradford","final_internal","","3","","3","other","100","","","1","","1","other","100","","","3","","3","other","100","","","3","","3","other","100","","","","","","","","","","","","","","",""
"40.74061074-79.51060654---2010","https://mapsengine.google.com/06136759344167181854-06191489742681286724-4/wms/?version=1.3.0","40.7406107425","-79.5106065375","2010","Armstrong","public","","10","","10","other","100","","","10","","10","other","100","","","","","","","","","","","","","","","","","","","","","","","","","","","","",""
"41.645776-76.34544148---2010","https://mapsengine.google.com/06136759344167181854-06191489742681286724-4/wms/?version=1.3.0","41.645776","-76.34544148","2010","Bradford","first_internal","","3","","3","other","100","","","16","","16","other","100","","","3","","3","other","100","","","","","","","","","","","","","","","","","","","","","",""
"41.73943491-76.05701555---2005","https://mapsengine.google.com/06136759344167181854-15960346301379896183-4/wms/?version=1.3.0","41.7394349071","-76.057015549","2005","Susquehanna","final_internal","","3","","3","other","100","","","1","","1","other","100","","","3","","3","other","100","","","3","","3","other","100","","","","","","","","","","","","","","",""
"39.91579233-79.97553531---2010","https://mapsengine.google.com/06136759344167181854-06191489742681286724-4/wms/?version=1.3.0","39.9157923324","-79.9755353055","2010","Greene","public","","10","","10","other","100","","","10","","10","other","100","","","","","","","","","","","","","","","","","","","","","","","","","","","","",""
"41.00124432-79.44434508---2005","https://mapsengine.google.com/06136759344167181854-15960346301379896183-4/wms/?version=1.3.0","41.0012443197","-79.4443450801","2005","Clarion","final_internal","","3","","3","other","100","","","1","","1","other","100","","","","","","","","","","3","","3","other","100","","","","","","","","","","","","","","",""
"41.70145074-75.89156897---2008","https://mapsengine.google.com/06136759344167181854-00219351362547715467-4/wms/?version=1.3.0","41.701450735","-75.8915689744","2008","Susquehanna","final_internal","1","2","","3","other","66","","","1","","1","other","100","","","3","","3","other","100","","1","2","","3","other","66","","","","","","","","","","","","","","",""
"41.6787649-75.87740987---2010","https://mapsengine.google.com/06136759344167181854-06191489742681286724-4/wms/?version=1.3.0","41.6787649047","-75.8774098689","2010","Susquehanna","sweeper_internal","","1","","1","other","100","","3","5","2","10","other","50","","","3","","3","other","100","","","","","","","","","","1","","1","other","100","","","","","","","",""
"41.31768357-76.69006301---2005","https://mapsengine.google.com/06136759344167181854-15960346301379896183-4/wms/?version=1.3.0","41.3176835674","-76.6900630121","2005","Lycoming","missing_internal","","1","","1","other","100","","","","","","fracking|unknown|other","","","","","","","","","","","","","","","","","","","","","","","","","1","","1","other","100",""
"40.82558178-80.055308---2008","https://mapsengine.google.com/06136759344167181854-00219351362547715467-4/wms/?version=1.3.0","40.8255817751","-80.0553079997","2008","Butler","first_internal","","3","","3","other","100","","","2","","2","other","100","","","3","","3","other","100","","","","","","","","","","","","","","","","","","","","","",""
"41.72797833-76.83738066---2010","https://mapsengine.google.com/06136759344167181854-06191489742681286724-4/wms/?version=1.3.0","41.72797833","-76.83738066","2010","Bradford","first_internal","","2","1","3","other","66","","2","8","","10","other","80","","","2","1","3","other","66","","","","","","","","","","","","","","","","","","","","","",""
"39.81512901-80.01075366---2010","https://mapsengine.google.com/06136759344167181854-06191489742681286724-4/wms/?version=1.3.0","39.8151290065","-80.0107536611","2010","Greene","public","","10","","10","other","100","","","10","","10","other","100","","","","","","","","","","","","","","","","","","","","","","","","","","","","",""
"41.72944818-75.93578159---2005","https://mapsengine.google.com/06136759344167181854-15960346301379896183-4/wms/?version=1.3.0","41.7294481754","-75.9357815919","2005","Susquehanna","final_internal","","3","","3","other","100","","","1","","1","other","100","","","3","","3","other","100","","","3","","3","other","100","","","","","","","","","","","","","","",""
"40.32631412-80.32748061---2008","https://mapsengine.google.com/06136759344167181854-00219351362547715467-4/wms/?version=1.3.0","40.326314118","-80.3274806143","2008","Washington","first_internal","","3","","3","other","100","","","8","","8","other","100","","","3","","3","other","100","","","","","","","","","","","","","","","","","","","","","",""
"39.94458805-80.0312284---2010","https://mapsengine.google.com/06136759344167181854-06191489742681286724-4/wms/?version=1.3.0","39.9445880506","-80.0312284037","2010","Greene","sweeper_internal","","1","","1","other","100","","4","4","2","10","fracking|other","","40|40","","","","","","","","","","","","","","","","1","","1","other","100","","","","","","","",""
"41.79335992-77.00236255---2010","https://mapsengine.google.com/06136759344167181854-06191489742681286724-4/wms/?version=1.3.0","41.7933599194","-77.0023625531","2010","Tioga","public","","13","","13","other","100","","","13","","13","other","100","","","","","","","","","","","","","","","","","","","","","","","","","","","","",""
"41.67652069-75.85954143---2010","https://mapsengine.google.com/06136759344167181854-06191489742681286724-4/wms/?version=1.3.0","41.676520689","-75.8595414275","2010","Susquehanna","sweeper_internal","","1","","1","other","100","","","8","3","11","other","72","","","3","","3","other","100","","","","","","","","","","1","","1","other","100","","","","","","","",""
"41.63279074-76.15871012---2008","https://mapsengine.google.com/06136759344167181854-00219351362547715467-4/wms/?version=1.3.0","41.6327907359","-76.1587101236","2008","Wyoming","final_internal","","3","","3","other","100","","","1","","1","other","100","","","3","","3","other","100","","","3","","3","other","100","","","","","","","","","","","","","","",""
"39.8657915-79.9960967---2010","https://mapsengine.google.com/06136759344167181854-06191489742681286724-4/wms/?version=1.3.0","39.8657914968","-79.9960966964","2010","Greene","public","","9","1","10","other","90","","","9","1","10","other","90","","","","","","","","","","","","","","","","","","","","","","","","","","","","",""
"41.7679247-77.15558406---2005","https://mapsengine.google.com/06136759344167181854-15960346301379896183-4/wms/?version=1.3.0","41.7679247034","-77.1555840603","2005","Tioga","missing_internal","","1","","1","other","100","","","","","","fracking|unknown|other","","","","","","","","","","","","","","","","","","","","","","","","","1","","1","other","100",""
"41.43599167-77.21093658---2008","https://mapsengine.google.com/06136759344167181854-00219351362547715467-4/wms/?version=1.3.0","41.4359916738","-77.2109365787","2008","Lycoming","final_internal","","3","","3","other","100","","","1","","1","other","100","","","","","","","","","","3","","3","other","100","","","","","","","","","","","","","","",""
"41.79169095-77.11833961---2008","https://mapsengine.google.com/06136759344167181854-00219351362547715467-4/wms/?version=1.3.0","41.7916909462","-77.1183396118","2008","Tioga","final_internal","3","","","3","fracking","100","","1","","","1","fracking","100","","","","","","","","","3","","","3","fracking","100","","","","","","","","","","","","","","",""
"41.58739124-76.98164356---2010","https://mapsengine.google.com/06136759344167181854-06191489742681286724-4/wms/?version=1.3.0","41.5873912424","-76.9816435631","2010","Tioga","public","","10","","10","other","100","","","10","","10","other","100","","","","","","","","","","","","","","","","","","","","","","","","","","","","",""
"40.35151419-80.28148271---2010","https://mapsengine.google.com/06136759344167181854-06191489742681286724-4/wms/?version=1.3.0","40.3515141872","-80.2814827091","2010","Washington","public","","10","","10","other","100","","","10","","10","other","100","","","","","","","","","","","","","","","","","","","","","","","","","","","","",""
"41.22015313-78.69909024---2008","https://mapsengine.google.com/06136759344167181854-00219351362547715467-4/wms/?version=1.3.0","41.2201531317","-78.699090244","2008","Elk","first_internal","","3","","3","other","100","","","1","","1","other","100","","","3","","3","other","100","","","","","","","","","","","","","","","","","","","","","",""
"39.83401242-80.00200333---2010","https://mapsengine.google.com/06136759344167181854-06191489742681286724-4/wms/?version=1.3.0","39.834012422","-80.0020033289","2010","Greene","public","","10","","10","other","100","","","10","","10","other","100","","","","","","","","","","","","","","","","","","","","","","","","","","","","",""
"41.26083371-76.58329918---2005","https://mapsengine.google.com/06136759344167181854-15960346301379896183-4/wms/?version=1.3.0","41.2608337092","-76.5832991802","2005","Lycoming","missing_internal","","1","","1","other","100","","","","","","fracking|unknown|other","","","","","","","","","","","","","","","","","","","","","","","","","1","","1","other","100",""
"41.52120899-76.3459418---2008","https://mapsengine.google.com/06136759344167181854-00219351362547715467-4/wms/?version=1.3.0","41.5212089878","-76.3459417991","2008","Sullivan","final_internal","","4","","4","other","100","","","1","","1","other","100","","","3","","3","other","100","","","4","","4","other","100","","","","","","","","","","","","","","",""
"39.9042276-79.8216332---2008","https://mapsengine.google.com/06136759344167181854-00219351362547715467-4/wms/?version=1.3.0","39.9042275961","-79.8216331963","2008","Fayette","sweeper_internal","","1","","1","other","100","","2","4","4","10","unknown|other","","40|40","","3","","3","other","100","","","","","","","","","","1","","1","other","100","","","","","","","",""
"41.84098467-77.05056574---2005","https://mapsengine.google.com/06136759344167181854-15960346301379896183-4/wms/?version=1.3.0","41.8409846663","-77.0505657356","2005","Tioga","final_internal","","3","","3","other","100","","","1","","1","other","100","","","","","","","","","","3","","3","other","100","","","","","","","","","","","","","","",""
"40.17528869-80.40986614---2010","https://mapsengine.google.com/06136759344167181854-06191489742681286724-4/wms/?version=1.3.0","40.1752886877","-80.4098661374","2010","Washington","public","","9","1","10","other","90","","","9","1","10","other","90","","","","","","","","","","","","","","","","","","","","","","","","","","","","",""
"39.74535699-79.44022445---2010","https://mapsengine.google.com/06136759344167181854-06191489742681286724-4/wms/?version=1.3.0","39.7453569942","-79.4402244513","2010","Fayette","public","","10","","10","other","100","","","10","","10","other","100","","","","","","","","","","","","","","","","","","","","","","","","","","","","",""
"41.69426366-75.9390016---2010","https://mapsengine.google.com/06136759344167181854-06191489742681286724-4/wms/?version=1.3.0","41.6942636642","-75.9390016042","2010","Susquehanna","sweeper_internal","","1","","1","other","100","","7","2","1","10","fracking","70","","","3","","3","other","100","","","","","","","","","","1","","1","other","100","","","","","","","",""
"39.72934446-80.03327755---2005","https://mapsengine.google.com/06136759344167181854-15960346301379896183-4/wms/?version=1.3.0","39.7293444596","-80.0332775485","2005","Greene","final_internal","","3","","3","other","100","","","1","","1","other","100","","","","","","","","","","3","","3","other","100","","","","","","","","","","","","","","",""
"41.71863542-76.0562945---2008","https://mapsengine.google.com/06136759344167181854-00219351362547715467-4/wms/?version=1.3.0","41.7186354208","-76.0562944975","2008","Susquehanna","final_internal","","3","","3","other","100","","","1","","1","other","100","","","3","","3","other","100","","","3","","3","other","100","","","","","","","","","","","","","","",""
"39.84239562-79.97472536---2008","https://mapsengine.google.com/06136759344167181854-00219351362547715467-4/wms/?version=1.3.0","39.8423956237","-79.9747253619","2008","Greene","sweeper_internal","","1","","1","other","100","","5","3","2","10","fracking","50","","","3","","3","other","100","","","","","","","","","","1","","1","other","100","","","","","","","",""
"40.07291231-80.19154205---2010","https://mapsengine.google.com/06136759344167181854-06191489742681286724-4/wms/?version=1.3.0","40.072912307","-80.1915420527","2010","Washington","public","","10","","10","other","100","","","10","","10","other","100","","","","","","","","","","","","","","","","","","","","","","","","","","","","",""
"40.01809718-79.73062978---2010","https://mapsengine.google.com/06136759344167181854-06191489742681286724-4/wms/?version=1.3.0","40.0180971751","-79.7306297814","2010","Fayette","public","10","","","10","fracking","100","","10","","","10","fracking","100","","","","","","","","","","","","","","","","","","","","","","","","","","","","",""
"39.95807101-79.68648407---2008","https://mapsengine.google.com/06136759344167181854-00219351362547715467-4/wms/?version=1.3.0","39.9580710131","-79.6864840669","2008","Fayette","first_internal","2","1","","3","fracking","66","","3","1","2","6","fracking","50","","2","1","","3","fracking","66","","","","","","","","","","","","","","","","","","","","","",""
"41.42222792-76.87601915---2008","https://mapsengine.google.com/06136759344167181854-00219351362547715467-4/wms/?version=1.3.0","41.4222279154","-76.876019148","2008","Lycoming","final_internal","","3","","3","other","100","","","1","","1","other","100","","","","","","","","","","3","","3","other","100","","","","","","","","","","","","","","",""
"40.14520189-80.26117403---2008","https://mapsengine.google.com/06136759344167181854-00219351362547715467-4/wms/?version=1.3.0","40.1452018864","-80.2611740338","2008","Washington","first_internal","","3","","3","other","100","","","8","","8","other","100","","","3","","3","other","100","","","","","","","","","","","","","","","","","","","","","",""
"41.41487876-78.27182225---2010","https://mapsengine.google.com/06136759344167181854-06191489742681286724-4/wms/?version=1.3.0","41.4148787649","-78.2718222488","2010","Cameron","sweeper_internal","1","","","1","fracking","100","","3","6","1","10","other","60","","","","","","","","","","","","","","","","1","","","1","fracking","100","","","","","","","",""
"41.04546317-79.34443609---2005","https://mapsengine.google.com/06136759344167181854-15960346301379896183-4/wms/?version=1.3.0","41.0454631721","-79.3444360874","2005","Clarion","final_internal","","3","","3","other","100","","","1","","1","other","100","","","","","","","","","","3","","3","other","100","","","","","","","","","","","","","","",""
"41.07083669-77.90401274---2010","https://mapsengine.google.com/06136759344167181854-06191489742681286724-4/wms/?version=1.3.0","41.070836686","-77.90401274","2010","Centre","public","","11","","11","other","100","","","11","","11","other","100","","","","","","","","","","","","","","","","","","","","","","","","","","","","",""
"39.94518019-79.95113585---2010","https://mapsengine.google.com/06136759344167181854-06191489742681286724-4/wms/?version=1.3.0","39.9451801906","-79.9511358452","2010","Greene","sweeper_internal","","1","","1","other","100","","1","5","4","10","other","50","","","","","","","","","","","","","","","","","1","","1","other","100","","","","","","","",""
"39.9512492-80.08876453---2008","https://mapsengine.google.com/06136759344167181854-00219351362547715467-4/wms/?version=1.3.0","39.9512492041","-80.0887645253","2008","Greene","first_internal","","3","","3","other","100","","","9","1","10","other","90","","","3","","3","other","100","","","","","","","","","","","","","","","","","","","","","",""
"39.84571146-79.86219203---2008","https://mapsengine.google.com/06136759344167181854-00219351362547715467-4/wms/?version=1.3.0","39.8457114588","-79.8621920299","2008","Fayette","sweeper_internal","","1","","1","other","100","","7","2","1","10","fracking","70","","3","","","3","fracking","100","","","","","","","","","","1","","1","other","100","","","","","","","",""
"41.69492154-75.86197663---2010","https://mapsengine.google.com/06136759344167181854-06191489742681286724-4/wms/?version=1.3.0","41.69492154","-75.86197663","2010","Susquehanna","first_internal","","3","","3","other","100","","","10","","10","other","100","","","3","","3","other","100","","","","","","","","","","","","","","","","","","","","","",""
"39.77798614-79.86084481---2008","https://mapsengine.google.com/06136759344167181854-00219351362547715467-4/wms/?version=1.3.0","39.7779861353","-79.8608448073","2008","Fayette","first_internal","","3","","3","other","100","","1","8","1","10","other","80","","","3","","3","other","100","","","","","","","","","","","","","","","","","","","","","",""
"40.24224083-80.28402558---2008","https://mapsengine.google.com/06136759344167181854-00219351362547715467-4/wms/?version=1.3.0","40.2422408293","-80.2840255837","2008","Washington","first_internal","","3","","3","other","100","","","7","1","8","other","87","","","3","","3","other","100","","","","","","","","","","","","","","","","","","","","","",""
"41.73102798-76.00391748---2010","https://mapsengine.google.com/06136759344167181854-06191489742681286724-4/wms/?version=1.3.0","41.73102798","-76.00391748","2010","Susquehanna","first_internal","","3","","3","other","100","","","10","","10","other","100","","","3","","3","other","100","","","","","","","","","","","","","","","","","","","","","",""
"41.7837383-76.11068363---2005","https://mapsengine.google.com/06136759344167181854-15960346301379896183-4/wms/?version=1.3.0","41.7837383019","-76.1106836271","2005","Susquehanna","final_internal","","3","","3","other","100","","","1","","1","other","100","","","3","","3","other","100","","","3","","3","other","100","","","","","","","","","","","","","","",""
"40.75742358-79.72172251---2005","https://mapsengine.google.com/06136759344167181854-15960346301379896183-4/wms/?version=1.3.0","40.7574235759","-79.7217225084","2005","Butler","final_internal","","3","","3","other","100","","","1","","1","other","100","","","","","","","","","","3","","3","other","100","","","","","","","","","","","","","","",""
"41.27089234-76.65960977---2010","https://mapsengine.google.com/06136759344167181854-06191489742681286724-4/wms/?version=1.3.0","41.2708923398","-76.6596097653","2010","Lycoming","public","11","","1","12","fracking","91","","11","","1","12","fracking","91","","","","","","","","","","","","","","","","","","","","","","","","","","","","",""
"41.68070218-77.59793704---2010","https://mapsengine.google.com/06136759344167181854-06191489742681286724-4/wms/?version=1.3.0","41.6807021834","-77.5979370414","2010","Potter","public","","11","1","12","other","91","","","11","1","12","other","91","","","","","","","","","","","","","","","","","","","","","","","","","","","","",""
"40.86346722-79.50349501---2008","https://mapsengine.google.com/06136759344167181854-00219351362547715467-4/wms/?version=1.3.0","40.8634672185","-79.503495009","2008","Armstrong","first_internal","","3","","3","other","100","","1","3","2","6","other","50","","","3","","3","other","100","","","","","","","","","","","","","","","","","","","","","",""
"39.89685113-80.06869313---2010","https://mapsengine.google.com/06136759344167181854-06191489742681286724-4/wms/?version=1.3.0","39.8968511264","-80.0686931303","2010","Greene","sweeper_internal","1","","","1","fracking","100","","6","2","2","10","fracking","60","","","","","","","","","","","","","","","","1","","","1","fracking","100","","","","","","","",""
"41.78573075-76.22817821---2008","https://mapsengine.google.com/06136759344167181854-00219351362547715467-4/wms/?version=1.3.0","41.7857307457","-76.2281782115","2008","Bradford","final_internal","","3","","3","other","100","","","1","","1","other","100","","","3","","3","other","100","","","3","","3","other","100","","","","","","","","","","","","","","",""
"41.73403982-77.39911779---2010","https://mapsengine.google.com/06136759344167181854-06191489742681286724-4/wms/?version=1.3.0","41.7340398226","-77.3991177887","2010","Tioga","sweeper_internal","","1","","1","other","100","","6","1","5","12","fracking","50","","","","","","","","","","","","","","","","","1","","1","other","100","","","","","","","",""
"41.52809255-76.35623866---2008","https://mapsengine.google.com/06136759344167181854-00219351362547715467-4/wms/?version=1.3.0","41.5280925506","-76.3562386615","2008","Sullivan","final_internal","","3","","3","other","100","","","1","","1","other","100","","","3","","3","other","100","","","3","","3","other","100","","","","","","","","","","","","","","",""
"40.21276524-80.31815431---2010","https://mapsengine.google.com/06136759344167181854-06191489742681286724-4/wms/?version=1.3.0","40.2127652445","-80.3181543116","2010","Washington","public","","9","1","10","other","90","","","9","1","10","other","90","","","","","","","","","","","","","","","","","","","","","","","","","","","","",""
"41.75533932-76.63261922---2010","https://mapsengine.google.com/06136759344167181854-06191489742681286724-4/wms/?version=1.3.0","41.75533932","-76.63261922","2010","Bradford","first_internal","","3","","3","other","100","","","11","1","12","other","91","","","3","","3","other","100","","","","","","","","","","","","","","","","","","","","","",""
"41.71983752-75.86816583---2010","https://mapsengine.google.com/06136759344167181854-06191489742681286724-4/wms/?version=1.3.0","41.71983752","-75.86816583","2010","Susquehanna","first_internal","","3","","3","other","100","","","10","","10","other","100","","","3","","3","other","100","","","","","","","","","","","","","","","","","","","","","",""
"39.91416408-80.00052401---2010","https://mapsengine.google.com/06136759344167181854-06191489742681286724-4/wms/?version=1.3.0","39.9141640817","-80.0005240122","2010","Greene","sweeper_internal","","1","","1","other","100","","3","4","3","10","other","40","","","","","","","","","","","","","","","","","1","","1","other","100","","","","","","","",""
"39.83238994-79.53693128---2010","https://mapsengine.google.com/06136759344167181854-06191489742681286724-4/wms/?version=1.3.0","39.8323899376","-79.5369312778","2010","Fayette","public","2","8","","10","other","80","","2","8","","10","other","80","","","","","","","","","","","","","","","","","","","","","","","","","","","","",""
"40.97463587-78.84676363---2005","https://mapsengine.google.com/06136759344167181854-15960346301379896183-4/wms/?version=1.3.0","40.9746358676","-78.8467636312","2005","Jefferson","final_internal","","3","","3","other","100","","","1","","1","other","100","","","","","","","","","","3","","3","other","100","","","","","","","","","","","","","","",""
"41.72576997-76.26227649---2010","https://mapsengine.google.com/06136759344167181854-06191489742681286724-4/wms/?version=1.3.0","41.72576997","-76.26227649","2010","Bradford","first_internal","","3","","3","other","100","","","10","","10","other","100","","","3","","3","other","100","","","","","","","","","","","","","","","","","","","","","",""
"40.09518731-79.81616103---2008","https://mapsengine.google.com/06136759344167181854-00219351362547715467-4/wms/?version=1.3.0","40.095187307","-79.8161610253","2008","Fayette","first_internal","","3","","3","other","100","","","10","","10","other","100","","","3","","3","other","100","","","","","","","","","","","","","","","","","","","","","",""
"41.95538079-76.86122201---2005","https://mapsengine.google.com/06136759344167181854-15960346301379896183-4/wms/?version=1.3.0","41.9553807867","-76.8612220122","2005","Bradford","sweeper_internal","1","","","1","fracking","100","","","1","","1","other","100","","3","","","3","fracking","100","","1","1","1","3","fracking|unknown|other","","33|33|33","1","","","1","fracking","100","","","","","","","",""
"39.94318311-79.23353393---2010","https://mapsengine.google.com/06136759344167181854-06191489742681286724-4/wms/?version=1.3.0","39.9431831077","-79.2335339342","2010","Somerset","public","","10","","10","other","100","","","10","","10","other","100","","","","","","","","","","","","","","","","","","","","","","","","","","","","",""
"39.94180514-80.02513962---2008","https://mapsengine.google.com/06136759344167181854-00219351362547715467-4/wms/?version=1.3.0","39.9418051375","-80.0251396214","2008","Greene","sweeper_internal","1","","","1","fracking","100","","7","2","1","10","fracking","70","","2","","1","3","fracking","66","","","","","","","","","1","","","1","fracking","100","","","","","","","",""
"40.28627302-79.70825722---2005","https://mapsengine.google.com/06136759344167181854-15960346301379896183-4/wms/?version=1.3.0","40.2862730244","-79.7082572218","2005","Westmoreland","final_internal","","3","","3","other","100","","","1","","1","other","100","","","","","","","","","","3","","3","other","100","","","","","","","","","","","","","","",""
"41.70643144-75.9326023---2005","https://mapsengine.google.com/06136759344167181854-15960346301379896183-4/wms/?version=1.3.0","41.7064314433","-75.932602297","2005","Susquehanna","final_internal","","3","","3","other","100","","","1","","1","other","100","","","3","","3","other","100","","","3","","3","other","100","","","","","","","","","","","","","","",""
"41.88640057-75.66785201---2010","https://mapsengine.google.com/06136759344167181854-06191489742681286724-4/wms/?version=1.3.0","41.88640057","-75.66785201","2010","Susquehanna","first_internal","","3","","3","other","100","","","11","","11","other","100","","","3","","3","other","100","","","","","","","","","","","","","","","","","","","","","",""
"40.81667744-80.20363074---2005","https://mapsengine.google.com/06136759344167181854-15960346301379896183-4/wms/?version=1.3.0","40.8166774391","-80.2036307387","2005","Beaver","final_internal","","3","","3","other","100","","","1","","1","other","100","","","3","","3","other","100","","","3","","3","other","100","","","","","","","","","","","","","","",""
"39.91908581-79.97745364---2010","https://mapsengine.google.com/06136759344167181854-06191489742681286724-4/wms/?version=1.3.0","39.919085814","-79.9774536403","2010","Greene","sweeper_internal","","1","","1","other","100","","3","5","2","10","other","50","","","","","","","","","","","","","","","","","1","","1","other","100","","","","","","","",""
"41.64392441-76.37426281---2008","https://mapsengine.google.com/06136759344167181854-00219351362547715467-4/wms/?version=1.3.0","41.6439244065","-76.3742628113","2008","Bradford","final_internal","","3","","3","other","100","","","1","","1","other","100","","","3","","3","other","100","","","3","","3","other","100","","","","","","","","","","","","","","",""
"40.14905421-79.35000192---2010","https://mapsengine.google.com/06136759344167181854-06191489742681286724-4/wms/?version=1.3.0","40.149054213","-79.3500019171","2010","Westmoreland","public","10","","1","11","fracking","90","","10","","1","11","fracking","90","","","","","","","","","","","","","","","","","","","","","","","","","","","","",""
"41.16421106-78.45457694---2010","https://mapsengine.google.com/06136759344167181854-06191489742681286724-4/wms/?version=1.3.0","41.1642110626","-78.4545769376","2010","Clearfield","sweeper_internal","","1","","1","other","100","","5","4","3","12","fracking","41","","","","","","","","","","","","","","","","","1","","1","other","100","","","","","","","",""
"41.6561563-77.65685013---2005","https://mapsengine.google.com/06136759344167181854-15960346301379896183-4/wms/?version=1.3.0","41.6561562996","-77.6568501309","2005","Potter","final_internal","","3","","3","other","100","","","1","","1","other","100","","","","","","","","","","3","","3","other","100","","","","","","","","","","","","","","",""
"41.70926895-75.87614338---2010","https://mapsengine.google.com/06136759344167181854-06191489742681286724-4/wms/?version=1.3.0","41.70926895","-75.87614338","2010","Susquehanna","first_internal","","3","","3","other","100","","","11","","11","other","100","","","3","","3","other","100","","","","","","","","","","","","","","","","","","","","","",""
"41.66653128-75.85365152---2008","https://mapsengine.google.com/06136759344167181854-00219351362547715467-4/wms/?version=1.3.0","41.666531278","-75.8536515184","2008","Susquehanna","final_internal","","3","","3","other","100","","","1","","1","other","100","","","3","","3","other","100","","","3","","3","other","100","","","","","","","","","","","","","","",""
"39.77263009-80.01012326---2008","https://mapsengine.google.com/06136759344167181854-00219351362547715467-4/wms/?version=1.3.0","39.7726300861","-80.0101232645","2008","Greene","first_internal","","3","","3","other","100","","","9","1","10","other","90","","","3","","3","other","100","","","","","","","","","","","","","","","","","","","","","",""
"41.76881626-76.01811581---2008","https://mapsengine.google.com/06136759344167181854-00219351362547715467-4/wms/?version=1.3.0","41.7688162626","-76.0181158059","2008","Susquehanna","final_internal","","3","","3","other","100","","","1","","1","other","100","","","3","","3","other","100","","","3","","3","other","100","","","","","","","","","","","","","","",""
"40.43387164-79.0709601---2010","https://mapsengine.google.com/06136759344167181854-06191489742681286724-4/wms/?version=1.3.0","40.4338716356","-79.0709600993","2010","Indiana","public","26","3","1","30","fracking","86","","26","3","1","30","fracking","86","","","","","","","","","","","","","","","","","","","","","","","","","","","","",""
"41.71052697-76.84057043---2010","https://mapsengine.google.com/06136759344167181854-06191489742681286724-4/wms/?version=1.3.0","41.7105269689","-76.8405704319","2010","Bradford","sweeper_internal","","1","","1","other","100","","2","6","4","12","other","50","","","3","","3","other","100","","","","","","","","","","1","","1","other","100","","","","","","","",""
"41.69663963-75.93666964---2010","https://mapsengine.google.com/06136759344167181854-06191489742681286724-4/wms/?version=1.3.0","41.69663963","-75.93666964","2010","Susquehanna","first_internal","","3","","3","other","100","","","10","","10","other","100","","","3","","3","other","100","","","","","","","","","","","","","","","","","","","","","",""
"40.92191093-79.96992153---2010","https://mapsengine.google.com/06136759344167181854-06191489742681286724-4/wms/?version=1.3.0","40.9219109287","-79.969921527","2010","Butler","public","","22","","22","other","100","","","22","","22","other","100","","","","","","","","","","","","","","","","","","","","","","","","","","","","",""
"41.67896961-76.33637347---2005","https://mapsengine.google.com/06136759344167181854-15960346301379896183-4/wms/?version=1.3.0","41.6789696065","-76.33637347","2005","Bradford","final_internal","","3","","3","other","100","","","1","","1","other","100","","","3","","3","other","100","","","3","","3","other","100","","","","","","","","","","","","","","",""
"41.59396995-78.33137857---2010","https://mapsengine.google.com/06136759344167181854-06191489742681286724-4/wms/?version=1.3.0","41.5939699469","-78.331378573","2010","Cameron","public","1","10","1","12","other","83","","1","10","1","12","other","83","","","","","","","","","","","","","","","","","","","","","","","","","","","","",""
"40.96935719-78.84733027---2005","https://mapsengine.google.com/06136759344167181854-15960346301379896183-4/wms/?version=1.3.0","40.9693571908","-78.8473302662","2005","Jefferson","final_internal","1","2","","3","other","66","","1","","","1","fracking","100","","","","","","","","","1","2","","3","other","66","","","","","","","","","","","","","","",""
"41.13881735-79.75138255---2005","https://mapsengine.google.com/06136759344167181854-15960346301379896183-4/wms/?version=1.3.0","41.1388173541","-79.7513825486","2005","Butler","final_internal","","3","","3","other","100","","","","1","1","unknown","100","","","","","","","","","","3","","3","other","100","","","","","","","","","","","","","","",""
"41.87266257-78.61767525---2008","https://mapsengine.google.com/06136759344167181854-00219351362547715467-4/wms/?version=1.3.0","41.8726625651","-78.6176752534","2008","McKean","first_internal","2","1","","3","fracking","66","","6","","2","8","fracking","75","","2","1","","3","fracking","66","","","","","","","","","","","","","","","","","","","","","",""
"39.88111893-79.98323728---2005","https://mapsengine.google.com/06136759344167181854-15960346301379896183-4/wms/?version=1.3.0","39.8811189269","-79.9832372799","2005","Greene","final_internal","","3","","3","other","100","","","1","","1","other","100","","","","","","","","","","3","","3","other","100","","","","","","","","","","","","","","",""
"39.7311712-80.00078838---2010","https://mapsengine.google.com/06136759344167181854-06191489742681286724-4/wms/?version=1.3.0","39.731171196","-80.0007883761","2010","Greene","public","","10","","10","other","100","","","10","","10","other","100","","","","","","","","","","","","","","","","","","","","","","","","","","","","",""
"41.25341173-76.4995596---2010","https://mapsengine.google.com/06136759344167181854-06191489742681286724-4/wms/?version=1.3.0","41.2534117262","-76.4995595965","2010","Lycoming","sweeper_internal","1","","","1","fracking","100","","7","4","2","13","fracking","53","","","","","","","","","","","","","","","","1","","","1","fracking","100","","","","","","","",""
"41.71333693-76.0181873---2008","https://mapsengine.google.com/06136759344167181854-00219351362547715467-4/wms/?version=1.3.0","41.7133369336","-76.0181873026","2008","Susquehanna","final_internal","","3","","3","other","100","","","1","","1","other","100","","","3","","3","other","100","","","3","","3","other","100","","","","","","","","","","","","","","",""
"41.4153376-78.27142175---2010","https://mapsengine.google.com/06136759344167181854-06191489742681286724-4/wms/?version=1.3.0","41.4153375964","-78.271421749","2010","Cameron","public","1","9","","10","other","90","","1","9","","10","other","90","","","","","","","","","","","","","","","","","","","","","","","","","","","","",""
"41.71318035-75.89388755---2008","https://mapsengine.google.com/06136759344167181854-00219351362547715467-4/wms/?version=1.3.0","41.7131803529","-75.8938875501","2008","Susquehanna","final_internal","","3","","3","other","100","","","1","","1","other","100","","","3","","3","other","100","","","3","","3","other","100","","","","","","","","","","","","","","",""
"39.88637308-80.02929459---2008","https://mapsengine.google.com/06136759344167181854-00219351362547715467-4/wms/?version=1.3.0","39.8863730758","-80.0292945917","2008","Greene","sweeper_internal","","1","","1","other","100","","1","7","2","10","other","70","","","3","","3","other","100","","","","","","","","","","1","","1","other","100","","","","","","","",""
"40.23643036-79.75825079---2008","https://mapsengine.google.com/06136759344167181854-00219351362547715467-4/wms/?version=1.3.0","40.2364303562","-79.7582507891","2008","Westmoreland","first_internal","","3","","3","other","100","","","1","","1","other","100","","","3","","3","other","100","","","","","","","","","","","","","","","","","","","","","",""
"41.8366525-76.96098114---2005","https://mapsengine.google.com/06136759344167181854-15960346301379896183-4/wms/?version=1.3.0","41.8366524992","-76.9609811423","2005","Tioga","missing_internal","","1","","1","other","100","","","","","","fracking|unknown|other","","","","","","","","","","","","","","","","","","","","","","","","","1","","1","other","100",""
"41.67519947-77.58735471---2010","https://mapsengine.google.com/06136759344167181854-06191489742681286724-4/wms/?version=1.3.0","41.6751994747","-77.5873547126","2010","Tioga","public","","9","1","10","other","90","","","9","1","10","other","90","","","","","","","","","","","","","","","","","","","","","","","","","","","","",""
"41.75927254-76.4640058---2010","https://mapsengine.google.com/06136759344167181854-06191489742681286724-4/wms/?version=1.3.0","41.75927254","-76.4640058","2010","Bradford","first_internal","","3","","3","other","100","","","10","","10","other","100","","","3","","3","other","100","","","","","","","","","","","","","","","","","","","","","",""
"41.89233987-77.36827973---2010","https://mapsengine.google.com/06136759344167181854-06191489742681286724-4/wms/?version=1.3.0","41.8923398712","-77.3682797271","2010","Tioga","public","","10","","10","other","100","","","10","","10","other","100","","","","","","","","","","","","","","","","","","","","","","","","","","","","",""
"40.96004785-79.942731---2008","https://mapsengine.google.com/06136759344167181854-00219351362547715467-4/wms/?version=1.3.0","40.9600478464","-79.9427310028","2008","Butler","first_internal","","3","","3","other","100","","","2","","2","other","100","","","3","","3","other","100","","","","","","","","","","","","","","","","","","","","","",""
"40.1149518-79.81758493---2008","https://mapsengine.google.com/06136759344167181854-00219351362547715467-4/wms/?version=1.3.0","40.1149518021","-79.8175849295","2008","Fayette","sweeper_internal","","1","","1","other","100","","2","6","2","10","other","60","","","2","1","3","other","66","","","","","","","","","","1","","1","other","100","","","","","","","",""
"41.74162924-75.87722158---2008","https://mapsengine.google.com/06136759344167181854-00219351362547715467-4/wms/?version=1.3.0","41.7416292394","-75.8772215797","2008","Susquehanna","final_internal","","3","","3","other","100","","","1","","1","other","100","","","3","","3","other","100","","","3","","3","other","100","","","","","","","","","","","","","","",""
"41.6828397-77.42330781---2005","https://mapsengine.google.com/06136759344167181854-15960346301379896183-4/wms/?version=1.3.0","41.6828397038","-77.4233078112","2005","Tioga","final_internal","","3","","3","other","100","","","1","","1","other","100","","","","","","","","","","3","","3","other","100","","","","","","","","","","","","","","",""
"41.22456289-78.72437161---2010","https://mapsengine.google.com/06136759344167181854-06191489742681286724-4/wms/?version=1.3.0","41.2245628901","-78.7243716115","2010","Jefferson","public","1","9","","10","other","90","","1","9","","10","other","90","","","","","","","","","","","","","","","","","","","","","","","","","","","","",""
"39.94364327-79.84220816---2010","https://mapsengine.google.com/06136759344167181854-06191489742681286724-4/wms/?version=1.3.0","39.943643269","-79.8422081586","2010","Fayette","public","","10","","10","other","100","","","10","","10","other","100","","","","","","","","","","","","","","","","","","","","","","","","","","","","",""
"40.86245281-79.77236412---2010","https://mapsengine.google.com/06136759344167181854-06191489742681286724-4/wms/?version=1.3.0","40.862452815","-79.7723641174","2010","Butler","sweeper_internal","1","","","1","fracking","100","","15","3","12","30","fracking","50","","","","","","","","","","","","","","","","1","","","1","fracking","100","","","","","","","",""
"41.33309819-77.29104603---2010","https://mapsengine.google.com/06136759344167181854-06191489742681286724-4/wms/?version=1.3.0","41.3330981878","-77.2910460267","2010","Lycoming","sweeper_internal","1","","","1","fracking","100","","9","1","3","13","fracking","69","","","","","","","","","","","","","","","","1","","","1","fracking","100","","","","","","","",""
"41.19781926-77.68816972---2010","https://mapsengine.google.com/06136759344167181854-06191489742681286724-4/wms/?version=1.3.0","41.1978192626","-77.6881697228","2010","Clinton","sweeper_internal","","1","","1","other","100","","3","4","4","11","unknown|other","","36|36","","","","","","","","","","","","","","","","1","","1","other","100","","","","","","","",""
"39.88259081-80.04932728---2010","https://mapsengine.google.com/06136759344167181854-06191489742681286724-4/wms/?version=1.3.0","39.8825908091","-80.0493272848","2010","Greene","sweeper_internal","","1","","1","other","100","","7","1","2","10","fracking","70","","","","","","","","","","","","","","","","","1","","1","other","100","","","","","","","",""
"41.7175604-76.16542763---2010","https://mapsengine.google.com/06136759344167181854-06191489742681286724-4/wms/?version=1.3.0","41.7175604","-76.16542763","2010","Bradford","first_internal","","3","","3","other","100","","","12","","12","other","100","","","3","","3","other","100","","","","","","","","","","","","","","","","","","","","","",""
"39.81456472-80.00466653---2008","https://mapsengine.google.com/06136759344167181854-00219351362547715467-4/wms/?version=1.3.0","39.814564716","-80.0046665328","2008","Greene","sweeper_internal","","1","","1","other","100","","7","1","2","10","fracking","70","","2","","1","3","fracking","66","","","","","","","","","","1","","1","other","100","","","","","","","",""
"41.75160716-75.93471407---2005","https://mapsengine.google.com/06136759344167181854-15960346301379896183-4/wms/?version=1.3.0","41.7516071606","-75.9347140715","2005","Susquehanna","final_internal","","3","","3","other","100","","","1","","1","other","100","","","3","","3","other","100","","","3","","3","other","100","","","","","","","","","","","","","","",""
"41.72077355-75.89436788---2008","https://mapsengine.google.com/06136759344167181854-00219351362547715467-4/wms/?version=1.3.0","41.7207735513","-75.8943678785","2008","Susquehanna","final_internal","","3","","3","other","100","","","1","","1","other","100","","","3","","3","other","100","","","3","","3","other","100","","","","","","","","","","","","","","",""
"40.80103079-80.0792769---2008","https://mapsengine.google.com/06136759344167181854-00219351362547715467-4/wms/?version=1.3.0","40.8010307916","-80.0792768998","2008","Butler","first_internal","","3","","3","other","100","","","2","","2","other","100","","","3","","3","other","100","","","","","","","","","","","","","","","","","","","","","",""
"41.90862639-76.85973204---2010","https://mapsengine.google.com/06136759344167181854-06191489742681286724-4/wms/?version=1.3.0","41.90862639","-76.85973204","2010","Bradford","first_internal","","3","","3","other","100","","","10","","10","other","100","","","3","","3","other","100","","","","","","","","","","","","","","","","","","","","","",""
"40.86593634-79.49484816---2010","https://mapsengine.google.com/06136759344167181854-06191489742681286724-4/wms/?version=1.3.0","40.8659363421","-79.4948481631","2010","Armstrong","sweeper_internal","","1","","1","other","100","","1","6","3","10","other","60","","","","","","","","","","","","","","","","","1","","1","other","100","","","","","","","",""
"40.81144954-80.2020982---2005","https://mapsengine.google.com/06136759344167181854-15960346301379896183-4/wms/?version=1.3.0","40.8114495439","-80.2020981958","2005","Beaver","final_internal","","3","","3","other","100","","","1","","1","other","100","","","3","","3","other","100","","","3","","3","other","100","","","","","","","","","","","","","","",""
"41.67755088-78.62264602---2010","https://mapsengine.google.com/06136759344167181854-06191489742681286724-4/wms/?version=1.3.0","41.6775508761","-78.6226460235","2010","McKean","public","","10","","10","other","100","","","10","","10","other","100","","","","","","","","","","","","","","","","","","","","","","","","","","","","",""
"40.97723036-78.84087232---2010","https://mapsengine.google.com/06136759344167181854-06191489742681286724-4/wms/?version=1.3.0","40.9772303578","-78.840872323","2010","Jefferson","sweeper_internal","","1","","1","other","100","","4","5","1","10","other","50","","","","","","","","","","","","","","","","","1","","1","other","100","","","","","","","",""
"41.75006742-75.90078599---2008","https://mapsengine.google.com/06136759344167181854-00219351362547715467-4/wms/?version=1.3.0","41.7500674179","-75.9007859867","2008","Susquehanna","final_internal","","3","","3","other","100","","","1","","1","other","100","","","3","","3","other","100","","","3","","3","other","100","","","","","","","","","","","","","","",""
"41.75091621-76.63110488---2010","https://mapsengine.google.com/06136759344167181854-06191489742681286724-4/wms/?version=1.3.0","41.75091621","-76.63110488","2010","Bradford","first_internal","","3","","3","other","100","","1","12","","13","other","92","","","3","","3","other","100","","","","","","","","","","","","","","","","","","","","","",""
"41.69791165-77.29253527---2010","https://mapsengine.google.com/06136759344167181854-06191489742681286724-4/wms/?version=1.3.0","41.6979116523","-77.2925352664","2010","Tioga","sweeper_internal","","1","","1","other","100","","1","7","5","13","other","53","","","","","","","","","","","","","","","","","1","","1","other","100","","","","","","","",""
"41.89148534-75.40831671---2008","https://mapsengine.google.com/06136759344167181854-00219351362547715467-4/wms/?version=1.3.0","41.8914853435","-75.4083167091","2008","Wayne","final_internal","","3","","3","other","100","","","1","","1","other","100","","","3","","3","other","100","","","3","","3","other","100","","","","","","","","","","","","","","",""
"41.71159096-76.13098126---2005","https://mapsengine.google.com/06136759344167181854-15960346301379896183-4/wms/?version=1.3.0","41.7115909634","-76.1309812599","2005","Bradford","final_internal","","3","","3","other","100","","","1","","1","other","100","","","3","","3","other","100","","","3","","3","other","100","","","","","","","","","","","","","","",""
"41.70194802-77.3156157---2010","https://mapsengine.google.com/06136759344167181854-06191489742681286724-4/wms/?version=1.3.0","41.7019480222","-77.3156156985","2010","Tioga","public","","13","","13","other","100","","","13","","13","other","100","","","","","","","","","","","","","","","","","","","","","","","","","","","","",""
"41.76090405-76.10558139---2005","https://mapsengine.google.com/06136759344167181854-15960346301379896183-4/wms/?version=1.3.0","41.7609040488","-76.1055813948","2005","Susquehanna","final_internal","","3","","3","other","100","","","1","","1","other","100","","","3","","3","other","100","","","3","","3","other","100","","","","","","","","","","","","","","",""
"41.73678927-75.87931407---2008","https://mapsengine.google.com/06136759344167181854-00219351362547715467-4/wms/?version=1.3.0","41.7367892712","-75.8793140732","2008","Susquehanna","final_internal","","4","","4","other","100","","","1","","1","other","100","","","3","","3","other","100","","","4","","4","other","100","","","","","","","","","","","","","","",""
"41.89029205-75.41110352---2008","https://mapsengine.google.com/06136759344167181854-00219351362547715467-4/wms/?version=1.3.0","41.8902920477","-75.4111035207","2008","Wayne","final_internal","","3","","3","other","100","","","1","","1","other","100","","","3","","3","other","100","","","3","","3","other","100","","","","","","","","","","","","","","",""
"39.89864125-80.34912977---2008","https://mapsengine.google.com/06136759344167181854-00219351362547715467-4/wms/?version=1.3.0","39.8986412538","-80.3491297658","2008","Greene","sweeper_internal","","1","","1","other","100","","2","6","2","10","other","60","","","3","","3","other","100","","","","","","","","","","1","","1","other","100","","","","","","","",""
"41.93132215-75.87303494---2005","https://mapsengine.google.com/06136759344167181854-15960346301379896183-4/wms/?version=1.3.0","41.9313221455","-75.8730349381","2005","Susquehanna","final_internal","","3","","3","other","100","","","1","","1","other","100","","","3","","3","other","100","","","3","","3","other","100","","","","","","","","","","","","","","",""
"41.20141271-79.21653108---2010","https://mapsengine.google.com/06136759344167181854-06191489742681286724-4/wms/?version=1.3.0","41.2014127103","-79.2165310837","2010","Clarion","sweeper_internal","","1","","1","other","100","","5","2","3","10","fracking","50","","","","","","","","","","","","","","","","","1","","1","other","100","","","","","","","",""
"41.48897091-78.58803834---2008","https://mapsengine.google.com/06136759344167181854-00219351362547715467-4/wms/?version=1.3.0","41.4889709082","-78.5880383427","2008","Elk","first_internal","","3","","3","other","100","","","2","","2","other","100","","","3","","3","other","100","","","","","","","","","","","","","","","","","","","","","",""
"41.70563271-76.08734627---2008","https://mapsengine.google.com/06136759344167181854-00219351362547715467-4/wms/?version=1.3.0","41.7056327083","-76.0873462719","2008","Susquehanna","final_internal","","3","","3","other","100","","","1","","1","other","100","","","3","","3","other","100","","","3","","3","other","100","","","","","","","","","","","","","","",""
"40.4542111-79.55003686---2005","https://mapsengine.google.com/06136759344167181854-15960346301379896183-4/wms/?version=1.3.0","40.4542110963","-79.5500368621","2005","Westmoreland","final_internal","","4","","4","other","100","","","1","","1","other","100","","","","","","","","","","4","","4","other","100","","","","","","","","","","","","","","",""
"41.68846837-76.30135441---2005","https://mapsengine.google.com/06136759344167181854-15960346301379896183-4/wms/?version=1.3.0","41.6884683675","-76.3013544099","2005","Bradford","final_internal","","3","","3","other","100","","1","","","1","fracking","100","","","3","","3","other","100","","","3","","3","other","100","","","","","","","","","","","","","","",""
"41.84497006-77.0539801---2008","https://mapsengine.google.com/06136759344167181854-00219351362547715467-4/wms/?version=1.3.0","41.8449700593","-77.0539800987","2008","Tioga","final_internal","","3","","3","other","100","","","1","","1","other","100","","","","","","","","","","3","","3","other","100","","","","","","","","","","","","","","",""
"40.18878437-79.93470717---2010","https://mapsengine.google.com/06136759344167181854-06191489742681286724-4/wms/?version=1.3.0","40.1887843694","-79.9347071662","2010","Washington","sweeper_internal","","1","","1","other","100","","5","3","2","10","fracking","50","","","","","","","","","","","","","","","","","1","","1","other","100","","","","","","","",""
"41.36938555-77.55904077---2010","https://mapsengine.google.com/06136759344167181854-06191489742681286724-4/wms/?version=1.3.0","41.3693855542","-77.5590407691","2010","Clinton","public","11","","","11","fracking","100","","11","","","11","fracking","100","","","","","","","","","","","","","","","","","","","","","","","","","","","","",""
"41.78259378-76.65685272---2008","https://mapsengine.google.com/06136759344167181854-00219351362547715467-4/wms/?version=1.3.0","41.7825937765","-76.6568527241","2008","Bradford","final_internal","","3","","3","other","100","","","1","","1","other","100","","","3","","3","other","100","","","3","","3","other","100","","","","","","","","","","","","","","",""
"41.68430356-76.0916813---2010","https://mapsengine.google.com/06136759344167181854-06191489742681286724-4/wms/?version=1.3.0","41.6843035632","-76.0916813041","2010","Susquehanna","sweeper_internal","","1","","1","other","100","","3","9","2","14","other","64","","","3","","3","other","100","","","","","","","","","","1","","1","other","100","","","","","","","",""
"41.07859715-78.01070229---2005","https://mapsengine.google.com/06136759344167181854-15960346301379896183-4/wms/?version=1.3.0","41.0785971488","-78.01070229","2005","Centre","missing_internal","1","","","1","fracking","100","","","","","","fracking|unknown|other","","","","","","","","","","","","","","","","","","","","","","","","1","","","1","fracking","100",""
"41.25936727-76.62479021---2010","https://mapsengine.google.com/06136759344167181854-06191489742681286724-4/wms/?version=1.3.0","41.2593672727","-76.6247902066","2010","Lycoming","public","","11","","11","other","100","","","11","","11","other","100","","","","","","","","","","","","","","","","","","","","","","","","","","","","",""
"41.68245889-75.90363081---2008","https://mapsengine.google.com/06136759344167181854-00219351362547715467-4/wms/?version=1.3.0","41.682458889","-75.9036308089","2008","Susquehanna","final_internal","","3","","3","other","100","","","1","","1","other","100","","","3","","3","other","100","","","3","","3","other","100","","","","","","","","","","","","","","",""
"41.75088182-76.85343296---2005","https://mapsengine.google.com/06136759344167181854-15960346301379896183-4/wms/?version=1.3.0","41.7508818238","-76.8534329566","2005","Bradford","final_internal","","3","","3","other","100","","","1","","1","other","100","","","3","","3","other","100","","","3","","3","other","100","","","","","","","","","","","","","","",""
"39.91403107-79.95527697---2010","https://mapsengine.google.com/06136759344167181854-06191489742681286724-4/wms/?version=1.3.0","39.9140310731","-79.9552769686","2010","Greene","sweeper_internal","","1","","1","other","100","","1","7","2","10","other","70","","","","","","","","","","","","","","","","","1","","1","other","100","","","","","","","",""
"41.96986868-77.59241375---2008","https://mapsengine.google.com/06136759344167181854-00219351362547715467-4/wms/?version=1.3.0","41.9698686799","-77.5924137545","2008","Tioga","final_internal","","3","","3","other","100","","","1","","1","other","100","","","","","","","","","","3","","3","other","100","","","","","","","","","","","","","","",""
"41.59056111-76.84642913---2005","https://mapsengine.google.com/06136759344167181854-15960346301379896183-4/wms/?version=1.3.0","41.5905611078","-76.8464291325","2005","Lycoming","missing_internal","","1","","1","other","100","","","","","","fracking|unknown|other","","","","","","","","","","","","","","","","","","","","","","","","","1","","1","other","100",""
"41.58682189-76.8486359---2005","https://mapsengine.google.com/06136759344167181854-15960346301379896183-4/wms/?version=1.3.0","41.5868218909","-76.8486359017","2005","Lycoming","missing_internal","","1","","1","other","100","","","","","","fracking|unknown|other","","","","","","","","","","","","","","","","","","","","","","","","","1","","1","other","100",""
"39.72244585-80.01920541---2005","https://mapsengine.google.com/06136759344167181854-15960346301379896183-4/wms/?version=1.3.0","39.7224458516","-80.019205405","2005","Greene","final_internal","","3","","3","other","100","","","1","","1","other","100","","","","","","","","","","3","","3","other","100","","","","","","","","","","","","","","",""
"39.72938732-79.9839641---2010","https://mapsengine.google.com/06136759344167181854-06191489742681286724-4/wms/?version=1.3.0","39.7293873164","-79.9839641021","2010","Greene","public","","10","","10","other","100","","","10","","10","other","100","","","","","","","","","","","","","","","","","","","","","","","","","","","","",""
"41.90998247-76.89468482---2005","https://mapsengine.google.com/06136759344167181854-15960346301379896183-4/wms/?version=1.3.0","41.9099824679","-76.8946848212","2005","Bradford","final_internal","","3","","3","other","100","","","1","","1","other","100","","","3","","3","other","100","","","3","","3","other","100","","","","","","","","","","","","","","",""
"41.72979075-76.00633279---2005","https://mapsengine.google.com/06136759344167181854-15960346301379896183-4/wms/?version=1.3.0","41.7297907547","-76.0063327925","2005","Susquehanna","final_internal","","3","","3","other","100","","","1","","1","other","100","","","3","","3","other","100","","","3","","3","other","100","","","","","","","","","","","","","","",""
"39.98648679-80.12084357---2008","https://mapsengine.google.com/06136759344167181854-00219351362547715467-4/wms/?version=1.3.0","39.9864867928","-80.1208435709","2008","Greene","first_internal","","3","","3","other","100","","","9","1","10","other","90","","","3","","3","other","100","","","","","","","","","","","","","","","","","","","","","",""
"41.84420976-76.96440076---2010","https://mapsengine.google.com/06136759344167181854-06191489742681286724-4/wms/?version=1.3.0","41.8442097554","-76.9644007605","2010","Tioga","public","","10","","10","other","100","","","10","","10","other","100","","","","","","","","","","","","","","","","","","","","","","","","","","","","",""
"41.88121317-75.88831338---2008","https://mapsengine.google.com/06136759344167181854-00219351362547715467-4/wms/?version=1.3.0","41.8812131676","-75.8883133807","2008","Susquehanna","final_internal","","4","","4","other","100","","","1","","1","other","100","","","2","1","3","other","66","","","4","","4","other","100","","","","","","","","","","","","","","",""
"41.61468287-76.93252807---2010","https://mapsengine.google.com/06136759344167181854-06191489742681286724-4/wms/?version=1.3.0","41.6146828661","-76.9325280742","2010","Tioga","public","","11","","11","other","100","","","11","","11","other","100","","","","","","","","","","","","","","","","","","","","","","","","","","","","",""
"40.28413355-80.31699193---2005","https://mapsengine.google.com/06136759344167181854-15960346301379896183-4/wms/?version=1.3.0","40.284133546","-80.3169919264","2005","Washington","final_internal","","3","","3","other","100","","","1","","1","other","100","","","","","","","","","","3","","3","other","100","","","","","","","","","","","","","","",""
"41.76937882-76.85931504---2010","https://mapsengine.google.com/06136759344167181854-06191489742681286724-4/wms/?version=1.3.0","41.76937882","-76.85931504","2010","Bradford","sweeper_internal","","1","","1","other","100","","4","3","3","10","fracking","40","","1","1","1","3","fracking|unknown|other","","33|33|33","","","","","","","","","1","","1","other","100","","","","","","","",""
"40.2095317-79.70505568---2010","https://mapsengine.google.com/06136759344167181854-06191489742681286724-4/wms/?version=1.3.0","40.2095317048","-79.7050556789","2010","Westmoreland","public","","11","","11","other","100","","","11","","11","other","100","","","","","","","","","","","","","","","","","","","","","","","","","","","","",""
"40.28351362-80.34796815---2005","https://mapsengine.google.com/06136759344167181854-15960346301379896183-4/wms/?version=1.3.0","40.2835136171","-80.3479681515","2005","Washington","final_internal","","3","","3","other","100","","","1","","1","other","100","","","","","","","","","","3","","3","other","100","","","","","","","","","","","","","","",""
"41.93495525-75.86877306---2010","https://mapsengine.google.com/06136759344167181854-06191489742681286724-4/wms/?version=1.3.0","41.93495525","-75.86877306","2010","Susquehanna","first_internal","","3","","3","other","100","","","10","","10","other","100","","","3","","3","other","100","","","","","","","","","","","","","","","","","","","","","",""
"40.20084475-79.74770162---2010","https://mapsengine.google.com/06136759344167181854-06191489742681286724-4/wms/?version=1.3.0","40.20084475","-79.7477016208","2010","Westmoreland","public","","11","","11","other","100","","","11","","11","other","100","","","","","","","","","","","","","","","","","","","","","","","","","","","","",""
"41.55088972-76.47121864---2008","https://mapsengine.google.com/06136759344167181854-00219351362547715467-4/wms/?version=1.3.0","41.5508897211","-76.4712186412","2008","Sullivan","final_internal","","3","","3","other","100","","","1","","1","other","100","","","3","","3","other","100","","","3","","3","other","100","","","","","","","","","","","","","","",""
"41.69977177-75.8397538---2010","https://mapsengine.google.com/06136759344167181854-06191489742681286724-4/wms/?version=1.3.0","41.69977177","-75.8397538","2010","Susquehanna","first_internal","","3","","3","other","100","","","11","","11","other","100","","","3","","3","other","100","","","","","","","","","","","","","","","","","","","","","",""
"41.80575097-76.53997727---2010","https://mapsengine.google.com/06136759344167181854-06191489742681286724-4/wms/?version=1.3.0","41.80575097","-76.53997727","2010","Bradford","first_internal","","3","","3","other","100","","","10","","10","other","100","","","3","","3","other","100","","","","","","","","","","","","","","","","","","","","","",""
"41.72804187-76.81160653---2008","https://mapsengine.google.com/06136759344167181854-00219351362547715467-4/wms/?version=1.3.0","41.728041872","-76.8116065318","2008","Bradford","final_internal","","3","","3","other","100","","","1","","1","other","100","","","3","","3","other","100","","","3","","3","other","100","","","","","","","","","","","","","","",""
"41.54376931-76.48257067---2010","https://mapsengine.google.com/06136759344167181854-06191489742681286724-4/wms/?version=1.3.0","41.54376931","-76.48257067","2010","Sullivan","first_internal","","3","","3","other","100","","","13","","13","other","100","","","3","","3","other","100","","","","","","","","","","","","","","","","","","","","","",""
"41.84816231-78.15678804---2010","https://mapsengine.google.com/06136759344167181854-06191489742681286724-4/wms/?version=1.3.0","41.848162307","-78.1567880427","2010","Potter","public","9","","1","10","fracking","90","","9","","1","10","fracking","90","","","","","","","","","","","","","","","","","","","","","","","","","","","","",""
"39.87164717-79.95699515---2008","https://mapsengine.google.com/06136759344167181854-00219351362547715467-4/wms/?version=1.3.0","39.8716471729","-79.9569951536","2008","Greene","first_internal","","3","","3","other","100","","1","9","","10","other","90","","","3","","3","other","100","","","","","","","","","","","","","","","","","","","","","",""
"41.57955502-77.06870734---2005","https://mapsengine.google.com/06136759344167181854-15960346301379896183-4/wms/?version=1.3.0","41.5795550238","-77.0687073432","2005","Tioga","final_internal","","3","","3","other","100","","","1","","1","other","100","","","","","","","","","","3","","3","other","100","","","","","","","","","","","","","","",""
"39.79895698-80.01081733---2008","https://mapsengine.google.com/06136759344167181854-00219351362547715467-4/wms/?version=1.3.0","39.7989569762","-80.0108173325","2008","Greene","first_internal","","3","","3","other","100","","","8","2","10","other","80","","","3","","3","other","100","","","","","","","","","","","","","","","","","","","","","",""
"40.10724102-79.79343482---2005","https://mapsengine.google.com/06136759344167181854-15960346301379896183-4/wms/?version=1.3.0","40.1072410224","-79.7934348227","2005","Fayette","final_internal","","3","","3","other","100","","","1","","1","other","100","","","","","","","","","","3","","3","other","100","","","","","","","","","","","","","","",""
"40.56715446-79.22436832---2005","https://mapsengine.google.com/06136759344167181854-15960346301379896183-4/wms/?version=1.3.0","40.5671544554","-79.2243683214","2005","Indiana","final_internal","","3","","3","other","100","","","1","","1","other","100","","","","","","","","","","3","","3","other","100","","","","","","","","","","","","","","",""
"40.88058841-79.53637777---2005","https://mapsengine.google.com/06136759344167181854-15960346301379896183-4/wms/?version=1.3.0","40.8805884073","-79.5363777691","2005","Armstrong","final_internal","","3","","3","other","100","","","1","","1","other","100","","","","","","","","","","3","","3","other","100","","","","","","","","","","","","","","",""
"41.98904566-77.05590999---2010","https://mapsengine.google.com/06136759344167181854-06191489742681286724-4/wms/?version=1.3.0","41.9890456577","-77.0559099877","2010","Tioga","sweeper_internal","","1","","1","other","100","","4","3","3","10","fracking","40","","","","","","","","","","","","","","","","","1","","1","other","100","","","","","","","",""
"40.67988296-79.74019863---2008","https://mapsengine.google.com/06136759344167181854-00219351362547715467-4/wms/?version=1.3.0","40.6798829621","-79.7401986311","2008","Butler","first_internal","","3","","3","other","100","","","2","","2","other","100","","","3","","3","other","100","","","","","","","","","","","","","","","","","","","","","",""
"40.62791623-79.36863337---2008","https://mapsengine.google.com/06136759344167181854-00219351362547715467-4/wms/?version=1.3.0","40.6279162349","-79.3686333749","2008","Armstrong","first_internal","","3","","3","other","100","","","6","","6","other","100","","","3","","3","other","100","","","","","","","","","","","","","","","","","","","","","",""
"41.54625172-76.43341703---2010","https://mapsengine.google.com/06136759344167181854-06191489742681286724-4/wms/?version=1.3.0","41.54625172","-76.43341703","2010","Sullivan","first_internal","","3","","3","other","100","","","10","","10","other","100","","","3","","3","other","100","","","","","","","","","","","","","","","","","","","","","",""
"41.53358651-76.98841745---2005","https://mapsengine.google.com/06136759344167181854-15960346301379896183-4/wms/?version=1.3.0","41.5335865143","-76.9884174484","2005","Lycoming","missing_internal","","1","","1","other","100","","","","","","fracking|unknown|other","","","","","","","","","","","","","","","","","","","","","","","","","1","","1","other","100",""
"40.12374252-80.21723332---2010","https://mapsengine.google.com/06136759344167181854-06191489742681286724-4/wms/?version=1.3.0","40.1237425241","-80.2172333157","2010","Washington","sweeper_internal","1","","","1","fracking","100","","7","","3","10","fracking","70","","","","","","","","","","","","","","","","1","","","1","fracking","100","","","","","","","",""
"39.74023177-79.43963361---2010","https://mapsengine.google.com/06136759344167181854-06191489742681286724-4/wms/?version=1.3.0","39.7402317727","-79.4396336065","2010","Fayette","sweeper_internal","1","","","1","fracking","100","","4","5","1","10","other","50","","","","","","","","","","","","","","","","1","","","1","fracking","100","","","","","","","",""
"41.68528223-75.87145784---2010","https://mapsengine.google.com/06136759344167181854-06191489742681286724-4/wms/?version=1.3.0","41.68528223","-75.87145784","2010","Susquehanna","first_internal","","3","","3","other","100","","","9","1","10","other","90","","","3","","3","other","100","","","","","","","","","","","","","","","","","","","","","",""
"41.79731092-77.23588716---2008","https://mapsengine.google.com/06136759344167181854-00219351362547715467-4/wms/?version=1.3.0","41.7973109221","-77.2358871577","2008","Tioga","final_internal","","3","","3","other","100","","","1","","1","other","100","","","","","","","","","","3","","3","other","100","","","","","","","","","","","","","","",""
"40.12917083-79.77746773---2010","https://mapsengine.google.com/06136759344167181854-06191489742681286724-4/wms/?version=1.3.0","40.1291708267","-79.7774677267","2010","Westmoreland","public","12","","","12","fracking","100","","12","","","12","fracking","100","","","","","","","","","","","","","","","","","","","","","","","","","","","","",""
"41.73479577-76.07959231---2005","https://mapsengine.google.com/06136759344167181854-15960346301379896183-4/wms/?version=1.3.0","41.7347957692","-76.0795923135","2005","Susquehanna","final_internal","","3","","3","other","100","","","1","","1","other","100","","","3","","3","other","100","","","3","","3","other","100","","","","","","","","","","","","","","",""
"41.90258981-75.95939796---2010","https://mapsengine.google.com/06136759344167181854-06191489742681286724-4/wms/?version=1.3.0","41.9025898077","-75.9593979604","2010","Susquehanna","sweeper_internal","","1","","1","other","100","","5","4","2","11","fracking","45","","","2","1","3","other","66","","","","","","","","","","1","","1","other","100","","","","","","","",""
"40.9218205-79.97003255---2005","https://mapsengine.google.com/06136759344167181854-15960346301379896183-4/wms/?version=1.3.0","40.9218204971","-79.9700325459","2005","Butler","final_internal","","3","","3","other","100","","","1","","1","other","100","","","","","","","","","","3","","3","other","100","","","","","","","","","","","","","","",""
"39.83941337-80.09306725---2010","https://mapsengine.google.com/06136759344167181854-06191489742681286724-4/wms/?version=1.3.0","39.8394133695","-80.0930672532","2010","Greene","public","","10","","10","other","100","","","10","","10","other","100","","","","","","","","","","","","","","","","","","","","","","","","","","","","",""
"41.7376079-77.15888975---2008","https://mapsengine.google.com/06136759344167181854-00219351362547715467-4/wms/?version=1.3.0","41.7376078978","-77.158889753","2008","Tioga","final_internal","","3","","3","other","100","","","","1","1","unknown","100","","","","","","","","","","3","","3","other","100","","","","","","","","","","","","","","",""
"41.79987222-77.30820735---2010","https://mapsengine.google.com/06136759344167181854-06191489742681286724-4/wms/?version=1.3.0","41.7998722221","-77.3082073495","2010","Tioga","public","","10","","10","other","100","","","10","","10","other","100","","","","","","","","","","","","","","","","","","","","","","","","","","","","",""
"41.34091932-77.17088504---2010","https://mapsengine.google.com/06136759344167181854-06191489742681286724-4/wms/?version=1.3.0","41.3409193218","-77.1708850392","2010","Lycoming","public","","11","","11","other","100","","","11","","11","other","100","","","","","","","","","","","","","","","","","","","","","","","","","","","","",""
"41.35325586-76.57208275---2010","https://mapsengine.google.com/06136759344167181854-06191489742681286724-4/wms/?version=1.3.0","41.3532558632","-76.5720827481","2010","Sullivan","sweeper_internal","1","","","1","fracking","100","","4","7","1","12","other","58","","1","2","","3","other","66","","","","","","","","","1","","","1","fracking","100","","","","","","","",""
"40.86436993-79.49892128---2010","https://mapsengine.google.com/06136759344167181854-06191489742681286724-4/wms/?version=1.3.0","40.8643699256","-79.4989212838","2010","Armstrong","public","","8","2","10","other","80","","","8","2","10","other","80","","","","","","","","","","","","","","","","","","","","","","","","","","","","",""
"41.92098209-75.80645027---2008","https://mapsengine.google.com/06136759344167181854-00219351362547715467-4/wms/?version=1.3.0","41.9209820921","-75.8064502663","2008","Susquehanna","final_internal","","3","","3","other","100","","","1","","1","other","100","","","3","","3","other","100","","","3","","3","other","100","","","","","","","","","","","","","","",""
"40.35893326-80.27837113---2005","https://mapsengine.google.com/06136759344167181854-15960346301379896183-4/wms/?version=1.3.0","40.3589332612","-80.2783711302","2005","Washington","final_internal","","3","","3","other","100","","","1","","1","other","100","","","","","","","","","","3","","3","other","100","","","","","","","","","","","","","","",""
"41.93306968-76.58007009---2010","https://mapsengine.google.com/06136759344167181854-06191489742681286724-4/wms/?version=1.3.0","41.93306968","-76.58007009","2010","Bradford","first_internal","","3","","3","other","100","","","9","1","10","other","90","","","3","","3","other","100","","","","","","","","","","","","","","","","","","","","","",""
"41.87389405-76.85191408---2010","https://mapsengine.google.com/06136759344167181854-06191489742681286724-4/wms/?version=1.3.0","41.87389405","-76.85191408","2010","Bradford","first_internal","","3","","3","other","100","","","10","","10","other","100","","","3","","3","other","100","","","","","","","","","","","","","","","","","","","","","",""
"41.97120306-77.61078008---2010","https://mapsengine.google.com/06136759344167181854-06191489742681286724-4/wms/?version=1.3.0","41.9712030637","-77.6107800753","2010","Tioga","public","","10","1","11","other","90","","","10","1","11","other","90","","","","","","","","","","","","","","","","","","","","","","","","","","","","",""
"41.67652582-75.85715278---2005","https://mapsengine.google.com/06136759344167181854-15960346301379896183-4/wms/?version=1.3.0","41.676525822","-75.8571527847","2005","Susquehanna","final_internal","","3","","3","other","100","","","1","","1","other","100","","","3","","3","other","100","","","3","","3","other","100","","","","","","","","","","","","","","",""
"41.6988652-75.84244059---2010","https://mapsengine.google.com/06136759344167181854-06191489742681286724-4/wms/?version=1.3.0","41.6988652","-75.84244059","2010","Susquehanna","first_internal","","3","","3","other","100","","","9","1","10","other","90","","","3","","3","other","100","","","","","","","","","","","","","","","","","","","","","",""
"41.62273427-76.94848886---2008","https://mapsengine.google.com/06136759344167181854-00219351362547715467-4/wms/?version=1.3.0","41.6227342728","-76.948488859","2008","Tioga","final_internal","","4","","4","other","100","","","1","","1","other","100","","","","","","","","","","4","","4","other","100","","","","","","","","","","","","","","",""
"41.83874553-76.37971376---2005","https://mapsengine.google.com/06136759344167181854-15960346301379896183-4/wms/?version=1.3.0","41.8387455278","-76.3797137636","2005","Bradford","final_internal","","3","","3","other","100","","","1","","1","other","100","","","3","","3","other","100","","","3","","3","other","100","","","","","","","","","","","","","","",""
"41.68267871-78.32659385---2010","https://mapsengine.google.com/06136759344167181854-06191489742681286724-4/wms/?version=1.3.0","41.6826787069","-78.32659385","2010","McKean","sweeper_internal","","1","","1","other","100","","5","2","3","10","fracking","50","","","","","","","","","","","","","","","","","1","","1","other","100","","","","","","","",""
"41.1353997-79.75319387---2005","https://mapsengine.google.com/06136759344167181854-15960346301379896183-4/wms/?version=1.3.0","41.1353996981","-79.7531938715","2005","Butler","final_internal","","3","","3","other","100","","","1","","1","other","100","","","","","","","","","","3","","3","other","100","","","","","","","","","","","","","","",""
"41.76213028-76.24906993---2008","https://mapsengine.google.com/06136759344167181854-00219351362547715467-4/wms/?version=1.3.0","41.7621302817","-76.2490699311","2008","Bradford","final_internal","","3","","3","other","100","","","1","","1","other","100","","","3","","3","other","100","","","3","","3","other","100","","","","","","","","","","","","","","",""
"40.80409111-80.0536034---2010","https://mapsengine.google.com/06136759344167181854-06191489742681286724-4/wms/?version=1.3.0","40.8040911142","-80.0536034024","2010","Butler","public","","17","","17","other","100","","","17","","17","other","100","","","","","","","","","","","","","","","","","","","","","","","","","","","","",""
"41.70187796-77.30921326---2008","https://mapsengine.google.com/06136759344167181854-00219351362547715467-4/wms/?version=1.3.0","41.7018779642","-77.3092132609","2008","Tioga","final_internal","","3","","3","other","100","","","1","","1","other","100","","","","","","","","","","3","","3","other","100","","","","","","","","","","","","","","",""
"41.5989253-76.53464141---2010","https://mapsengine.google.com/06136759344167181854-06191489742681286724-4/wms/?version=1.3.0","41.5989253","-76.53464141","2010","Bradford","first_internal","","3","","3","other","100","","","9","1","10","other","90","","","3","","3","other","100","","","","","","","","","","","","","","","","","","","","","",""
"40.09154099-79.81104646---2010","https://mapsengine.google.com/06136759344167181854-06191489742681286724-4/wms/?version=1.3.0","40.0915409919","-79.8110464647","2010","Fayette","sweeper_internal","","1","","1","other","100","","2","7","1","10","other","70","","","","","","","","","","","","","","","","","1","","1","other","100","","","","","","","",""
"40.99968583-79.44815442---2010","https://mapsengine.google.com/06136759344167181854-06191489742681286724-4/wms/?version=1.3.0","40.9996858275","-79.4481544176","2010","Clarion","public","10","","","10","fracking","100","","10","","","10","fracking","100","","","","","","","","","","","","","","","","","","","","","","","","","","","","",""
"39.83355992-79.54049553---2005","https://mapsengine.google.com/06136759344167181854-15960346301379896183-4/wms/?version=1.3.0","39.8335599167","-79.5404955307","2005","Fayette","final_internal","","3","","3","other","100","","","1","","1","other","100","","","","","","","","","","3","","3","other","100","","","","","","","","","","","","","","",""
"40.020697-80.16819484---2010","https://mapsengine.google.com/06136759344167181854-06191489742681286724-4/wms/?version=1.3.0","40.0206970013","-80.1681948391","2010","Washington","public","9","","1","10","fracking","90","","9","","1","10","fracking","90","","","","","","","","","","","","","","","","","","","","","","","","","","","","",""
"40.75946402-80.03136057---2010","https://mapsengine.google.com/06136759344167181854-06191489742681286724-4/wms/?version=1.3.0","40.7594640246","-80.0313605733","2010","Butler","public","","19","1","20","other","95","","","19","1","20","other","95","","","","","","","","","","","","","","","","","","","","","","","","","","","","",""
"41.82532502-76.062561---2005","https://mapsengine.google.com/06136759344167181854-15960346301379896183-4/wms/?version=1.3.0","41.8253250248","-76.062560996","2005","Susquehanna","final_internal","","3","","3","other","100","","","1","","1","other","100","","","3","","3","other","100","","","3","","3","other","100","","","","","","","","","","","","","","",""
"41.80382694-76.53145736---2010","https://mapsengine.google.com/06136759344167181854-06191489742681286724-4/wms/?version=1.3.0","41.80382694","-76.53145736","2010","Bradford","first_internal","","3","","3","other","100","","","14","","14","other","100","","","3","","3","other","100","","","","","","","","","","","","","","","","","","","","","",""
"41.8231769-76.06646468---2010","https://mapsengine.google.com/06136759344167181854-06191489742681286724-4/wms/?version=1.3.0","41.8231769","-76.06646468","2010","Susquehanna","first_internal","","3","","3","other","100","","","10","","10","other","100","","","3","","3","other","100","","","","","","","","","","","","","","","","","","","","","",""
"39.7196089-79.98430846---2010","https://mapsengine.google.com/06136759344167181854-06191489742681286724-4/wms/?version=1.3.0","39.7196089028","-79.9843084631","2010","Greene","public","","10","","10","other","100","","","10","","10","other","100","","","","","","","","","","","","","","","","","","","","","","","","","","","","",""
"41.71275114-75.91279261---2010","https://mapsengine.google.com/06136759344167181854-06191489742681286724-4/wms/?version=1.3.0","41.71275114","-75.91279261","2010","Susquehanna","first_internal","","3","","3","other","100","","","10","","10","other","100","","","3","","3","other","100","","","","","","","","","","","","","","","","","","","","","",""
"40.86692874-79.49168727---2010","https://mapsengine.google.com/06136759344167181854-06191489742681286724-4/wms/?version=1.3.0","40.8669287375","-79.4916872686","2010","Armstrong","sweeper_internal","","1","","1","other","100","","1","5","4","10","other","50","","","","","","","","","","","","","","","","","1","","1","other","100","","","","","","","",""
"40.8634468-79.50130731---2010","https://mapsengine.google.com/06136759344167181854-06191489742681286724-4/wms/?version=1.3.0","40.8634467975","-79.5013073072","2010","Armstrong","sweeper_internal","","1","","1","other","100","","2","7","1","10","other","70","","","","","","","","","","","","","","","","","1","","1","other","100","","","","","","","",""
"40.22613081-79.76563248---2005","https://mapsengine.google.com/06136759344167181854-15960346301379896183-4/wms/?version=1.3.0","40.2261308069","-79.7656324805","2005","Westmoreland","final_internal","","4","","4","other","100","","","1","","1","other","100","","","","","","","","","","4","","4","other","100","","","","","","","","","","","","","","",""
"40.26932611-80.31523017---2008","https://mapsengine.google.com/06136759344167181854-00219351362547715467-4/wms/?version=1.3.0","40.2693261079","-80.3152301711","2008","Washington","first_internal","","3","","3","other","100","","","7","1","8","other","87","","","3","","3","other","100","","","","","","","","","","","","","","","","","","","","","",""
"40.81825427-80.21241898---2010","https://mapsengine.google.com/06136759344167181854-06191489742681286724-4/wms/?version=1.3.0","40.81825427","-80.21241898","2010","Beaver","first_internal","","3","","3","other","100","","","13","","13","other","100","","","3","","3","other","100","","","","","","","","","","","","","","","","","","","","","",""
"41.93938503-77.02003147---2008","https://mapsengine.google.com/06136759344167181854-00219351362547715467-4/wms/?version=1.3.0","41.9393850253","-77.0200314665","2008","Tioga","final_internal","","3","","3","other","100","","","1","","1","other","100","","","","","","","","","","3","","3","other","100","","","","","","","","","","","","","","",""
"41.7143296-75.90480596---2008","https://mapsengine.google.com/06136759344167181854-00219351362547715467-4/wms/?version=1.3.0","41.714329598","-75.9048059608","2008","Susquehanna","final_internal","","3","","3","other","100","","","1","","1","other","100","","","3","","3","other","100","","","3","","3","other","100","","","","","","","","","","","","","","",""
"39.93808096-79.24638589---2008","https://mapsengine.google.com/06136759344167181854-00219351362547715467-4/wms/?version=1.3.0","39.9380809587","-79.246385894","2008","Somerset","final_internal","","4","","4","other","100","","","2","","2","other","100","","","","","","","","","","4","","4","other","100","","","","","","","","","","","","","","",""
"41.64278449-76.32906353---2010","https://mapsengine.google.com/06136759344167181854-06191489742681286724-4/wms/?version=1.3.0","41.64278449","-76.32906353","2010","Bradford","first_internal","","3","","3","other","100","","","14","","14","other","100","","","3","","3","other","100","","","","","","","","","","","","","","","","","","","","","",""
"40.28486243-79.70236033---2010","https://mapsengine.google.com/06136759344167181854-06191489742681286724-4/wms/?version=1.3.0","40.2848624286","-79.7023603323","2010","Westmoreland","public","10","","","10","fracking","100","","10","","","10","fracking","100","","","","","","","","","","","","","","","","","","","","","","","","","","","","",""
"41.7157362-76.10124666---2010","https://mapsengine.google.com/06136759344167181854-06191489742681286724-4/wms/?version=1.3.0","41.7157362","-76.10124666","2010","Susquehanna","first_internal","","3","","3","other","100","","","10","","10","other","100","","","3","","3","other","100","","","","","","","","","","","","","","","","","","","","","",""
"41.57842407-76.02902085---2008","https://mapsengine.google.com/06136759344167181854-00219351362547715467-4/wms/?version=1.3.0","41.5784240742","-76.0290208537","2008","Wyoming","final_internal","","3","","3","other","100","","","1","","1","other","100","","","3","","3","other","100","","","3","","3","other","100","","","","","","","","","","","","","","",""
"39.93779321-79.46923809---2010","https://mapsengine.google.com/06136759344167181854-06191489742681286724-4/wms/?version=1.3.0","39.9377932139","-79.4692380894","2010","Fayette","sweeper_internal","1","","","1","fracking","100","","7","1","2","10","fracking","70","","","","","","","","","","","","","","","","1","","","1","fracking","100","","","","","","","",""
"39.81507178-80.01091946---2005","https://mapsengine.google.com/06136759344167181854-15960346301379896183-4/wms/?version=1.3.0","39.8150717825","-80.0109194573","2005","Greene","final_internal","","3","","3","other","100","","","1","","1","other","100","","","","","","","","","","3","","3","other","100","","","","","","","","","","","","","","",""
"40.86337548-79.50342889---2005","https://mapsengine.google.com/06136759344167181854-15960346301379896183-4/wms/?version=1.3.0","40.8633754831","-79.5034288885","2005","Armstrong","final_internal","","3","","3","other","100","","1","","","1","fracking","100","","","","","","","","","","3","","3","other","100","","","","","","","","","","","","","","",""
"40.86112542-79.50426991---2010","https://mapsengine.google.com/06136759344167181854-06191489742681286724-4/wms/?version=1.3.0","40.8611254213","-79.5042699118","2010","Armstrong","sweeper_internal","","1","","1","other","100","","1","6","3","10","other","60","","","","","","","","","","","","","","","","","1","","1","other","100","","","","","","","",""
"41.70009144-77.2896402---2010","https://mapsengine.google.com/06136759344167181854-06191489742681286724-4/wms/?version=1.3.0","41.7000914428","-77.2896402048","2010","Tioga","public","","10","","10","other","100","","","10","","10","other","100","","","","","","","","","","","","","","","","","","","","","","","","","","","","",""
"39.84159984-79.85929161---2005","https://mapsengine.google.com/06136759344167181854-15960346301379896183-4/wms/?version=1.3.0","39.8415998383","-79.8592916111","2005","Fayette","final_internal","","3","","3","other","100","","","1","","1","other","100","","","","","","","","","","3","","3","other","100","","","","","","","","","","","","","","",""
"40.80478251-79.54902408---2008","https://mapsengine.google.com/06136759344167181854-00219351362547715467-4/wms/?version=1.3.0","40.8047825088","-79.5490240808","2008","Armstrong","first_internal","","3","","3","other","100","","","7","1","8","other","87","","","3","","3","other","100","","","","","","","","","","","","","","","","","","","","","",""
"41.41865481-78.27215363---2005","https://mapsengine.google.com/06136759344167181854-15960346301379896183-4/wms/?version=1.3.0","41.4186548073","-78.2721536258","2005","Cameron","final_internal","","3","","3","other","100","","","1","","1","other","100","","","","","","","","","","3","","3","other","100","","","","","","","","","","","","","","",""
"41.80533447-77.29407766---2005","https://mapsengine.google.com/06136759344167181854-15960346301379896183-4/wms/?version=1.3.0","41.8053344691","-77.294077662","2005","Tioga","missing_internal","","1","","1","other","100","","","","","","fracking|unknown|other","","","","","","","","","","","","","","","","","","","","","","","","","1","","1","other","100",""
"40.77345774-79.61599464---2010","https://mapsengine.google.com/06136759344167181854-06191489742681286724-4/wms/?version=1.3.0","40.7734577371","-79.6159946405","2010","Armstrong","public","1","9","","10","other","90","","1","9","","10","other","90","","","","","","","","","","","","","","","","","","","","","","","","","","","","",""
"41.75310649-76.97942296---2005","https://mapsengine.google.com/06136759344167181854-15960346301379896183-4/wms/?version=1.3.0","41.7531064887","-76.979422955","2005","Tioga","missing_internal","","1","","1","other","100","","","","","","fracking|unknown|other","","","","","","","","","","","","","","","","","","","","","","","","","1","","1","other","100",""
"41.74658546-76.72996516---2005","https://mapsengine.google.com/06136759344167181854-15960346301379896183-4/wms/?version=1.3.0","41.7465854632","-76.7299651563","2005","Bradford","final_internal","","3","","3","other","100","","","1","","1","other","100","","","3","","3","other","100","","","3","","3","other","100","","","","","","","","","","","","","","",""
"39.77400196-79.9967753---2010","https://mapsengine.google.com/06136759344167181854-06191489742681286724-4/wms/?version=1.3.0","39.7740019599","-79.9967753002","2010","Greene","sweeper_internal","","1","","1","other","100","","3","4","3","10","other","40","","","","","","","","","","","","","","","","","1","","1","other","100","","","","","","","",""
"41.0014008-79.79088438---2010","https://mapsengine.google.com/06136759344167181854-06191489742681286724-4/wms/?version=1.3.0","41.0014008007","-79.7908843832","2010","Butler","sweeper_internal","1","","","1","fracking","100","","23","3","4","30","fracking","76","","","","","","","","","","","","","","","","1","","","1","fracking","100","","","","","","","",""
"39.85673727-79.98732319---2008","https://mapsengine.google.com/06136759344167181854-00219351362547715467-4/wms/?version=1.3.0","39.8567372717","-79.9873231905","2008","Greene","sweeper_internal","1","","","1","fracking","100","","7","1","2","10","fracking","70","","3","","","3","fracking","100","","","","","","","","","1","","","1","fracking","100","","","","","","","",""
"41.71249369-75.9117455---2010","https://mapsengine.google.com/06136759344167181854-06191489742681286724-4/wms/?version=1.3.0","41.71249369","-75.9117455","2010","Susquehanna","first_internal","","3","","3","other","100","","","10","","10","other","100","","","3","","3","other","100","","","","","","","","","","","","","","","","","","","","","",""
"40.28217438-80.32318195---2008","https://mapsengine.google.com/06136759344167181854-00219351362547715467-4/wms/?version=1.3.0","40.2821743817","-80.3231819453","2008","Washington","first_internal","","3","","3","other","100","","","7","1","8","other","87","","","3","","3","other","100","","","","","","","","","","","","","","","","","","","","","",""
"41.73737613-75.87390741---2005","https://mapsengine.google.com/06136759344167181854-15960346301379896183-4/wms/?version=1.3.0","41.7373761324","-75.8739074071","2005","Susquehanna","final_internal","","3","","3","other","100","","","1","","1","other","100","","","3","","3","other","100","","","3","","3","other","100","","","","","","","","","","","","","","",""
"41.47544888-78.91641097---2005","https://mapsengine.google.com/06136759344167181854-15960346301379896183-4/wms/?version=1.3.0","41.4754488768","-78.9164109718","2005","Elk","final_internal","","3","","3","other","100","","","","1","1","unknown","100","","","","","","","","","","3","","3","other","100","","","","","","","","","","","","","","",""
"41.70403365-75.66143149---2005","https://mapsengine.google.com/06136759344167181854-15960346301379896183-4/wms/?version=1.3.0","41.7040336529","-75.6614314897","2005","Susquehanna","final_internal","","3","","3","other","100","","","1","","1","other","100","","","3","","3","other","100","","","3","","3","other","100","","","","","","","","","","","","","","",""
"41.71567498-76.85197958---2010","https://mapsengine.google.com/06136759344167181854-06191489742681286724-4/wms/?version=1.3.0","41.71567498","-76.85197958","2010","Bradford","first_internal","","3","","3","other","100","","","13","1","14","other","92","","","3","","3","other","100","","","","","","","","","","","","","","","","","","","","","",""
"41.72574703-76.19989712---2005","https://mapsengine.google.com/06136759344167181854-15960346301379896183-4/wms/?version=1.3.0","41.7257470274","-76.1998971236","2005","Bradford","final_internal","","3","","3","other","100","","","1","","1","other","100","","","3","","3","other","100","","","3","","3","other","100","","","","","","","","","","","","","","",""
"41.80378031-76.53149911---2008","https://mapsengine.google.com/06136759344167181854-00219351362547715467-4/wms/?version=1.3.0","41.8037803089","-76.5314991093","2008","Bradford","final_internal","","3","","3","other","100","","","1","","1","other","100","","","3","","3","other","100","","","3","","3","other","100","","","","","","","","","","","","","","",""
"39.96375617-79.69434852---2010","https://mapsengine.google.com/06136759344167181854-06191489742681286724-4/wms/?version=1.3.0","39.9637561728","-79.6943485198","2010","Fayette","sweeper_internal","","1","","1","other","100","","4","4","3","11","fracking|other","","36|36","","","","","","","","","","","","","","","","1","","1","other","100","","","","","","","",""
"39.85705355-79.99724587---2008","https://mapsengine.google.com/06136759344167181854-00219351362547715467-4/wms/?version=1.3.0","39.8570535451","-79.9972458669","2008","Greene","sweeper_internal","","1","","1","other","100","","3","4","3","10","other","40","","","2","1","3","other","66","","","","","","","","","","1","","1","other","100","","","","","","","",""
"39.91105355-79.86447278---2008","https://mapsengine.google.com/06136759344167181854-00219351362547715467-4/wms/?version=1.3.0","39.9110535476","-79.8644727797","2008","Fayette","first_internal","","3","","3","other","100","","1","9","","10","other","90","","","3","","3","other","100","","","","","","","","","","","","","","","","","","","","","",""
"41.86996876-76.80359317---2010","https://mapsengine.google.com/06136759344167181854-06191489742681286724-4/wms/?version=1.3.0","41.86996876","-76.80359317","2010","Bradford","first_internal","","3","","3","other","100","","1","8","1","10","other","80","","","3","","3","other","100","","","","","","","","","","","","","","","","","","","","","",""
"40.86434809-79.49523892---2008","https://mapsengine.google.com/06136759344167181854-00219351362547715467-4/wms/?version=1.3.0","40.8643480919","-79.4952389176","2008","Armstrong","first_internal","","3","","3","other","100","","1","4","1","6","other","66","","","3","","3","other","100","","","","","","","","","","","","","","","","","","","","","",""
"39.83875171-79.54438786---2005","https://mapsengine.google.com/06136759344167181854-15960346301379896183-4/wms/?version=1.3.0","39.8387517062","-79.5443878574","2005","Fayette","final_internal","","3","","3","other","100","","","1","","1","other","100","","","","","","","","","","3","","3","other","100","","","","","","","","","","","","","","",""
"41.38170185-77.14227083---2005","https://mapsengine.google.com/06136759344167181854-15960346301379896183-4/wms/?version=1.3.0","41.3817018506","-77.1422708277","2005","Lycoming","missing_internal","","1","","1","other","100","","","","","","fracking|unknown|other","","","","","","","","","","","","","","","","","","","","","","","","","1","","1","other","100",""
"39.93219103-79.8568847---2005","https://mapsengine.google.com/06136759344167181854-15960346301379896183-4/wms/?version=1.3.0","39.9321910304","-79.8568847033","2005","Fayette","final_internal","2","1","","3","fracking","66","","1","","","1","fracking","100","","","","","","","","","2","1","","3","fracking","66","","","","","","","","","","","","","","",""
"41.73032108-75.94843614---2010","https://mapsengine.google.com/06136759344167181854-06191489742681286724-4/wms/?version=1.3.0","41.73032108","-75.94843614","2010","Susquehanna","first_internal","","3","","3","other","100","","","11","","11","other","100","","","3","","3","other","100","","","","","","","","","","","","","","","","","","","","","",""
"40.22866836-80.27403763---2005","https://mapsengine.google.com/06136759344167181854-15960346301379896183-4/wms/?version=1.3.0","40.2286683585","-80.2740376348","2005","Washington","final_internal","","3","","3","other","100","","","1","","1","other","100","","","","","","","","","","3","","3","other","100","","","","","","","","","","","","","","",""
"41.71057126-76.08510399---2010","https://mapsengine.google.com/06136759344167181854-06191489742681286724-4/wms/?version=1.3.0","41.71057126","-76.08510399","2010","Susquehanna","first_internal","","3","","3","other","100","","1","9","","10","other","90","","","3","","3","other","100","","","","","","","","","","","","","","","","","","","","","",""
"40.02032546-79.68383836---2010","https://mapsengine.google.com/06136759344167181854-06191489742681286724-4/wms/?version=1.3.0","40.0203254574","-79.6838383563","2010","Fayette","public","","10","","10","other","100","","","10","","10","other","100","","","","","","","","","","","","","","","","","","","","","","","","","","","","",""
"40.3061732-80.23391558---2010","https://mapsengine.google.com/06136759344167181854-06191489742681286724-4/wms/?version=1.3.0","40.3061731973","-80.2339155753","2010","Washington","public","10","","","10","fracking","100","","10","","","10","fracking","100","","","","","","","","","","","","","","","","","","","","","","","","","","","","",""
"39.87930548-79.98371151---2008","https://mapsengine.google.com/06136759344167181854-00219351362547715467-4/wms/?version=1.3.0","39.8793054842","-79.9837115057","2008","Greene","first_internal","3","","","3","fracking","100","","8","","2","10","fracking","80","","3","","","3","fracking","100","","","","","","","","","","","","","","","","","","","","","",""
"41.7665715-76.71143424---2010","https://mapsengine.google.com/06136759344167181854-06191489742681286724-4/wms/?version=1.3.0","41.7665714987","-76.7114342417","2010","Bradford","sweeper_internal","","1","","1","other","100","","4","3","5","12","unknown","41","","1","","2","3","unknown","66","","","","","","","","","","1","","1","other","100","","","","","","","",""
"39.89107551-80.00279499---2005","https://mapsengine.google.com/06136759344167181854-15960346301379896183-4/wms/?version=1.3.0","39.8910755124","-80.0027949926","2005","Greene","final_internal","","4","","4","other","100","","","1","","1","other","100","","","","","","","","","","4","","4","other","100","","","","","","","","","","","","","","",""
"40.27005559-80.26477258---2010","https://mapsengine.google.com/06136759344167181854-06191489742681286724-4/wms/?version=1.3.0","40.270055593","-80.2647725771","2010","Washington","public","","9","1","10","other","90","","","9","1","10","other","90","","","","","","","","","","","","","","","","","","","","","","","","","","","","",""
"40.26267251-80.3600521---2010","https://mapsengine.google.com/06136759344167181854-06191489742681286724-4/wms/?version=1.3.0","40.2626725073","-80.3600520986","2010","Washington","public","","10","","10","other","100","","","10","","10","other","100","","","","","","","","","","","","","","","","","","","","","","","","","","","","",""
"41.82161098-76.89744871---2010","https://mapsengine.google.com/06136759344167181854-06191489742681286724-4/wms/?version=1.3.0","41.82161098","-76.89744871","2010","Bradford","first_internal","","3","","3","other","100","","","10","","10","other","100","","","3","","3","other","100","","","","","","","","","","","","","","","","","","","","","",""
"40.1197495-79.81652559---2005","https://mapsengine.google.com/06136759344167181854-15960346301379896183-4/wms/?version=1.3.0","40.1197495024","-79.8165255919","2005","Fayette","final_internal","","3","","3","other","100","","","1","","1","other","100","","","","","","","","","","3","","3","other","100","","","","","","","","","","","","","","",""
"41.74353979-75.95805583---2010","https://mapsengine.google.com/06136759344167181854-06191489742681286724-4/wms/?version=1.3.0","41.74353979","-75.95805583","2010","Susquehanna","first_internal","","3","","3","other","100","","1","10","","11","other","90","","","3","","3","other","100","","","","","","","","","","","","","","","","","","","","","",""
"41.29899268-78.9125255---2010","https://mapsengine.google.com/06136759344167181854-06191489742681286724-4/wms/?version=1.3.0","41.2989926765","-78.9125255036","2010","Jefferson","public","","10","","10","other","100","","","10","","10","other","100","","","","","","","","","","","","","","","","","","","","","","","","","","","","",""
"41.7216719-75.88388396---2005","https://mapsengine.google.com/06136759344167181854-15960346301379896183-4/wms/?version=1.3.0","41.7216718999","-75.8838839598","2005","Susquehanna","final_internal","","3","","3","other","100","","","1","","1","other","100","","","3","","3","other","100","","","3","","3","other","100","","","","","","","","","","","","","","",""
"41.70454434-77.53218957---2010","https://mapsengine.google.com/06136759344167181854-06191489742681286724-4/wms/?version=1.3.0","41.7045443371","-77.5321895671","2010","Tioga","sweeper_internal","1","","","1","fracking","100","","9","","3","12","fracking","75","","","","","","","","","","","","","","","","1","","","1","fracking","100","","","","","","","",""
"41.70050001-77.31035001---2010","https://mapsengine.google.com/06136759344167181854-06191489742681286724-4/wms/?version=1.3.0","41.7005000057","-77.31035001","2010","Tioga","public","","10","","10","other","100","","","10","","10","other","100","","","","","","","","","","","","","","","","","","","","","","","","","","","","",""
"41.79730924-76.98159689---2010","https://mapsengine.google.com/06136759344167181854-06191489742681286724-4/wms/?version=1.3.0","41.7973092392","-76.9815968935","2010","Tioga","public","","10","","10","other","100","","","10","","10","other","100","","","","","","","","","","","","","","","","","","","","","","","","","","","","",""
"39.93174601-79.00284571---2005","https://mapsengine.google.com/06136759344167181854-15960346301379896183-4/wms/?version=1.3.0","39.93174601","-79.0028457062","2005","Somerset","final_internal","","3","","3","other","100","","","1","","1","other","100","","","","","","","","","","3","","3","other","100","","","","","","","","","","","","","","",""
"41.68837776-77.26921555---2005","https://mapsengine.google.com/06136759344167181854-15960346301379896183-4/wms/?version=1.3.0","41.6883777639","-77.2692155501","2005","Tioga","final_internal","","3","","3","other","100","","","1","","1","other","100","","","","","","","","","","3","","3","other","100","","","","","","","","","","","","","","",""
"40.00712413-79.80587399---2010","https://mapsengine.google.com/06136759344167181854-06191489742681286724-4/wms/?version=1.3.0","40.0071241289","-79.8058739891","2010","Fayette","sweeper_internal","","1","","1","other","100","","1","2","7","10","unknown","70","","","","","","","","","","","","","","","","","1","","1","other","100","","","","","","","",""
"39.91356568-79.95135505---2010","https://mapsengine.google.com/06136759344167181854-06191489742681286724-4/wms/?version=1.3.0","39.9135656762","-79.9513550488","2010","Greene","sweeper_internal","1","","","1","fracking","100","","7","1","2","10","fracking","70","","","","","","","","","","","","","","","","1","","","1","fracking","100","","","","","","","",""
"41.68943041-76.34331076---2010","https://mapsengine.google.com/06136759344167181854-06191489742681286724-4/wms/?version=1.3.0","41.6894304146","-76.3433107616","2010","Bradford","sweeper_internal","","1","","1","other","100","","3","7","","10","other","70","","","3","","3","other","100","","","","","","","","","","1","","1","other","100","","","","","","","",""
"41.76840091-75.96625905---2010","https://mapsengine.google.com/06136759344167181854-06191489742681286724-4/wms/?version=1.3.0","41.7684009126","-75.9662590536","2010","Susquehanna","sweeper_internal","","1","","1","other","100","","","5","5","10","unknown|other","","50|50","","3","","3","other","100","","","","","","","","","","1","","1","other","100","","","","","","","",""
"40.10373591-80.05849116---2010","https://mapsengine.google.com/06136759344167181854-06191489742681286724-4/wms/?version=1.3.0","40.1037359074","-80.0584911568","2010","Washington","public","","10","","10","other","100","","","10","","10","other","100","","","","","","","","","","","","","","","","","","","","","","","","","","","","",""
"40.29971327-79.62779462---2008","https://mapsengine.google.com/06136759344167181854-00219351362547715467-4/wms/?version=1.3.0","40.299713274","-79.6277946246","2008","Westmoreland","first_internal","","3","","3","other","100","","1","","","1","fracking","100","","","3","","3","other","100","","","","","","","","","","","","","","","","","","","","","",""
"40.0107192-80.01798107---2010","https://mapsengine.google.com/06136759344167181854-06191489742681286724-4/wms/?version=1.3.0","40.0107192044","-80.0179810663","2010","Washington","public","10","","","10","fracking","100","","10","","","10","fracking","100","","","","","","","","","","","","","","","","","","","","","","","","","","","","",""
"41.71758886-76.16551277---2005","https://mapsengine.google.com/06136759344167181854-15960346301379896183-4/wms/?version=1.3.0","41.7175888637","-76.1655127663","2005","Bradford","final_internal","","3","","3","other","100","","","1","","1","other","100","","","3","","3","other","100","","","3","","3","other","100","","","","","","","","","","","","","","",""
"40.44730484-80.33560384---2010","https://mapsengine.google.com/06136759344167181854-06191489742681286724-4/wms/?version=1.3.0","40.4473048402","-80.3356038433","2010","Washington","public","","10","","10","other","100","","","10","","10","other","100","","","","","","","","","","","","","","","","","","","","","","","","","","","","",""
"41.63542707-78.36854538---2010","https://mapsengine.google.com/06136759344167181854-06191489742681286724-4/wms/?version=1.3.0","41.6354270731","-78.3685453779","2010","McKean","sweeper_internal","","1","","1","other","100","","3","5","2","10","other","50","","","","","","","","","","","","","","","","","1","","1","other","100","","","","","","","",""
"40.63310482-79.36861128---2008","https://mapsengine.google.com/06136759344167181854-00219351362547715467-4/wms/?version=1.3.0","40.6331048206","-79.368611279","2008","Armstrong","first_internal","2","","1","3","fracking","66","","6","","","6","fracking","100","","2","","1","3","fracking","66","","","","","","","","","","","","","","","","","","","","","",""
"41.69005069-76.99472282---2008","https://mapsengine.google.com/06136759344167181854-00219351362547715467-4/wms/?version=1.3.0","41.6900506867","-76.9947228156","2008","Tioga","final_internal","","3","","3","other","100","","","","1","1","unknown","100","","","","","","","","","","3","","3","other","100","","","","","","","","","","","","","","",""
"40.1747676-80.40383461---2005","https://mapsengine.google.com/06136759344167181854-15960346301379896183-4/wms/?version=1.3.0","40.1747675995","-80.4038346142","2005","Washington","final_internal","","3","","3","other","100","","","1","","1","other","100","","","","","","","","","","3","","3","other","100","","","","","","","","","","","","","","",""
"41.8589814-76.88122653---2008","https://mapsengine.google.com/06136759344167181854-00219351362547715467-4/wms/?version=1.3.0","41.8589813986","-76.8812265261","2008","Bradford","final_internal","","3","","3","other","100","","","1","","1","other","100","","","3","","3","other","100","","","3","","3","other","100","","","","","","","","","","","","","","",""
"40.6746917-79.75145768---2010","https://mapsengine.google.com/06136759344167181854-06191489742681286724-4/wms/?version=1.3.0","40.6746916987","-79.7514576822","2010","Butler","sweeper_internal","1","","","1","fracking","100","","8","2","14","24","unknown","58","","","","","","","","","","","","","","","","1","","","1","fracking","100","","","","","","","",""
"39.91006141-79.99619865---2005","https://mapsengine.google.com/06136759344167181854-15960346301379896183-4/wms/?version=1.3.0","39.9100614078","-79.9961986531","2005","Greene","final_internal","","3","","3","other","100","","","1","","1","other","100","","","","","","","","","","3","","3","other","100","","","","","","","","","","","","","","",""
"39.86205471-80.02228033---2008","https://mapsengine.google.com/06136759344167181854-00219351362547715467-4/wms/?version=1.3.0","39.862054713","-80.0222803266","2008","Greene","first_internal","","3","","3","other","100","","","9","1","10","other","90","","","3","","3","other","100","","","","","","","","","","","","","","","","","","","","","",""
"41.4725533-78.91638929---2010","https://mapsengine.google.com/06136759344167181854-06191489742681286724-4/wms/?version=1.3.0","41.4725532985","-78.9163892868","2010","Elk","public","","11","","11","other","100","","","11","","11","other","100","","","","","","","","","","","","","","","","","","","","","","","","","","","","",""
"41.72928734-76.8218613---2010","https://mapsengine.google.com/06136759344167181854-06191489742681286724-4/wms/?version=1.3.0","41.72928734","-76.8218613","2010","Bradford","first_internal","","3","","3","other","100","","","10","","10","other","100","","","3","","3","other","100","","","","","","","","","","","","","","","","","","","","","",""
"41.76209344-76.10761106---2008","https://mapsengine.google.com/06136759344167181854-00219351362547715467-4/wms/?version=1.3.0","41.7620934352","-76.1076110594","2008","Susquehanna","final_internal","","3","","3","other","100","","","","1","1","unknown","100","","","3","","3","other","100","","","3","","3","other","100","","","","","","","","","","","","","","",""
"40.40563371-80.47117785---2010","https://mapsengine.google.com/06136759344167181854-06191489742681286724-4/wms/?version=1.3.0","40.4056337055","-80.471177855","2010","Washington","public","","10","","10","other","100","","","10","","10","other","100","","","","","","","","","","","","","","","","","","","","","","","","","","","","",""
"40.85749964-79.50935537---2008","https://mapsengine.google.com/06136759344167181854-00219351362547715467-4/wms/?version=1.3.0","40.8574996442","-79.5093553726","2008","Armstrong","first_internal","1","2","","3","other","66","","3","1","2","6","fracking","50","","1","2","","3","other","66","","","","","","","","","","","","","","","","","","","","","",""
"41.72983636-76.80017292---2010","https://mapsengine.google.com/06136759344167181854-06191489742681286724-4/wms/?version=1.3.0","41.729836365","-76.800172922","2010","Bradford","public","","13","","13","other","100","","","13","","13","other","100","","","","","","","","","","","","","","","","","","","","","","","","","","","","",""
"41.66351591-76.10114605---2008","https://mapsengine.google.com/06136759344167181854-00219351362547715467-4/wms/?version=1.3.0","41.6635159069","-76.1011460505","2008","Susquehanna","final_internal","","3","","3","other","100","","","1","","1","other","100","","","3","","3","other","100","","","3","","3","other","100","","","","","","","","","","","","","","",""
"39.76575379-79.50908281---2010","https://mapsengine.google.com/06136759344167181854-06191489742681286724-4/wms/?version=1.3.0","39.7657537899","-79.5090828105","2010","Fayette","public","2","8","","10","other","80","","2","8","","10","other","80","","","","","","","","","","","","","","","","","","","","","","","","","","","","",""
"39.79459069-79.89359042---2010","https://mapsengine.google.com/06136759344167181854-06191489742681286724-4/wms/?version=1.3.0","39.7945906936","-79.8935904213","2010","Fayette","public","","10","","10","other","100","","","10","","10","other","100","","","","","","","","","","","","","","","","","","","","","","","","","","","","",""
"41.68460197-77.27158405---2008","https://mapsengine.google.com/06136759344167181854-00219351362547715467-4/wms/?version=1.3.0","41.6846019729","-77.2715840521","2008","Tioga","final_internal","","3","","3","other","100","","","1","","1","other","100","","","","","","","","","","3","","3","other","100","","","","","","","","","","","","","","",""
"41.80809227-76.9516145---2010","https://mapsengine.google.com/06136759344167181854-06191489742681286724-4/wms/?version=1.3.0","41.8080922663","-76.9516144999","2010","Tioga","public","","12","","12","other","100","","","12","","12","other","100","","","","","","","","","","","","","","","","","","","","","","","","","","","","",""
"41.7206182-77.36036674---2010","https://mapsengine.google.com/06136759344167181854-06191489742681286724-4/wms/?version=1.3.0","41.7206182003","-77.3603667434","2010","Tioga","public","","10","","10","other","100","","","10","","10","other","100","","","","","","","","","","","","","","","","","","","","","","","","","","","","",""
"41.6980947-77.00660077---2010","https://mapsengine.google.com/06136759344167181854-06191489742681286724-4/wms/?version=1.3.0","41.6980946995","-77.0066007742","2010","Tioga","public","","10","1","11","other","90","","","10","1","11","other","90","","","","","","","","","","","","","","","","","","","","","","","","","","","","",""
"41.75238403-76.26715554---2008","https://mapsengine.google.com/06136759344167181854-00219351362547715467-4/wms/?version=1.3.0","41.7523840269","-76.2671555394","2008","Bradford","final_internal","","3","","3","other","100","","","1","","1","other","100","","","3","","3","other","100","","","3","","3","other","100","","","","","","","","","","","","","","",""
"39.77504981-80.00048042---2010","https://mapsengine.google.com/06136759344167181854-06191489742681286724-4/wms/?version=1.3.0","39.7750498119","-80.0004804227","2010","Greene","sweeper_internal","","1","","1","other","100","","2","4","4","10","unknown|other","","40|40","","","","","","","","","","","","","","","","1","","1","other","100","","","","","","","",""
"41.76560453-76.53716466---2008","https://mapsengine.google.com/06136759344167181854-00219351362547715467-4/wms/?version=1.3.0","41.7656045324","-76.5371646573","2008","Bradford","final_internal","","4","","4","other","100","","","1","","1","other","100","","","3","","3","other","100","","","4","","4","other","100","","","","","","","","","","","","","","",""
"41.90275571-76.90118224---2008","https://mapsengine.google.com/06136759344167181854-00219351362547715467-4/wms/?version=1.3.0","41.9027557121","-76.9011822354","2008","Bradford","final_internal","","3","","3","other","100","","","1","","1","other","100","","","3","","3","other","100","","","3","","3","other","100","","","","","","","","","","","","","","",""
"41.91884202-76.89371558---2005","https://mapsengine.google.com/06136759344167181854-15960346301379896183-4/wms/?version=1.3.0","41.9188420189","-76.8937155752","2005","Bradford","final_internal","","3","","3","other","100","","","1","","1","other","100","","","3","","3","other","100","","","3","","3","other","100","","","","","","","","","","","","","","",""
"41.65090676-75.96337134---2005","https://mapsengine.google.com/06136759344167181854-15960346301379896183-4/wms/?version=1.3.0","41.6509067558","-75.9633713374","2005","Susquehanna","final_internal","","3","","3","other","100","","","","1","1","unknown","100","","","3","","3","other","100","","","3","","3","other","100","","","","","","","","","","","","","","",""
"40.48850982-80.38025376---2008","https://mapsengine.google.com/06136759344167181854-00219351362547715467-4/wms/?version=1.3.0","40.4885098213","-80.3802537618","2008","Beaver","final_internal","","3","","3","other","100","","","6","","6","other","100","","","3","","3","other","100","","","3","","3","other","100","","","","","","","","","","","","","","",""
"41.47383671-77.25211866---2005","https://mapsengine.google.com/06136759344167181854-15960346301379896183-4/wms/?version=1.3.0","41.473836705","-77.2521186629","2005","Lycoming","missing_internal","","1","","1","other","100","","","","","","fracking|unknown|other","","","","","","","","","","","","","","","","","","","","","","","","","1","","1","other","100",""
"39.87271454-79.95949787---2010","https://mapsengine.google.com/06136759344167181854-06191489742681286724-4/wms/?version=1.3.0","39.8727145422","-79.9594978682","2010","Greene","public","","10","","10","other","100","","","10","","10","other","100","","","","","","","","","","","","","","","","","","","","","","","","","","","","",""
"39.91034272-79.96864379---2010","https://mapsengine.google.com/06136759344167181854-06191489742681286724-4/wms/?version=1.3.0","39.9103427173","-79.9686437916","2010","Greene","sweeper_internal","","1","","1","other","100","","5","3","2","10","fracking","50","","","","","","","","","","","","","","","","","1","","1","other","100","","","","","","","",""
"41.68572309-77.27103063---2010","https://mapsengine.google.com/06136759344167181854-06191489742681286724-4/wms/?version=1.3.0","41.6857230913","-77.2710306269","2010","Tioga","sweeper_internal","","1","","1","other","100","","2","8","3","13","other","61","","","","","","","","","","","","","","","","","1","","1","other","100","","","","","","","",""
"39.94185241-79.83369316---2008","https://mapsengine.google.com/06136759344167181854-00219351362547715467-4/wms/?version=1.3.0","39.941852415","-79.8336931587","2008","Fayette","sweeper_internal","","1","","1","other","100","","3","5","2","10","other","50","","","2","1","3","other","66","","","","","","","","","","1","","1","other","100","","","","","","","",""
"40.80458253-80.0594601---2008","https://mapsengine.google.com/06136759344167181854-00219351362547715467-4/wms/?version=1.3.0","40.8045825321","-80.0594600957","2008","Butler","first_internal","","3","","3","other","100","","","2","","2","other","100","","","3","","3","other","100","","","","","","","","","","","","","","","","","","","","","",""
"39.80959629-80.47213234---2008","https://mapsengine.google.com/06136759344167181854-00219351362547715467-4/wms/?version=1.3.0","39.8095962944","-80.4721323397","2008","Greene","first_internal","","3","","3","other","100","","","9","1","10","other","90","","","3","","3","other","100","","","","","","","","","","","","","","","","","","","","","",""
"40.20092903-79.74765883---2008","https://mapsengine.google.com/06136759344167181854-00219351362547715467-4/wms/?version=1.3.0","40.2009290254","-79.7476588268","2008","Westmoreland","final_internal","","3","","3","other","100","","","1","","1","other","100","","","","","","","","","","3","","3","other","100","","","","","","","","","","","","","","",""
"41.81778931-76.82696334---2010","https://mapsengine.google.com/06136759344167181854-06191489742681286724-4/wms/?version=1.3.0","41.81778931","-76.82696334","2010","Bradford","first_internal","","2","1","3","other","66","","","9","1","10","other","90","","","2","1","3","other","66","","","","","","","","","","","","","","","","","","","","","",""
"41.64610973-76.34333239---2005","https://mapsengine.google.com/06136759344167181854-15960346301379896183-4/wms/?version=1.3.0","41.6461097292","-76.3433323899","2005","Bradford","final_internal","","3","","3","other","100","","","1","","1","other","100","","","3","","3","other","100","","","3","","3","other","100","","","","","","","","","","","","","","",""
"40.78945313-79.60116374---2008","https://mapsengine.google.com/06136759344167181854-00219351362547715467-4/wms/?version=1.3.0","40.7894531292","-79.6011637357","2008","Armstrong","first_internal","","3","","3","other","100","","2","6","","8","other","75","","","3","","3","other","100","","","","","","","","","","","","","","","","","","","","","",""
"40.22647395-80.51618621---2010","https://mapsengine.google.com/06136759344167181854-06191489742681286724-4/wms/?version=1.3.0","40.2264739522","-80.5161862136","2010","Washington","sweeper_internal","","1","","1","other","100","","4","5","1","10","other","50","","","","","","","","","","","","","","","","","1","","1","other","100","","","","","","","",""
"40.83876284-80.05462967---2010","https://mapsengine.google.com/06136759344167181854-06191489742681286724-4/wms/?version=1.3.0","40.8387628426","-80.0546296713","2010","Butler","public","30","","","30","fracking","100","","30","","","30","fracking","100","","","","","","","","","","","","","","","","","","","","","","","","","","","","",""
"41.77609601-75.95248614---2010","https://mapsengine.google.com/06136759344167181854-06191489742681286724-4/wms/?version=1.3.0","41.77609601","-75.95248614","2010","Susquehanna","first_internal","","3","","3","other","100","","","10","","10","other","100","","","3","","3","other","100","","","","","","","","","","","","","","","","","","","","","",""
"40.92106159-79.96278827---2008","https://mapsengine.google.com/06136759344167181854-00219351362547715467-4/wms/?version=1.3.0","40.9210615928","-79.962788272","2008","Butler","first_internal","","3","","3","other","100","","","2","","2","other","100","","","3","","3","other","100","","","","","","","","","","","","","","","","","","","","","",""
"41.73250015-77.20576139---2010","https://mapsengine.google.com/06136759344167181854-06191489742681286724-4/wms/?version=1.3.0","41.7325001503","-77.2057613948","2010","Tioga","public","","11","","11","other","100","","","11","","11","other","100","","","","","","","","","","","","","","","","","","","","","","","","","","","","",""
"41.74088617-75.89039329---2008","https://mapsengine.google.com/06136759344167181854-00219351362547715467-4/wms/?version=1.3.0","41.7408861696","-75.8903932902","2008","Susquehanna","final_internal","","3","","3","other","100","","","1","","1","other","100","","","3","","3","other","100","","","3","","3","other","100","","","","","","","","","","","","","","",""
"40.49182505-79.5849383---2008","https://mapsengine.google.com/06136759344167181854-00219351362547715467-4/wms/?version=1.3.0","40.4918250452","-79.5849383048","2008","Westmoreland","final_internal","","3","","3","other","100","","","2","","2","other","100","","","","","","","","","","3","","3","other","100","","","","","","","","","","","","","","",""
"41.40424255-76.98345064---2010","https://mapsengine.google.com/06136759344167181854-06191489742681286724-4/wms/?version=1.3.0","41.40424255","-76.9834506422","2010","Lycoming","sweeper_internal","","1","","1","other","100","","1","9","3","13","other","69","","","","","","","","","","","","","","","","","1","","1","other","100","","","","","","","",""
"39.91927831-79.98410307---2008","https://mapsengine.google.com/06136759344167181854-00219351362547715467-4/wms/?version=1.3.0","39.9192783131","-79.9841030712","2008","Greene","sweeper_internal","","1","","1","other","100","","5","3","2","10","fracking","50","","2","1","","3","fracking","66","","","","","","","","","","1","","1","other","100","","","","","","","",""
"41.74225529-75.90300355---2010","https://mapsengine.google.com/06136759344167181854-06191489742681286724-4/wms/?version=1.3.0","41.74225529","-75.90300355","2010","Susquehanna","sweeper_internal","","1","","1","other","100","","4","4","3","11","fracking|other","","36|36","1","1","1","3","fracking|unknown|other","","33|33|33","","","","","","","","","1","","1","other","100","","","","","","","",""
"40.09906426-79.80732458---2008","https://mapsengine.google.com/06136759344167181854-00219351362547715467-4/wms/?version=1.3.0","40.0990642605","-79.8073245839","2008","Fayette","sweeper_internal","","1","","1","other","100","","1","5","4","10","other","50","","","3","","3","other","100","","","","","","","","","","1","","1","other","100","","","","","","","",""
"40.52867295-79.20066568---2005","https://mapsengine.google.com/06136759344167181854-15960346301379896183-4/wms/?version=1.3.0","40.5286729498","-79.2006656789","2005","Indiana","final_internal","","3","","3","other","100","","","1","","1","other","100","","","","","","","","","","3","","3","other","100","","","","","","","","","","","","","","",""
"39.93174931-79.00286119---2010","https://mapsengine.google.com/06136759344167181854-06191489742681286724-4/wms/?version=1.3.0","39.9317493126","-79.0028611914","2010","Somerset","public","","10","","10","other","100","","","10","","10","other","100","","","","","","","","","","","","","","","","","","","","","","","","","","","","",""
"39.79940093-79.529441---2008","https://mapsengine.google.com/06136759344167181854-00219351362547715467-4/wms/?version=1.3.0","39.7994009338","-79.529441003","2008","Fayette","first_internal","","3","","3","other","100","","1","9","","10","other","90","","","3","","3","other","100","","","","","","","","","","","","","","","","","","","","","",""
"41.8474251-76.0589214---2005","https://mapsengine.google.com/06136759344167181854-15960346301379896183-4/wms/?version=1.3.0","41.8474251037","-76.0589214033","2005","Susquehanna","final_internal","","3","","3","other","100","","","1","","1","other","100","","","3","","3","other","100","","","3","","3","other","100","","","","","","","","","","","","","","",""
"41.79503404-76.02857019---2008","https://mapsengine.google.com/06136759344167181854-00219351362547715467-4/wms/?version=1.3.0","41.7950340412","-76.0285701881","2008","Susquehanna","final_internal","3","","","3","fracking","100","","1","","","1","fracking","100","","3","","","3","fracking","100","","3","","","3","fracking","100","","","","","","","","","","","","","","",""
"39.79267592-79.84758239---2008","https://mapsengine.google.com/06136759344167181854-00219351362547715467-4/wms/?version=1.3.0","39.7926759223","-79.8475823935","2008","Fayette","first_internal","","3","","3","other","100","","","10","","10","other","100","","","3","","3","other","100","","","","","","","","","","","","","","","","","","","","","",""
"41.63638528-76.40829288---2008","https://mapsengine.google.com/06136759344167181854-00219351362547715467-4/wms/?version=1.3.0","41.6363852843","-76.4082928794","2008","Bradford","final_internal","","3","","3","other","100","","","1","","1","other","100","","","3","","3","other","100","","","3","","3","other","100","","","","","","","","","","","","","","",""
"39.96819979-80.11052374---2010","https://mapsengine.google.com/06136759344167181854-06191489742681286724-4/wms/?version=1.3.0","39.9681997911","-80.1105237378","2010","Greene","public","10","","","10","fracking","100","","10","","","10","fracking","100","","","","","","","","","","","","","","","","","","","","","","","","","","","","",""
"39.8036635-79.97130957---2008","https://mapsengine.google.com/06136759344167181854-00219351362547715467-4/wms/?version=1.3.0","39.8036634997","-79.9713095736","2008","Greene","first_internal","","3","","3","other","100","","","9","1","10","other","90","","","3","","3","other","100","","","","","","","","","","","","","","","","","","","","","",""
"40.28587902-80.34968133---2008","https://mapsengine.google.com/06136759344167181854-00219351362547715467-4/wms/?version=1.3.0","40.2858790207","-80.3496813266","2008","Washington","first_internal","3","","","3","fracking","100","","10","","","10","fracking","100","","3","","","3","fracking","100","","","","","","","","","","","","","","","","","","","","","",""
"40.7724185-80.04097984---2010","https://mapsengine.google.com/06136759344167181854-06191489742681286724-4/wms/?version=1.3.0","40.7724184962","-80.04097984","2010","Butler","public","2","10","","12","other","83","","2","10","","12","other","83","","","","","","","","","","","","","","","","","","","","","","","","","","","","",""
"41.70640509-76.08671944---2008","https://mapsengine.google.com/06136759344167181854-00219351362547715467-4/wms/?version=1.3.0","41.7064050898","-76.0867194431","2008","Susquehanna","final_internal","","3","","3","other","100","","","1","","1","other","100","","","3","","3","other","100","","","3","","3","other","100","","","","","","","","","","","","","","",""
"40.2756448-80.14498322---2010","https://mapsengine.google.com/06136759344167181854-06191489742681286724-4/wms/?version=1.3.0","40.2756448011","-80.144983222","2010","Washington","public","1","9","","10","other","90","","1","9","","10","other","90","","","","","","","","","","","","","","","","","","","","","","","","","","","","",""
"40.67629388-79.75364073---2005","https://mapsengine.google.com/06136759344167181854-15960346301379896183-4/wms/?version=1.3.0","40.6762938785","-79.7536407262","2005","Butler","final_internal","","3","","3","other","100","","","1","","1","other","100","","","","","","","","","","3","","3","other","100","","","","","","","","","","","","","","",""
"41.77587804-77.14448515---2010","https://mapsengine.google.com/06136759344167181854-06191489742681286724-4/wms/?version=1.3.0","41.775878036","-77.1444851471","2010","Tioga","sweeper_internal","","1","","1","other","100","","3","7","1","11","other","63","","","","","","","","","","","","","","","","","1","","1","other","100","","","","","","","",""
"39.84554765-79.86229802---2010","https://mapsengine.google.com/06136759344167181854-06191489742681286724-4/wms/?version=1.3.0","39.845547655","-79.862298018","2010","Fayette","public","","8","2","10","other","80","","","8","2","10","other","80","","","","","","","","","","","","","","","","","","","","","","","","","","","","",""
"41.6240553-76.82561704---2008","https://mapsengine.google.com/06136759344167181854-00219351362547715467-4/wms/?version=1.3.0","41.6240553027","-76.8256170427","2008","Bradford","final_internal","3","","","3","fracking","100","","1","","","1","fracking","100","","3","","","3","fracking","100","","3","","","3","fracking","100","","","","","","","","","","","","","","",""
"41.13364603-78.04226039---2008","https://mapsengine.google.com/06136759344167181854-00219351362547715467-4/wms/?version=1.3.0","41.1336460285","-78.0422603857","2008","Centre","final_internal","","3","","3","other","100","","","","1","1","unknown","100","","","","","","","","","","3","","3","other","100","","","","","","","","","","","","","","",""
"41.79462954-77.03084228---2010","https://mapsengine.google.com/06136759344167181854-06191489742681286724-4/wms/?version=1.3.0","41.7946295355","-77.0308422796","2010","Tioga","public","","12","","12","other","100","","","12","","12","other","100","","","","","","","","","","","","","","","","","","","","","","","","","","","","",""
"39.86220355-79.83189351---2010","https://mapsengine.google.com/06136759344167181854-06191489742681286724-4/wms/?version=1.3.0","39.8622035509","-79.8318935055","2010","Fayette","public","","10","","10","other","100","","","10","","10","other","100","","","","","","","","","","","","","","","","","","","","","","","","","","","","",""
"40.17833898-80.40645807---2010","https://mapsengine.google.com/06136759344167181854-06191489742681286724-4/wms/?version=1.3.0","40.1783389809","-80.4064580722","2010","Washington","public","10","","","10","fracking","100","","10","","","10","fracking","100","","","","","","","","","","","","","","","","","","","","","","","","","","","","",""
"40.75602663-80.02656073---2005","https://mapsengine.google.com/06136759344167181854-15960346301379896183-4/wms/?version=1.3.0","40.756026625","-80.026560732","2005","Butler","final_internal","","3","","3","other","100","","","1","","1","other","100","","","","","","","","","","3","","3","other","100","","","","","","","","","","","","","","",""
"41.79144054-77.18784341---2008","https://mapsengine.google.com/06136759344167181854-00219351362547715467-4/wms/?version=1.3.0","41.7914405367","-77.187843408","2008","Tioga","final_internal","","3","","3","other","100","","","1","","1","other","100","","","","","","","","","","3","","3","other","100","","","","","","","","","","","","","","",""
"41.76933412-76.1029511---2005","https://mapsengine.google.com/06136759344167181854-15960346301379896183-4/wms/?version=1.3.0","41.7693341162","-76.1029510968","2005","Susquehanna","final_internal","","3","","3","other","100","","","1","","1","other","100","","","3","","3","other","100","","","3","","3","other","100","","","","","","","","","","","","","","",""
"41.66946718-76.96778149---2005","https://mapsengine.google.com/06136759344167181854-15960346301379896183-4/wms/?version=1.3.0","41.6694671846","-76.967781492","2005","Tioga","missing_internal","","1","","1","other","100","","","","","","fracking|unknown|other","","","","","","","","","","","","","","","","","","","","","","","","","1","","1","other","100",""
"40.02048235-80.07551447---2008","https://mapsengine.google.com/06136759344167181854-00219351362547715467-4/wms/?version=1.3.0","40.0204823501","-80.0755144674","2008","Washington","first_internal","","3","","3","other","100","","","8","1","9","other","88","","","3","","3","other","100","","","","","","","","","","","","","","","","","","","","","",""
"40.20622618-80.36532691---2008","https://mapsengine.google.com/06136759344167181854-00219351362547715467-4/wms/?version=1.3.0","40.2062261791","-80.3653269127","2008","Washington","first_internal","","3","","3","other","100","","","10","","10","other","100","","","3","","3","other","100","","","","","","","","","","","","","","","","","","","","","",""
"41.72615854-75.92047926---2010","https://mapsengine.google.com/06136759344167181854-06191489742681286724-4/wms/?version=1.3.0","41.72615854","-75.92047926","2010","Susquehanna","first_internal","","3","","3","other","100","","1","9","","10","other","90","","","3","","3","other","100","","","","","","","","","","","","","","","","","","","","","",""
"41.95423542-76.85816867---2005","https://mapsengine.google.com/06136759344167181854-15960346301379896183-4/wms/?version=1.3.0","41.9542354248","-76.858168674","2005","Bradford","final_internal","","3","","3","other","100","","","1","","1","other","100","","","3","","3","other","100","","","3","","3","other","100","","","","","","","","","","","","","","",""
"40.67480808-79.75577134---2008","https://mapsengine.google.com/06136759344167181854-00219351362547715467-4/wms/?version=1.3.0","40.674808081","-79.7557713365","2008","Butler","first_internal","","3","","3","other","100","","","2","","2","other","100","","","3","","3","other","100","","","","","","","","","","","","","","","","","","","","","",""
"41.88012002-75.89333585---2010","https://mapsengine.google.com/06136759344167181854-06191489742681286724-4/wms/?version=1.3.0","41.88012002","-75.89333585","2010","Susquehanna","first_internal","","3","","3","other","100","","","11","","11","other","100","","","3","","3","other","100","","","","","","","","","","","","","","","","","","","","","",""
"39.72959245-79.99274435---2010","https://mapsengine.google.com/06136759344167181854-06191489742681286724-4/wms/?version=1.3.0","39.7295924482","-79.9927443495","2010","Greene","public","","9","1","10","other","90","","","9","1","10","other","90","","","","","","","","","","","","","","","","","","","","","","","","","","","","",""
"40.26709123-80.35688512---2008","https://mapsengine.google.com/06136759344167181854-00219351362547715467-4/wms/?version=1.3.0","40.2670912251","-80.3568851218","2008","Washington","first_internal","","3","","3","other","100","","","10","","10","other","100","","","3","","3","other","100","","","","","","","","","","","","","","","","","","","","","",""
"40.25454952-80.24756025---2008","https://mapsengine.google.com/06136759344167181854-00219351362547715467-4/wms/?version=1.3.0","40.2545495204","-80.2475602518","2008","Washington","sweeper_internal","","1","","1","other","100","","3","5","2","10","other","50","","","2","1","3","other","66","","","","","","","","","","1","","1","other","100","","","","","","","",""
"40.01230528-79.87810432---2010","https://mapsengine.google.com/06136759344167181854-06191489742681286724-4/wms/?version=1.3.0","40.012305279","-79.8781043168","2010","Fayette","public","10","","","10","fracking","100","","10","","","10","fracking","100","","","","","","","","","","","","","","","","","","","","","","","","","","","","",""
"41.70083909-76.75058383---2005","https://mapsengine.google.com/06136759344167181854-15960346301379896183-4/wms/?version=1.3.0","41.7008390939","-76.7505838265","2005","Bradford","final_internal","","3","","3","other","100","","","1","","1","other","100","","","3","","3","other","100","","","3","","3","other","100","","","","","","","","","","","","","","",""
"41.89352-75.9399348---2008","https://mapsengine.google.com/06136759344167181854-00219351362547715467-4/wms/?version=1.3.0","41.8935200008","-75.9399348002","2008","Susquehanna","final_internal","","3","","3","other","100","","","1","","1","other","100","","","3","","3","other","100","","","3","","3","other","100","","","","","","","","","","","","","","",""
"40.1900307-79.73443415---2008","https://mapsengine.google.com/06136759344167181854-00219351362547715467-4/wms/?version=1.3.0","40.1900306964","-79.7344341496","2008","Westmoreland","first_internal","","2","1","3","other","66","","","","1","1","unknown","100","","","2","1","3","other","66","","","","","","","","","","","","","","","","","","","","","",""
"40.2323596-79.72611483---2008","https://mapsengine.google.com/06136759344167181854-00219351362547715467-4/wms/?version=1.3.0","40.2323596003","-79.7261148315","2008","Westmoreland","first_internal","","3","","3","other","100","","","1","","1","other","100","","","3","","3","other","100","","","","","","","","","","","","","","","","","","","","","",""
"40.24498766-80.28086853---2010","https://mapsengine.google.com/06136759344167181854-06191489742681286724-4/wms/?version=1.3.0","40.2449876588","-80.2808685284","2010","Washington","sweeper_internal","1","","","1","fracking","100","","","7","3","10","other","70","","","","","","","","","","","","","","","","1","","","1","fracking","100","","","","","","","",""
"39.93912615-79.96724777---2010","https://mapsengine.google.com/06136759344167181854-06191489742681286724-4/wms/?version=1.3.0","39.9391261532","-79.9672477736","2010","Greene","sweeper_internal","","1","","1","other","100","","2","6","2","10","other","60","","","","","","","","","","","","","","","","","1","","1","other","100","","","","","","","",""
"41.76631835-76.49476475---2005","https://mapsengine.google.com/06136759344167181854-15960346301379896183-4/wms/?version=1.3.0","41.7663183513","-76.4947647508","2005","Bradford","final_internal","","3","","3","other","100","","","1","","1","other","100","","","3","","3","other","100","","","3","","3","other","100","","","","","","","","","","","","","","",""
"39.73592186-80.01622273---2010","https://mapsengine.google.com/06136759344167181854-06191489742681286724-4/wms/?version=1.3.0","39.7359218584","-80.0162227257","2010","Greene","public","","10","","10","other","100","","","10","","10","other","100","","","","","","","","","","","","","","","","","","","","","","","","","","","","",""
"41.71915914-76.36058953---2005","https://mapsengine.google.com/06136759344167181854-15960346301379896183-4/wms/?version=1.3.0","41.7191591369","-76.3605895283","2005","Bradford","final_internal","","4","","4","other","100","","","1","","1","other","100","","","3","","3","other","100","","","4","","4","other","100","","","","","","","","","","","","","","",""
"41.99290697-76.97666418---2010","https://mapsengine.google.com/06136759344167181854-06191489742681286724-4/wms/?version=1.3.0","41.9929069693","-76.9766641818","2010","Tioga","public","","10","","10","other","100","","","10","","10","other","100","","","","","","","","","","","","","","","","","","","","","","","","","","","","",""
"41.76915713-76.8546041---2005","https://mapsengine.google.com/06136759344167181854-15960346301379896183-4/wms/?version=1.3.0","41.7691571346","-76.8546040999","2005","Bradford","final_internal","","3","","3","other","100","","","1","","1","other","100","","","3","","3","other","100","","","3","","3","other","100","","","","","","","","","","","","","","",""
"41.68657369-75.80357892---2008","https://mapsengine.google.com/06136759344167181854-00219351362547715467-4/wms/?version=1.3.0","41.6865736897","-75.8035789152","2008","Susquehanna","final_internal","","4","","4","other","100","","","1","","1","other","100","","","3","","3","other","100","","","4","","4","other","100","","","","","","","","","","","","","","",""
"39.88312444-80.04688338---2010","https://mapsengine.google.com/06136759344167181854-06191489742681286724-4/wms/?version=1.3.0","39.8831244417","-80.0468833842","2010","Greene","sweeper_internal","1","","","1","fracking","100","","2","6","2","10","other","60","","","","","","","","","","","","","","","","1","","","1","fracking","100","","","","","","","",""
"40.11653958-80.22857461---2010","https://mapsengine.google.com/06136759344167181854-06191489742681286724-4/wms/?version=1.3.0","40.116539582","-80.2285746122","2010","Washington","public","8","1","1","10","fracking","80","","8","1","1","10","fracking","80","","","","","","","","","","","","","","","","","","","","","","","","","","","","",""
"40.86307022-79.49415844---2008","https://mapsengine.google.com/06136759344167181854-00219351362547715467-4/wms/?version=1.3.0","40.8630702245","-79.4941584369","2008","Armstrong","first_internal","","3","","3","other","100","","1","4","1","6","other","66","","","3","","3","other","100","","","","","","","","","","","","","","","","","","","","","",""
"39.94296504-79.9710642---2010","https://mapsengine.google.com/06136759344167181854-06191489742681286724-4/wms/?version=1.3.0","39.9429650362","-79.9710641988","2010","Greene","sweeper_internal","","1","","1","other","100","","4","6","","10","other","60","","","","","","","","","","","","","","","","","1","","1","other","100","","","","","","","",""
"41.78041247-77.13138943---2010","https://mapsengine.google.com/06136759344167181854-06191489742681286724-4/wms/?version=1.3.0","41.7804124672","-77.1313894326","2010","Tioga","sweeper_internal","","1","","1","other","100","","5","1","5","11","fracking|unknown","","45|45","","","","","","","","","","","","","","","","1","","1","other","100","","","","","","","",""
"40.83497647-79.68605942---2010","https://mapsengine.google.com/06136759344167181854-06191489742681286724-4/wms/?version=1.3.0","40.8349764721","-79.6860594192","2010","Armstrong","public","","9","1","10","other","90","","","9","1","10","other","90","","","","","","","","","","","","","","","","","","","","","","","","","","","","",""
"40.82682084-80.04203223---2005","https://mapsengine.google.com/06136759344167181854-15960346301379896183-4/wms/?version=1.3.0","40.8268208406","-80.0420322303","2005","Butler","final_internal","","3","","3","other","100","","","1","","1","other","100","","","","","","","","","","3","","3","other","100","","","","","","","","","","","","","","",""
"41.80302534-77.29221583---2008","https://mapsengine.google.com/06136759344167181854-00219351362547715467-4/wms/?version=1.3.0","41.803025341","-77.2922158284","2008","Tioga","final_internal","","3","","3","other","100","","","1","","1","other","100","","","","","","","","","","3","","3","other","100","","","","","","","","","","","","","","",""
"41.76394552-76.07462777---2008","https://mapsengine.google.com/06136759344167181854-00219351362547715467-4/wms/?version=1.3.0","41.7639455226","-76.0746277665","2008","Susquehanna","final_internal","","3","","3","other","100","","","","1","1","unknown","100","","","1","2","3","unknown","66","","","3","","3","other","100","","","","","","","","","","","","","","",""
"41.76403241-76.49478258---2010","https://mapsengine.google.com/06136759344167181854-06191489742681286724-4/wms/?version=1.3.0","41.76403241","-76.49478258","2010","Bradford","first_internal","","3","","3","other","100","","","13","1","14","other","92","","","3","","3","other","100","","","","","","","","","","","","","","","","","","","","","",""
"41.76505537-76.69477604---2010","https://mapsengine.google.com/06136759344167181854-06191489742681286724-4/wms/?version=1.3.0","41.76505537","-76.69477604","2010","Bradford","first_internal","3","","","3","fracking","100","","10","2","","12","fracking","83","","3","","","3","fracking","100","","","","","","","","","","","","","","","","","","","","","",""
"41.76532146-76.47947703---2008","https://mapsengine.google.com/06136759344167181854-00219351362547715467-4/wms/?version=1.3.0","41.765321462","-76.4794770267","2008","Bradford","final_internal","","3","","3","other","100","","","1","","1","other","100","","","3","","3","other","100","","","3","","3","other","100","","","","","","","","","","","","","","",""
"41.72509539-75.86998067---2005","https://mapsengine.google.com/06136759344167181854-15960346301379896183-4/wms/?version=1.3.0","41.7250953871","-75.8699806704","2005","Susquehanna","final_internal","","3","","3","other","100","","","1","","1","other","100","","","3","","3","other","100","","","3","","3","other","100","","","","","","","","","","","","","","",""
"41.41683104-78.24442807---2008","https://mapsengine.google.com/06136759344167181854-00219351362547715467-4/wms/?version=1.3.0","41.4168310369","-78.2444280697","2008","Cameron","first_internal","","3","","3","other","100","","","6","","6","other","100","","","3","","3","other","100","","","","","","","","","","","","","","","","","","","","","",""
"40.45788248-80.34491434---2010","https://mapsengine.google.com/06136759344167181854-06191489742681286724-4/wms/?version=1.3.0","40.4578824804","-80.344914335","2010","Washington","public","","10","","10","other","100","","","10","","10","other","100","","","","","","","","","","","","","","","","","","","","","","","","","","","","",""
"41.6926655-75.94502945---2010","https://mapsengine.google.com/06136759344167181854-06191489742681286724-4/wms/?version=1.3.0","41.6926655","-75.94502945","2010","Susquehanna","first_internal","","3","","3","other","100","","","11","","11","other","100","","","3","","3","other","100","","","","","","","","","","","","","","","","","","","","","",""
"41.73162711-75.88275436---2005","https://mapsengine.google.com/06136759344167181854-15960346301379896183-4/wms/?version=1.3.0","41.7316271062","-75.8827543556","2005","Susquehanna","final_internal","","3","","3","other","100","","","1","","1","other","100","","","3","","3","other","100","","","3","","3","other","100","","","","","","","","","","","","","","",""
"40.2057359-79.70654672---2010","https://mapsengine.google.com/06136759344167181854-06191489742681286724-4/wms/?version=1.3.0","40.2057358971","-79.7065467231","2010","Westmoreland","public","","10","","10","other","100","","","10","","10","other","100","","","","","","","","","","","","","","","","","","","","","","","","","","","","",""
"39.83242992-79.53701714---2008","https://mapsengine.google.com/06136759344167181854-00219351362547715467-4/wms/?version=1.3.0","39.8324299167","-79.5370171372","2008","Fayette","sweeper_internal","","1","","1","other","100","","3","5","2","10","other","50","","","2","1","3","other","66","","","","","","","","","","1","","1","other","100","","","","","","","",""
"39.71690987-79.96477537---2010","https://mapsengine.google.com/06136759344167181854-06191489742681286724-4/wms/?version=1.3.0","39.7169098732","-79.9647753706","2010","Greene","sweeper_internal","","1","","1","other","100","","2","7","1","10","other","70","","","","","","","","","","","","","","","","","1","","1","other","100","","","","","","","",""
"40.17537291-80.40662104---2010","https://mapsengine.google.com/06136759344167181854-06191489742681286724-4/wms/?version=1.3.0","40.1753729105","-80.4066210399","2010","Washington","public","","9","1","10","other","90","","","9","1","10","other","90","","","","","","","","","","","","","","","","","","","","","","","","","","","","",""
"41.73185579-75.87786321---2005","https://mapsengine.google.com/06136759344167181854-15960346301379896183-4/wms/?version=1.3.0","41.7318557911","-75.8778632122","2005","Susquehanna","final_internal","","3","","3","other","100","","","1","","1","other","100","","","3","","3","other","100","","","3","","3","other","100","","","","","","","","","","","","","","",""
"39.73071627-79.49933708---2010","https://mapsengine.google.com/06136759344167181854-06191489742681286724-4/wms/?version=1.3.0","39.7307162654","-79.4993370841","2010","Fayette","public","1","9","","10","other","90","","1","9","","10","other","90","","","","","","","","","","","","","","","","","","","","","","","","","","","","",""
"41.61239261-76.9869502---2010","https://mapsengine.google.com/06136759344167181854-06191489742681286724-4/wms/?version=1.3.0","41.612392606","-76.986950197","2010","Tioga","public","","11","","11","other","100","","","11","","11","other","100","","","","","","","","","","","","","","","","","","","","","","","","","","","","",""
"41.11211931-79.73515572---2010","https://mapsengine.google.com/06136759344167181854-06191489742681286724-4/wms/?version=1.3.0","41.1121193092","-79.7351557212","2010","Butler","public","","20","1","21","other","95","","","20","1","21","other","95","","","","","","","","","","","","","","","","","","","","","","","","","","","","",""
"41.96723983-77.37941249---2010","https://mapsengine.google.com/06136759344167181854-06191489742681286724-4/wms/?version=1.3.0","41.9672398339","-77.3794124853","2010","Tioga","sweeper_internal","","1","","1","other","100","","","7","3","10","other","70","","","","","","","","","","","","","","","","","1","","1","other","100","","","","","","","",""
"41.72311257-75.90478107---2008","https://mapsengine.google.com/06136759344167181854-00219351362547715467-4/wms/?version=1.3.0","41.7231125722","-75.9047810711","2008","Susquehanna","final_internal","","3","","3","other","100","","","1","","1","other","100","","","3","","3","other","100","","","3","","3","other","100","","","","","","","","","","","","","","",""
"41.71556501-77.39599071---2008","https://mapsengine.google.com/06136759344167181854-00219351362547715467-4/wms/?version=1.3.0","41.7155650116","-77.3959907095","2008","Tioga","final_internal","","3","","3","other","100","","","1","","1","other","100","","","","","","","","","","3","","3","other","100","","","","","","","","","","","","","","",""
"40.74890607-80.03335679---2010","https://mapsengine.google.com/06136759344167181854-06191489742681286724-4/wms/?version=1.3.0","40.7489060651","-80.0333567876","2010","Butler","sweeper_internal","","1","","1","other","100","","2","11","1","14","other","78","","","","","","","","","","","","","","","","","1","","1","other","100","","","","","","","",""
"40.17644259-79.72735217---2010","https://mapsengine.google.com/06136759344167181854-06191489742681286724-4/wms/?version=1.3.0","40.176442586","-79.7273521727","2010","Westmoreland","public","","12","1","13","other","92","","","12","1","13","other","92","","","","","","","","","","","","","","","","","","","","","","","","","","","","",""
"40.08956256-80.22754523---2010","https://mapsengine.google.com/06136759344167181854-06191489742681286724-4/wms/?version=1.3.0","40.0895625581","-80.2275452338","2010","Washington","public","10","","","10","fracking","100","","10","","","10","fracking","100","","","","","","","","","","","","","","","","","","","","","","","","","","","","",""
"41.69558603-75.86618196---2010","https://mapsengine.google.com/06136759344167181854-06191489742681286724-4/wms/?version=1.3.0","41.6955860313","-75.866181959","2010","Susquehanna","sweeper_internal","","1","","1","other","100","","2","6","3","11","other","54","","","3","","3","other","100","","","","","","","","","","1","","1","other","100","","","","","","","",""
"40.96642509-79.95526277---2010","https://mapsengine.google.com/06136759344167181854-06191489742681286724-4/wms/?version=1.3.0","40.966425092","-79.955262767","2010","Butler","public","","19","1","20","other","95","","","19","1","20","other","95","","","","","","","","","","","","","","","","","","","","","","","","","","","","",""
"39.93805883-79.46981519---2010","https://mapsengine.google.com/06136759344167181854-06191489742681286724-4/wms/?version=1.3.0","39.9380588251","-79.4698151857","2010","Fayette","public","10","","","10","fracking","100","","10","","","10","fracking","100","","","","","","","","","","","","","","","","","","","","","","","","","","","","",""
"41.72003189-75.93734117---2010","https://mapsengine.google.com/06136759344167181854-06191489742681286724-4/wms/?version=1.3.0","41.72003189","-75.93734117","2010","Susquehanna","first_internal","","3","","3","other","100","","","10","","10","other","100","","","3","","3","other","100","","","","","","","","","","","","","","","","","","","","","",""
"40.87181963-79.56342446---2008","https://mapsengine.google.com/06136759344167181854-00219351362547715467-4/wms/?version=1.3.0","40.8718196273","-79.5634244556","2008","Armstrong","first_internal","","3","","3","other","100","","","6","","6","other","100","","","3","","3","other","100","","","","","","","","","","","","","","","","","","","","","",""
"40.87178972-79.56348945---2005","https://mapsengine.google.com/06136759344167181854-15960346301379896183-4/wms/?version=1.3.0","40.8717897212","-79.563489448","2005","Armstrong","final_internal","","3","","3","other","100","","","1","","1","other","100","","","","","","","","","","3","","3","other","100","","","","","","","","","","","","","","",""
"41.69205487-75.87157353---2008","https://mapsengine.google.com/06136759344167181854-00219351362547715467-4/wms/?version=1.3.0","41.6920548689","-75.8715735293","2008","Susquehanna","final_internal","","3","","3","other","100","","","1","","1","other","100","","","3","","3","other","100","","","3","","3","other","100","","","","","","","","","","","","","","",""
"41.69817477-75.89546459---2008","https://mapsengine.google.com/06136759344167181854-00219351362547715467-4/wms/?version=1.3.0","41.6981747715","-75.895464594","2008","Susquehanna","final_internal","","3","","3","other","100","","","1","","1","other","100","","","3","","3","other","100","","","3","","3","other","100","","","","","","","","","","","","","","",""
"41.22128579-78.68180251---2010","https://mapsengine.google.com/06136759344167181854-06191489742681286724-4/wms/?version=1.3.0","41.2212857901","-78.6818025137","2010","Elk","sweeper_internal","","","1","1","unknown","100","","2","6","3","11","other","54","","","","","","","","","","","","","","","","","","1","1","unknown","100","","","","","","","",""
"41.41465931-78.26955933---2010","https://mapsengine.google.com/06136759344167181854-06191489742681286724-4/wms/?version=1.3.0","41.4146593077","-78.2695593268","2010","Cameron","public","1","11","","12","other","91","","1","11","","12","other","91","","","","","","","","","","","","","","","","","","","","","","","","","","","","",""
"41.87152842-77.9169818---2008","https://mapsengine.google.com/06136759344167181854-00219351362547715467-4/wms/?version=1.3.0","41.8715284241","-77.9169818","2008","Potter","final_internal","2","","1","3","fracking","66","","1","","","1","fracking","100","","","","","","","","","2","","1","3","fracking","66","","","","","","","","","","","","","","",""
"39.91420813-80.31455767---2008","https://mapsengine.google.com/06136759344167181854-00219351362547715467-4/wms/?version=1.3.0","39.9142081322","-80.3145576709","2008","Greene","first_internal","","3","","3","other","100","","","9","2","11","other","81","","","3","","3","other","100","","","","","","","","","","","","","","","","","","","","","",""
"41.68730902-75.89981052---2005","https://mapsengine.google.com/06136759344167181854-15960346301379896183-4/wms/?version=1.3.0","41.6873090196","-75.8998105202","2005","Susquehanna","final_internal","","3","","3","other","100","","","1","","1","other","100","","","3","","3","other","100","","","3","","3","other","100","","","","","","","","","","","","","","",""
"41.21147074-78.68888331---2010","https://mapsengine.google.com/06136759344167181854-06191489742681286724-4/wms/?version=1.3.0","41.2114707376","-78.6888833117","2010","Elk","sweeper_internal","","1","","1","other","100","","","7","4","11","other","63","","","","","","","","","","","","","","","","","1","","1","other","100","","","","","","","",""
"41.04543527-79.34445899---2010","https://mapsengine.google.com/06136759344167181854-06191489742681286724-4/wms/?version=1.3.0","41.045435267","-79.3444589875","2010","Clarion","sweeper_internal","","1","","1","other","100","","4","6","","10","other","60","","","","","","","","","","","","","","","","","1","","1","other","100","","","","","","","",""
"41.7029784-77.56455685---2010","https://mapsengine.google.com/06136759344167181854-06191489742681286724-4/wms/?version=1.3.0","41.7029783983","-77.5645568506","2010","Tioga","sweeper_internal","","1","","1","other","100","","1","8","3","12","other","66","","","","","","","","","","","","","","","","","1","","1","other","100","","","","","","","",""
"41.70703688-75.89866637---2008","https://mapsengine.google.com/06136759344167181854-00219351362547715467-4/wms/?version=1.3.0","41.7070368834","-75.898666372","2008","Susquehanna","final_internal","","3","","3","other","100","","","1","","1","other","100","","","3","","3","other","100","","","3","","3","other","100","","","","","","","","","","","","","","",""
"40.39555627-80.48770202---2008","https://mapsengine.google.com/06136759344167181854-00219351362547715467-4/wms/?version=1.3.0","40.3955562714","-80.4877020175","2008","Washington","first_internal","","3","","3","other","100","","","8","","8","other","100","","","3","","3","other","100","","","","","","","","","","","","","","","","","","","","","",""
"41.74908481-77.20541901---2008","https://mapsengine.google.com/06136759344167181854-00219351362547715467-4/wms/?version=1.3.0","41.7490848055","-77.2054190109","2008","Tioga","final_internal","","3","","3","other","100","","","1","","1","other","100","","","","","","","","","","3","","3","other","100","","","","","","","","","","","","","","",""
"40.07268601-80.19218614---2010","https://mapsengine.google.com/06136759344167181854-06191489742681286724-4/wms/?version=1.3.0","40.0726860064","-80.192186139","2010","Washington","public","","10","","10","other","100","","","10","","10","other","100","","","","","","","","","","","","","","","","","","","","","","","","","","","","",""
"40.36215798-79.32985276---2008","https://mapsengine.google.com/06136759344167181854-00219351362547715467-4/wms/?version=1.3.0","40.3621579796","-79.3298527647","2008","Westmoreland","first_internal","2","1","","3","fracking","66","","","1","","1","other","100","","2","1","","3","fracking","66","","","","","","","","","","","","","","","","","","","","","",""
"40.75599992-80.02660151---2008","https://mapsengine.google.com/06136759344167181854-00219351362547715467-4/wms/?version=1.3.0","40.7559999154","-80.0266015148","2008","Butler","first_internal","","3","","3","other","100","","","2","","2","other","100","","","3","","3","other","100","","","","","","","","","","","","","","","","","","","","","",""
"41.75762692-75.94160922---2005","https://mapsengine.google.com/06136759344167181854-15960346301379896183-4/wms/?version=1.3.0","41.7576269167","-75.9416092201","2005","Susquehanna","final_internal","","3","","3","other","100","","","1","","1","other","100","","","3","","3","other","100","","","3","","3","other","100","","","","","","","","","","","","","","",""
"41.95393673-76.86016887---2008","https://mapsengine.google.com/06136759344167181854-00219351362547715467-4/wms/?version=1.3.0","41.9539367275","-76.8601688714","2008","Bradford","final_internal","","3","","3","other","100","","","1","","1","other","100","","","3","","3","other","100","","","3","","3","other","100","","","","","","","","","","","","","","",""
"41.63738007-78.36944803---2010","https://mapsengine.google.com/06136759344167181854-06191489742681286724-4/wms/?version=1.3.0","41.6373800674","-78.3694480328","2010","McKean","public","10","","","10","fracking","100","","10","","","10","fracking","100","","","","","","","","","","","","","","","","","","","","","","","","","","","","",""
"41.41306596-78.27179731---2005","https://mapsengine.google.com/06136759344167181854-15960346301379896183-4/wms/?version=1.3.0","41.4130659576","-78.2717973147","2005","Cameron","final_internal","","3","","3","other","100","","","1","","1","other","100","","","","","","","","","","3","","3","other","100","","","","","","","","","","","","","","",""
"40.47776319-79.55973971---2005","https://mapsengine.google.com/06136759344167181854-15960346301379896183-4/wms/?version=1.3.0","40.4777631947","-79.5597397069","2005","Westmoreland","final_internal","","3","","3","other","100","","","1","","1","other","100","","","","","","","","","","3","","3","other","100","","","","","","","","","","","","","","",""
"41.93887243-75.47045987---2008","https://mapsengine.google.com/06136759344167181854-00219351362547715467-4/wms/?version=1.3.0","41.9388724309","-75.4704598699","2008","Wayne","final_internal","","3","","3","other","100","","","1","","1","other","100","","","3","","3","other","100","","","3","","3","other","100","","","","","","","","","","","","","","",""
"39.93572783-79.85304138---2010","https://mapsengine.google.com/06136759344167181854-06191489742681286724-4/wms/?version=1.3.0","39.9357278257","-79.853041382","2010","Fayette","public","10","","","10","fracking","100","","10","","","10","fracking","100","","","","","","","","","","","","","","","","","","","","","","","","","","","","",""
"41.76197022-77.14393632---2010","https://mapsengine.google.com/06136759344167181854-06191489742681286724-4/wms/?version=1.3.0","41.7619702206","-77.1439363191","2010","Tioga","public","","11","2","13","other","84","","","11","2","13","other","84","","","","","","","","","","","","","","","","","","","","","","","","","","","","",""
"41.77881443-75.93086467---2008","https://mapsengine.google.com/06136759344167181854-00219351362547715467-4/wms/?version=1.3.0","41.7788144282","-75.9308646661","2008","Susquehanna","final_internal","","3","","3","other","100","","","1","","1","other","100","","","3","","3","other","100","","","3","","3","other","100","","","","","","","","","","","","","","",""
"41.77893441-75.93085601---2010","https://mapsengine.google.com/06136759344167181854-06191489742681286724-4/wms/?version=1.3.0","41.77893441","-75.93085601","2010","Susquehanna","first_internal","","3","","3","other","100","","1","11","","12","other","91","","","3","","3","other","100","","","","","","","","","","","","","","","","","","","","","",""
"41.56859124-76.10193496---2010","https://mapsengine.google.com/06136759344167181854-06191489742681286724-4/wms/?version=1.3.0","41.56859124","-76.10193496","2010","Wyoming","first_internal","","3","","3","other","100","","","10","","10","other","100","","","3","","3","other","100","","","","","","","","","","","","","","","","","","","","","",""
"41.67105853-78.25402161---2010","https://mapsengine.google.com/06136759344167181854-06191489742681286724-4/wms/?version=1.3.0","41.6710585298","-78.2540216095","2010","McKean","public","10","","","10","fracking","100","","10","","","10","fracking","100","","","","","","","","","","","","","","","","","","","","","","","","","","","","",""
"41.62111025-76.44668809---2005","https://mapsengine.google.com/06136759344167181854-15960346301379896183-4/wms/?version=1.3.0","41.6211102509","-76.4466880856","2005","Bradford","final_internal","","3","","3","other","100","","","1","","1","other","100","","","3","","3","other","100","","","3","","3","other","100","","","","","","","","","","","","","","",""
"40.57449032-79.804326---2010","https://mapsengine.google.com/06136759344167181854-06191489742681286724-4/wms/?version=1.3.0","40.57449032","-79.804326","2010","Allegheny","first_internal","","3","","3","other","100","","","10","","10","other","100","","","3","","3","other","100","","","","","","","","","","","","","","","","","","","","","",""
"41.68202957-77.38061112---2010","https://mapsengine.google.com/06136759344167181854-06191489742681286724-4/wms/?version=1.3.0","41.6820295705","-77.3806111206","2010","Tioga","sweeper_internal","","1","","1","other","100","","2","4","4","10","unknown|other","","40|40","","","","","","","","","","","","","","","","1","","1","other","100","","","","","","","",""
"40.83569818-79.55332215---2010","https://mapsengine.google.com/06136759344167181854-06191489742681286724-4/wms/?version=1.3.0","40.835698181","-79.5533221517","2010","Armstrong","public","9","","1","10","fracking","90","","9","","1","10","fracking","90","","","","","","","","","","","","","","","","","","","","","","","","","","","","",""
"40.15455787-79.7496594---2010","https://mapsengine.google.com/06136759344167181854-06191489742681286724-4/wms/?version=1.3.0","40.1545578741","-79.7496594001","2010","Westmoreland","sweeper_internal","1","","","1","fracking","100","","8","2","1","11","fracking","72","","","","","","","","","","","","","","","","1","","","1","fracking","100","","","","","","","",""
"40.27632572-80.3089967---2008","https://mapsengine.google.com/06136759344167181854-00219351362547715467-4/wms/?version=1.3.0","40.2763257234","-80.3089967","2008","Washington","first_internal","","1","2","3","unknown","66","","6","1","1","8","fracking","75","","","1","2","3","unknown","66","","","","","","","","","","","","","","","","","","","","","",""
"41.95949173-77.42558986---2010","https://mapsengine.google.com/06136759344167181854-06191489742681286724-4/wms/?version=1.3.0","41.9594917295","-77.425589864","2010","Tioga","public","","12","","12","other","100","","","12","","12","other","100","","","","","","","","","","","","","","","","","","","","","","","","","","","","",""
"40.1316432-78.76231906---2010","https://mapsengine.google.com/06136759344167181854-06191489742681286724-4/wms/?version=1.3.0","40.1316432021","-78.7623190606","2010","Somerset","sweeper_internal","1","","","1","fracking","100","","8","","5","13","fracking","61","","","","","","","","","","","","","","","","1","","","1","fracking","100","","","","","","","",""
"39.94607841-78.89396178---2010","https://mapsengine.google.com/06136759344167181854-06191489742681286724-4/wms/?version=1.3.0","39.9460784051","-78.893961785","2010","Somerset","public","26","","","26","fracking","100","","26","","","26","fracking","100","","","","","","","","","","","","","","","","","","","","","","","","","","","","",""
"40.49570897-79.56847048---2008","https://mapsengine.google.com/06136759344167181854-00219351362547715467-4/wms/?version=1.3.0","40.4957089688","-79.568470484","2008","Westmoreland","final_internal","","3","","3","other","100","","","1","","1","other","100","","","","","","","","","","3","","3","other","100","","","","","","","","","","","","","","",""
"40.83207187-79.55743208---2005","https://mapsengine.google.com/06136759344167181854-15960346301379896183-4/wms/?version=1.3.0","40.8320718741","-79.5574320824","2005","Armstrong","final_internal","","3","","3","other","100","","","","1","1","unknown","100","","","","","","","","","","3","","3","other","100","","","","","","","","","","","","","","",""
"40.29134473-80.2479913---2010","https://mapsengine.google.com/06136759344167181854-06191489742681286724-4/wms/?version=1.3.0","40.2913447296","-80.2479913031","2010","Washington","public","10","","","10","fracking","100","","10","","","10","fracking","100","","","","","","","","","","","","","","","","","","","","","","","","","","","","",""
"41.73035424-75.94957056---2010","https://mapsengine.google.com/06136759344167181854-06191489742681286724-4/wms/?version=1.3.0","41.73035424","-75.94957056","2010","Susquehanna","first_internal","","3","","3","other","100","","","10","","10","other","100","","","3","","3","other","100","","","","","","","","","","","","","","","","","","","","","",""
"41.54679479-76.64098996---2008","https://mapsengine.google.com/06136759344167181854-00219351362547715467-4/wms/?version=1.3.0","41.5467947895","-76.6409899601","2008","Sullivan","final_internal","","3","","3","other","100","","","1","","1","other","100","","","3","","3","other","100","","","3","","3","other","100","","","","","","","","","","","","","","",""
"40.22710022-80.5094756---2010","https://mapsengine.google.com/06136759344167181854-06191489742681286724-4/wms/?version=1.3.0","40.2271002214","-80.5094756041","2010","Washington","public","","10","","10","other","100","","","10","","10","other","100","","","","","","","","","","","","","","","","","","","","","","","","","","","","",""
"40.11576871-79.78881597---2008","https://mapsengine.google.com/06136759344167181854-00219351362547715467-4/wms/?version=1.3.0","40.1157687061","-79.788815967","2008","Fayette","first_internal","","3","","3","other","100","","1","3","2","6","other","50","","","3","","3","other","100","","","","","","","","","","","","","","","","","","","","","",""
"40.86666168-79.49218693---2010","https://mapsengine.google.com/06136759344167181854-06191489742681286724-4/wms/?version=1.3.0","40.8666616753","-79.4921869332","2010","Armstrong","sweeper_internal","","1","","1","other","100","","1","7","3","11","other","63","","","","","","","","","","","","","","","","","1","","1","other","100","","","","","","","",""
"41.79835613-76.63390238---2008","https://mapsengine.google.com/06136759344167181854-00219351362547715467-4/wms/?version=1.3.0","41.7983561327","-76.6339023754","2008","Bradford","final_internal","","3","","3","other","100","","","1","","1","other","100","","","3","","3","other","100","","","3","","3","other","100","","","","","","","","","","","","","","",""
"39.88563129-80.04684615---2010","https://mapsengine.google.com/06136759344167181854-06191489742681286724-4/wms/?version=1.3.0","39.8856312889","-80.0468461549","2010","Greene","sweeper_internal","","1","","1","other","100","","1","7","2","10","other","70","","","","","","","","","","","","","","","","","1","","1","other","100","","","","","","","",""
"41.73290962-77.40209816---2008","https://mapsengine.google.com/06136759344167181854-00219351362547715467-4/wms/?version=1.3.0","41.7329096229","-77.4020981646","2008","Tioga","final_internal","","3","","3","other","100","","","1","","1","other","100","","","","","","","","","","3","","3","other","100","","","","","","","","","","","","","","",""
"41.89993956-77.36478665---2008","https://mapsengine.google.com/06136759344167181854-00219351362547715467-4/wms/?version=1.3.0","41.8999395606","-77.3647866536","2008","Tioga","final_internal","","3","","3","other","100","","","1","","1","other","100","","","","","","","","","","3","","3","other","100","","","","","","","","","","","","","","",""
"40.62954965-79.36384892---2008","https://mapsengine.google.com/06136759344167181854-00219351362547715467-4/wms/?version=1.3.0","40.6295496508","-79.3638489192","2008","Armstrong","first_internal","","3","","3","other","100","","","6","","6","other","100","","","3","","3","other","100","","","","","","","","","","","","","","","","","","","","","",""
"40.86493192-79.49752002---2010","https://mapsengine.google.com/06136759344167181854-06191489742681286724-4/wms/?version=1.3.0","40.8649319209","-79.49752002","2010","Armstrong","public","","8","2","10","other","80","","","8","2","10","other","80","","","","","","","","","","","","","","","","","","","","","","","","","","","","",""
"39.94436511-80.02504832---2010","https://mapsengine.google.com/06136759344167181854-06191489742681286724-4/wms/?version=1.3.0","39.9443651114","-80.0250483191","2010","Greene","public","1","9","","10","other","90","","1","9","","10","other","90","","","","","","","","","","","","","","","","","","","","","","","","","","","","",""
"41.80030221-76.58834195---2005","https://mapsengine.google.com/06136759344167181854-15960346301379896183-4/wms/?version=1.3.0","41.8003022141","-76.5883419511","2005","Bradford","final_internal","","3","","3","other","100","","","1","","1","other","100","","","3","","3","other","100","","","3","","3","other","100","","","","","","","","","","","","","","",""
"41.83763646-76.38879879---2010","https://mapsengine.google.com/06136759344167181854-06191489742681286724-4/wms/?version=1.3.0","41.83763646","-76.38879879","2010","Bradford","first_internal","","3","","3","other","100","","","10","","10","other","100","","","3","","3","other","100","","","","","","","","","","","","","","","","","","","","","",""
"41.74907329-75.91976607---2005","https://mapsengine.google.com/06136759344167181854-15960346301379896183-4/wms/?version=1.3.0","41.7490732933","-75.9197660655","2005","Susquehanna","final_internal","","3","","3","other","100","","","1","","1","other","100","","","3","","3","other","100","","","3","","3","other","100","","","","","","","","","","","","","","",""
"39.85278424-79.97256446---2008","https://mapsengine.google.com/06136759344167181854-00219351362547715467-4/wms/?version=1.3.0","39.8527842448","-79.9725644565","2008","Greene","first_internal","3","","","3","fracking","100","","9","","1","10","fracking","90","","3","","","3","fracking","100","","","","","","","","","","","","","","","","","","","","","",""
"41.71808795-76.14386939---2008","https://mapsengine.google.com/06136759344167181854-00219351362547715467-4/wms/?version=1.3.0","41.718087951","-76.1438693866","2008","Bradford","final_internal","","3","","3","other","100","","","1","","1","other","100","","","3","","3","other","100","","","3","","3","other","100","","","","","","","","","","","","","","",""
"41.64610604-76.34329494---2008","https://mapsengine.google.com/06136759344167181854-00219351362547715467-4/wms/?version=1.3.0","41.646106044","-76.3432949357","2008","Bradford","final_internal","","3","","3","other","100","","","1","","1","other","100","","","3","","3","other","100","","","3","","3","other","100","","","","","","","","","","","","","","",""
"41.77619562-76.23215541---2005","https://mapsengine.google.com/06136759344167181854-15960346301379896183-4/wms/?version=1.3.0","41.77619562","-76.2321554139","2005","Bradford","final_internal","","3","","3","other","100","","","1","","1","other","100","","","3","","3","other","100","","","3","","3","other","100","","","","","","","","","","","","","","",""
"41.44562838-77.13772294---2005","https://mapsengine.google.com/06136759344167181854-15960346301379896183-4/wms/?version=1.3.0","41.4456283754","-77.1377229409","2005","Lycoming","missing_internal","","1","","1","other","100","","","","","","fracking|unknown|other","","","","","","","","","","","","","","","","","","","","","","","","","1","","1","other","100",""
"40.00017422-79.66097548---2010","https://mapsengine.google.com/06136759344167181854-06191489742681286724-4/wms/?version=1.3.0","40.0001742242","-79.6609754845","2010","Fayette","public","9","","1","10","fracking","90","","9","","1","10","fracking","90","","","","","","","","","","","","","","","","","","","","","","","","","","","","",""
"40.11356115-79.80281998---2005","https://mapsengine.google.com/06136759344167181854-15960346301379896183-4/wms/?version=1.3.0","40.1135611539","-79.8028199824","2005","Fayette","final_internal","","3","","3","other","100","","","1","","1","other","100","","","","","","","","","","3","","3","other","100","","","","","","","","","","","","","","",""
"40.78351052-80.02963638---2005","https://mapsengine.google.com/06136759344167181854-15960346301379896183-4/wms/?version=1.3.0","40.7835105211","-80.0296363834","2005","Butler","final_internal","","3","","3","other","100","","","1","","1","other","100","","","","","","","","","","3","","3","other","100","","","","","","","","","","","","","","",""
"39.72799602-80.02934256---2008","https://mapsengine.google.com/06136759344167181854-00219351362547715467-4/wms/?version=1.3.0","39.7279960196","-80.0293425555","2008","Greene","first_internal","","3","","3","other","100","","1","10","","11","other","90","","","3","","3","other","100","","","","","","","","","","","","","","","","","","","","","",""
"39.95296472-80.09291201---2010","https://mapsengine.google.com/06136759344167181854-06191489742681286724-4/wms/?version=1.3.0","39.9529647218","-80.0929120125","2010","Greene","public","10","","","10","fracking","100","","10","","","10","fracking","100","","","","","","","","","","","","","","","","","","","","","","","","","","","","",""
"41.1314842-79.75166844---2005","https://mapsengine.google.com/06136759344167181854-15960346301379896183-4/wms/?version=1.3.0","41.1314842034","-79.7516684419","2005","Butler","final_internal","","3","","3","other","100","","","1","","1","other","100","","","","","","","","","","3","","3","other","100","","","","","","","","","","","","","","",""
"41.2959748-78.91353887---2010","https://mapsengine.google.com/06136759344167181854-06191489742681286724-4/wms/?version=1.3.0","41.2959747988","-78.9135388679","2010","Jefferson","sweeper_internal","","","1","1","unknown","100","","6","4","","10","fracking","60","","","","","","","","","","","","","","","","","","1","1","unknown","100","","","","","","","",""
"41.68543889-76.34655764---2010","https://mapsengine.google.com/06136759344167181854-06191489742681286724-4/wms/?version=1.3.0","41.68543889","-76.34655764","2010","Bradford","first_internal","","3","","3","other","100","","","10","","10","other","100","","","3","","3","other","100","","","","","","","","","","","","","","","","","","","","","",""
"41.87382873-76.68296439---2010","https://mapsengine.google.com/06136759344167181854-06191489742681286724-4/wms/?version=1.3.0","41.87382873","-76.68296439","2010","Bradford","first_internal","","3","","3","other","100","","1","10","1","12","other","83","","","3","","3","other","100","","","","","","","","","","","","","","","","","","","","","",""
"41.07195751-77.9745132---2005","https://mapsengine.google.com/06136759344167181854-15960346301379896183-4/wms/?version=1.3.0","41.0719575086","-77.974513198","2005","Centre","missing_internal","","1","","1","other","100","","","","","","fracking|unknown|other","","","","","","","","","","","","","","","","","","","","","","","","","1","","1","other","100",""
"40.00681579-79.68957693---2010","https://mapsengine.google.com/06136759344167181854-06191489742681286724-4/wms/?version=1.3.0","40.0068157864","-79.6895769316","2010","Fayette","public","","10","","10","other","100","","","10","","10","other","100","","","","","","","","","","","","","","","","","","","","","","","","","","","","",""
"41.57928395-77.05834344---2010","https://mapsengine.google.com/06136759344167181854-06191489742681286724-4/wms/?version=1.3.0","41.5792839477","-77.058343437","2010","Tioga","public","","8","2","10","other","80","","","8","2","10","other","80","","","","","","","","","","","","","","","","","","","","","","","","","","","","",""
"41.77955628-77.12423188---2010","https://mapsengine.google.com/06136759344167181854-06191489742681286724-4/wms/?version=1.3.0","41.7795562813","-77.1242318818","2010","Tioga","public","","9","1","10","other","90","","","9","1","10","other","90","","","","","","","","","","","","","","","","","","","","","","","","","","","","",""
"41.19434255-79.21650762---2010","https://mapsengine.google.com/06136759344167181854-06191489742681286724-4/wms/?version=1.3.0","41.19434255","-79.2165076168","2010","Clarion","public","1","10","1","12","other","83","","1","10","1","12","other","83","","","","","","","","","","","","","","","","","","","","","","","","","","","","",""
"41.70277329-77.31438112---2008","https://mapsengine.google.com/06136759344167181854-00219351362547715467-4/wms/?version=1.3.0","41.7027732916","-77.3143811225","2008","Tioga","final_internal","","3","","3","other","100","","1","","","1","fracking","100","","","","","","","","","","3","","3","other","100","","","","","","","","","","","","","","",""
"41.71674735-75.90076537---2008","https://mapsengine.google.com/06136759344167181854-00219351362547715467-4/wms/?version=1.3.0","41.7167473495","-75.9007653655","2008","Susquehanna","final_internal","","3","","3","other","100","","","1","","1","other","100","","","3","","3","other","100","","","3","","3","other","100","","","","","","","","","","","","","","",""
"41.58019067-77.00335887---2005","https://mapsengine.google.com/06136759344167181854-15960346301379896183-4/wms/?version=1.3.0","41.5801906738","-77.0033588716","2005","Tioga","missing_internal","","1","","1","other","100","","","","","","fracking|unknown|other","","","","","","","","","","","","","","","","","","","","","","","","","1","","1","other","100",""
"40.50961738-79.55263781---2008","https://mapsengine.google.com/06136759344167181854-00219351362547715467-4/wms/?version=1.3.0","40.5096173816","-79.5526378074","2008","Westmoreland","final_internal","","3","","3","other","100","","","1","","1","other","100","","","","","","","","","","3","","3","other","100","","","","","","","","","","","","","","",""
"41.7101628-77.53001202---2008","https://mapsengine.google.com/06136759344167181854-00219351362547715467-4/wms/?version=1.3.0","41.7101628013","-77.5300120191","2008","Tioga","final_internal","","3","","3","other","100","","","1","","1","other","100","","","","","","","","","","3","","3","other","100","","","","","","","","","","","","","","",""
"41.67517523-76.78445786---2005","https://mapsengine.google.com/06136759344167181854-15960346301379896183-4/wms/?version=1.3.0","41.6751752286","-76.7844578592","2005","Bradford","final_internal","","3","","3","other","100","","","1","","1","other","100","","","3","","3","other","100","","","3","","3","other","100","","","","","","","","","","","","","","",""
"40.2489626-80.26468659---2010","https://mapsengine.google.com/06136759344167181854-06191489742681286724-4/wms/?version=1.3.0","40.2489626007","-80.2646865948","2010","Washington","sweeper_internal","","1","","1","other","100","","4","4","2","10","fracking|other","","40|40","","","","","","","","","","","","","","","","1","","1","other","100","","","","","","","",""
"41.94797856-76.95425853---2010","https://mapsengine.google.com/06136759344167181854-06191489742681286724-4/wms/?version=1.3.0","41.9479785643","-76.9542585319","2010","Tioga","public","","10","1","11","other","90","","","10","1","11","other","90","","","","","","","","","","","","","","","","","","","","","","","","","","","","",""
"40.51389866-79.18080104---2010","https://mapsengine.google.com/06136759344167181854-06191489742681286724-4/wms/?version=1.3.0","40.5138986608","-79.1808010376","2010","Indiana","sweeper_internal","","1","","1","other","100","","4","10","14","28","unknown","50","","","","","","","","","","","","","","","","","1","","1","other","100","","","","","","","",""
"41.30637336-79.34708387---2010","https://mapsengine.google.com/06136759344167181854-06191489742681286724-4/wms/?version=1.3.0","41.3063733648","-79.3470838658","2010","Clarion","sweeper_internal","1","","","1","fracking","100","","4","2","4","10","fracking|unknown","","40|40","","","","","","","","","","","","","","","1","","","1","fracking","100","","","","","","","",""
"39.83710903-79.87465311---2008","https://mapsengine.google.com/06136759344167181854-00219351362547715467-4/wms/?version=1.3.0","39.837109028","-79.8746531083","2008","Fayette","sweeper_internal","","1","","1","other","100","","1","7","2","10","other","70","","","3","","3","other","100","","","","","","","","","","1","","1","other","100","","","","","","","",""
"41.52164923-76.53894148---2005","https://mapsengine.google.com/06136759344167181854-15960346301379896183-4/wms/?version=1.3.0","41.5216492288","-76.5389414786","2005","Sullivan","final_internal","","3","","3","other","100","","","1","","1","other","100","","","3","","3","other","100","","","3","","3","other","100","","","","","","","","","","","","","","",""
"39.77820593-79.8602039---2005","https://mapsengine.google.com/06136759344167181854-15960346301379896183-4/wms/?version=1.3.0","39.7782059302","-79.8602039038","2005","Fayette","final_internal","","3","","3","other","100","","1","","","1","fracking","100","","","","","","","","","","3","","3","other","100","","","","","","","","","","","","","","",""
"40.29404542-80.38507274---2008","https://mapsengine.google.com/06136759344167181854-00219351362547715467-4/wms/?version=1.3.0","40.2940454241","-80.3850727415","2008","Washington","first_internal","","3","","3","other","100","","","8","","8","other","100","","","3","","3","other","100","","","","","","","","","","","","","","","","","","","","","",""
"40.2780347-80.33908005---2008","https://mapsengine.google.com/06136759344167181854-00219351362547715467-4/wms/?version=1.3.0","40.2780346982","-80.3390800511","2008","Washington","first_internal","","3","","3","other","100","","","8","","8","other","100","","","3","","3","other","100","","","","","","","","","","","","","","","","","","","","","",""
"40.11590929-79.78985063---2005","https://mapsengine.google.com/06136759344167181854-15960346301379896183-4/wms/?version=1.3.0","40.1159092931","-79.789850627","2005","Fayette","final_internal","","3","","3","other","100","","","1","","1","other","100","","","","","","","","","","3","","3","other","100","","","","","","","","","","","","","","",""
"39.86599656-80.01698472---2008","https://mapsengine.google.com/06136759344167181854-00219351362547715467-4/wms/?version=1.3.0","39.8659965559","-80.0169847227","2008","Greene","first_internal","","3","","3","other","100","","","10","","10","other","100","","","3","","3","other","100","","","","","","","","","","","","","","","","","","","","","",""
"40.44754389-79.54672801---2008","https://mapsengine.google.com/06136759344167181854-00219351362547715467-4/wms/?version=1.3.0","40.4475438913","-79.5467280089","2008","Westmoreland","final_internal","","3","","3","other","100","","","1","","1","other","100","","","","","","","","","","3","","3","other","100","","","","","","","","","","","","","","",""
"41.73150184-75.87678062---2010","https://mapsengine.google.com/06136759344167181854-06191489742681286724-4/wms/?version=1.3.0","41.73150184","-75.87678062","2010","Susquehanna","first_internal","","3","","3","other","100","","","12","","12","other","100","","","3","","3","other","100","","","","","","","","","","","","","","","","","","","","","",""
"41.2723764-76.62863136---2010","https://mapsengine.google.com/06136759344167181854-06191489742681286724-4/wms/?version=1.3.0","41.2723764034","-76.6286313647","2010","Lycoming","sweeper_internal","","1","","1","other","100","","1","7","2","10","other","70","","","","","","","","","","","","","","","","","1","","1","other","100","","","","","","","",""
"40.43903423-79.07292307---2010","https://mapsengine.google.com/06136759344167181854-06191489742681286724-4/wms/?version=1.3.0","40.4390342255","-79.0729230681","2010","Indiana","sweeper_internal","1","","","1","fracking","100","","22","4","4","30","fracking","73","","","","","","","","","","","","","","","","1","","","1","fracking","100","","","","","","","",""
"40.78492362-80.03054515---2010","https://mapsengine.google.com/06136759344167181854-06191489742681286724-4/wms/?version=1.3.0","40.7849236166","-80.030545148","2010","Butler","public","","10","","10","other","100","","","10","","10","other","100","","","","","","","","","","","","","","","","","","","","","","","","","","","","",""
"41.77352824-76.85324886---2008","https://mapsengine.google.com/06136759344167181854-00219351362547715467-4/wms/?version=1.3.0","41.7735282355","-76.8532488623","2008","Bradford","final_internal","","3","","3","other","100","","1","","","1","fracking","100","","","3","","3","other","100","","","3","","3","other","100","","","","","","","","","","","","","","",""
"41.69709423-76.44039086---2010","https://mapsengine.google.com/06136759344167181854-06191489742681286724-4/wms/?version=1.3.0","41.69709423","-76.44039086","2010","Bradford","first_internal","","3","","3","other","100","","","10","1","11","other","90","","","3","","3","other","100","","","","","","","","","","","","","","","","","","","","","",""
"41.62716772-76.42702457---2010","https://mapsengine.google.com/06136759344167181854-06191489742681286724-4/wms/?version=1.3.0","41.6271677246","-76.4270245684","2010","Bradford","sweeper_internal","","1","","1","other","100","","8","","5","13","fracking","61","","","2","1","3","other","66","","","","","","","","","","1","","1","other","100","","","","","","","",""
"39.8035491-80.00755916---2005","https://mapsengine.google.com/06136759344167181854-15960346301379896183-4/wms/?version=1.3.0","39.8035490972","-80.0075591598","2005","Greene","final_internal","","3","","3","other","100","","","1","","1","other","100","","","","","","","","","","3","","3","other","100","","","","","","","","","","","","","","",""
"40.23355305-80.31780538---2008","https://mapsengine.google.com/06136759344167181854-00219351362547715467-4/wms/?version=1.3.0","40.2335530496","-80.3178053809","2008","Washington","first_internal","","3","","3","other","100","","","8","","8","other","100","","","3","","3","other","100","","","","","","","","","","","","","","","","","","","","","",""
"41.3077516-76.66889109---2010","https://mapsengine.google.com/06136759344167181854-06191489742681286724-4/wms/?version=1.3.0","41.3077516033","-76.6688910907","2010","Lycoming","public","8","","2","10","fracking","80","","8","","2","10","fracking","80","","","","","","","","","","","","","","","","","","","","","","","","","","","","",""
"41.73922442-75.85595617---2010","https://mapsengine.google.com/06136759344167181854-06191489742681286724-4/wms/?version=1.3.0","41.73922442","-75.85595617","2010","Susquehanna","first_internal","","3","","3","other","100","","","12","","12","other","100","","","3","","3","other","100","","","","","","","","","","","","","","","","","","","","","",""
"41.70824294-75.87581398---2010","https://mapsengine.google.com/06136759344167181854-06191489742681286724-4/wms/?version=1.3.0","41.70824294","-75.87581398","2010","Susquehanna","first_internal","","3","","3","other","100","","","11","","11","other","100","","","3","","3","other","100","","","","","","","","","","","","","","","","","","","","","",""
"41.9326412-77.06218883---2005","https://mapsengine.google.com/06136759344167181854-15960346301379896183-4/wms/?version=1.3.0","41.9326412015","-77.0621888314","2005","Tioga","final_internal","","3","","3","other","100","","","1","","1","other","100","","","","","","","","","","3","","3","other","100","","","","","","","","","","","","","","",""
"39.93335671-80.04609773---2008","https://mapsengine.google.com/06136759344167181854-00219351362547715467-4/wms/?version=1.3.0","39.93335671","-80.0460977277","2008","Greene","first_internal","3","","","3","fracking","100","","10","","","10","fracking","100","","3","","","3","fracking","100","","","","","","","","","","","","","","","","","","","","","",""
"40.11532552-79.79578138---2008","https://mapsengine.google.com/06136759344167181854-00219351362547715467-4/wms/?version=1.3.0","40.1153255168","-79.7957813774","2008","Fayette","first_internal","2","1","","3","fracking","66","","5","","1","6","fracking","83","","2","1","","3","fracking","66","","","","","","","","","","","","","","","","","","","","","",""
"41.66552118-76.73736817---2005","https://mapsengine.google.com/06136759344167181854-15960346301379896183-4/wms/?version=1.3.0","41.6655211837","-76.7373681742","2005","Bradford","final_internal","","3","","3","other","100","","","1","","1","other","100","","","3","","3","other","100","","","3","","3","other","100","","","","","","","","","","","","","","",""
"41.73352136-76.08512811---2005","https://mapsengine.google.com/06136759344167181854-15960346301379896183-4/wms/?version=1.3.0","41.7335213617","-76.0851281059","2005","Susquehanna","final_internal","","3","","3","other","100","","","1","","1","other","100","","","3","","3","other","100","","","3","","3","other","100","","","","","","","","","","","","","","",""
"41.69929322-77.54745456---2010","https://mapsengine.google.com/06136759344167181854-06191489742681286724-4/wms/?version=1.3.0","41.6992932163","-77.5474545598","2010","Tioga","sweeper_internal","1","","","1","fracking","100","","8","","3","11","fracking","72","","","","","","","","","","","","","","","","1","","","1","fracking","100","","","","","","","",""
"41.69597286-77.3170651---2010","https://mapsengine.google.com/06136759344167181854-06191489742681286724-4/wms/?version=1.3.0","41.6959728612","-77.3170650971","2010","Tioga","public","","13","","13","other","100","","","13","","13","other","100","","","","","","","","","","","","","","","","","","","","","","","","","","","","",""
"41.05471465-77.91075993---2010","https://mapsengine.google.com/06136759344167181854-06191489742681286724-4/wms/?version=1.3.0","41.0547146461","-77.9107599324","2010","Centre","public","","10","1","11","other","90","","","10","1","11","other","90","","","","","","","","","","","","","","","","","","","","","","","","","","","","",""
"41.13421384-79.75391665---2005","https://mapsengine.google.com/06136759344167181854-15960346301379896183-4/wms/?version=1.3.0","41.1342138418","-79.7539166478","2005","Butler","final_internal","","3","","3","other","100","","","1","","1","other","100","","","","","","","","","","3","","3","other","100","","","","","","","","","","","","","","",""
"39.86630486-79.99378743---2010","https://mapsengine.google.com/06136759344167181854-06191489742681286724-4/wms/?version=1.3.0","39.8663048646","-79.9937874332","2010","Greene","public","","10","","10","other","100","","","10","","10","other","100","","","","","","","","","","","","","","","","","","","","","","","","","","","","",""
"39.73117504-79.95703464---2008","https://mapsengine.google.com/06136759344167181854-00219351362547715467-4/wms/?version=1.3.0","39.7311750444","-79.9570346428","2008","Greene","sweeper_internal","","1","","1","other","100","","4","4","2","10","fracking|other","","40|40","","3","","3","other","100","","","","","","","","","","1","","1","other","100","","","","","","","",""
"39.80852651-80.41211427---2008","https://mapsengine.google.com/06136759344167181854-00219351362547715467-4/wms/?version=1.3.0","39.8085265126","-80.4121142659","2008","Greene","first_internal","","3","","3","other","100","","","9","1","10","other","90","","","3","","3","other","100","","","","","","","","","","","","","","","","","","","","","",""
"41.71642784-76.42974909---2008","https://mapsengine.google.com/06136759344167181854-00219351362547715467-4/wms/?version=1.3.0","41.7164278445","-76.4297490921","2008","Bradford","final_internal","","3","","3","other","100","","","1","","1","other","100","","","3","","3","other","100","","","3","","3","other","100","","","","","","","","","","","","","","",""
"41.42957454-77.13460591---2010","https://mapsengine.google.com/06136759344167181854-06191489742681286724-4/wms/?version=1.3.0","41.4295745377","-77.1346059073","2010","Lycoming","public","","10","","10","other","100","","","10","","10","other","100","","","","","","","","","","","","","","","","","","","","","","","","","","","","",""
"40.81189214-80.03553152---2010","https://mapsengine.google.com/06136759344167181854-06191489742681286724-4/wms/?version=1.3.0","40.8118921431","-80.0355315177","2010","Butler","public","","20","","20","other","100","","","20","","20","other","100","","","","","","","","","","","","","","","","","","","","","","","","","","","","",""
"40.7054805-79.40973626---2010","https://mapsengine.google.com/06136759344167181854-06191489742681286724-4/wms/?version=1.3.0","40.7054805002","-79.4097362605","2010","Armstrong","sweeper_internal","","1","","1","other","100","","7","2","1","10","fracking","70","","","","","","","","","","","","","","","","","1","","1","other","100","","","","","","","",""
"41.75489043-77.03745637---2005","https://mapsengine.google.com/06136759344167181854-15960346301379896183-4/wms/?version=1.3.0","41.7548904314","-77.0374563714","2005","Tioga","missing_internal","","1","","1","other","100","","","","","","fracking|unknown|other","","","","","","","","","","","","","","","","","","","","","","","","","1","","1","other","100",""
"41.6477293-76.03415845---2010","https://mapsengine.google.com/06136759344167181854-06191489742681286724-4/wms/?version=1.3.0","41.6477293","-76.03415845","2010","Susquehanna","first_internal","","3","","3","other","100","","","11","","11","other","100","","","3","","3","other","100","","","","","","","","","","","","","","","","","","","","","",""
"40.24134263-80.27330251---2008","https://mapsengine.google.com/06136759344167181854-00219351362547715467-4/wms/?version=1.3.0","40.2413426265","-80.2733025121","2008","Washington","first_internal","","3","","3","other","100","","1","5","2","8","other","62","","","3","","3","other","100","","","","","","","","","","","","","","","","","","","","","",""
"41.64767793-76.03401291---2005","https://mapsengine.google.com/06136759344167181854-15960346301379896183-4/wms/?version=1.3.0","41.6476779298","-76.0340129088","2005","Susquehanna","final_internal","","3","","3","other","100","","","","1","1","unknown","100","","","3","","3","other","100","","","3","","3","other","100","","","","","","","","","","","","","","",""
"41.80023996-77.24849097---2005","https://mapsengine.google.com/06136759344167181854-15960346301379896183-4/wms/?version=1.3.0","41.8002399589","-77.2484909661","2005","Tioga","final_internal","","3","","3","other","100","","1","","","1","fracking","100","","","","","","","","","","3","","3","other","100","","","","","","","","","","","","","","",""
"39.87328066-79.96668501---2005","https://mapsengine.google.com/06136759344167181854-15960346301379896183-4/wms/?version=1.3.0","39.8732806643","-79.9666850116","2005","Greene","final_internal","","3","","3","other","100","","","1","","1","other","100","","","","","","","","","","3","","3","other","100","","","","","","","","","","","","","","",""
"41.80286352-77.29335587---2005","https://mapsengine.google.com/06136759344167181854-15960346301379896183-4/wms/?version=1.3.0","41.8028635246","-77.2933558696","2005","Tioga","missing_internal","","1","","1","other","100","","","","","","fracking|unknown|other","","","","","","","","","","","","","","","","","","","","","","","","","1","","1","other","100",""
"40.78289596-79.50409419---2010","https://mapsengine.google.com/06136759344167181854-06191489742681286724-4/wms/?version=1.3.0","40.7828959589","-79.5040941944","2010","Armstrong","public","9","","1","10","fracking","90","","9","","1","10","fracking","90","","","","","","","","","","","","","","","","","","","","","","","","","","","","",""
"41.66784811-75.67431673---2010","https://mapsengine.google.com/06136759344167181854-06191489742681286724-4/wms/?version=1.3.0","41.66784811","-75.67431673","2010","Susquehanna","first_internal","","3","","3","other","100","","","10","","10","other","100","","","3","","3","other","100","","","","","","","","","","","","","","","","","","","","","",""
"39.82925858-80.49425289---2005","https://mapsengine.google.com/06136759344167181854-15960346301379896183-4/wms/?version=1.3.0","39.8292585801","-80.4942528928","2005","Greene","final_internal","","3","","3","other","100","","","1","","1","other","100","","","","","","","","","","3","","3","other","100","","","","","","","","","","","","","","",""
"40.08096283-79.71307238---2008","https://mapsengine.google.com/06136759344167181854-00219351362547715467-4/wms/?version=1.3.0","40.0809628272","-79.7130723788","2008","Fayette","first_internal","","3","","3","other","100","","","6","","6","other","100","","","3","","3","other","100","","","","","","","","","","","","","","","","","","","","","",""
"39.90402591-79.99489588---2008","https://mapsengine.google.com/06136759344167181854-00219351362547715467-4/wms/?version=1.3.0","39.9040259132","-79.9948958783","2008","Greene","first_internal","","3","","3","other","100","","1","9","","10","other","90","","","3","","3","other","100","","","","","","","","","","","","","","","","","","","","","",""
"41.04648878-79.3463486---2010","https://mapsengine.google.com/06136759344167181854-06191489742681286724-4/wms/?version=1.3.0","41.0464887776","-79.3463486","2010","Clarion","sweeper_internal","1","","","1","fracking","100","","3","4","3","10","other","40","","","","","","","","","","","","","","","","1","","","1","fracking","100","","","","","","","",""
"41.76802763-79.45503671---2010","https://mapsengine.google.com/06136759344167181854-06191489742681286724-4/wms/?version=1.3.0","41.7680276331","-79.455036705","2010","Warren","public","","10","","10","other","100","","","10","","10","other","100","","","","","","","","","","","","","","","","","","","","","","","","","","","","",""
"41.72493196-76.78195564---2010","https://mapsengine.google.com/06136759344167181854-06191489742681286724-4/wms/?version=1.3.0","41.72493196","-76.78195564","2010","Bradford","first_internal","3","","","3","fracking","100","","13","","","13","fracking","100","","3","","","3","fracking","100","","","","","","","","","","","","","","","","","","","","","",""
"41.86745444-76.85195777---2005","https://mapsengine.google.com/06136759344167181854-15960346301379896183-4/wms/?version=1.3.0","41.8674544437","-76.8519577656","2005","Bradford","final_internal","","3","","3","other","100","","","1","","1","other","100","","","3","","3","other","100","","","3","","3","other","100","","","","","","","","","","","","","","",""
"39.93995222-78.8974408---2010","https://mapsengine.google.com/06136759344167181854-06191489742681286724-4/wms/?version=1.3.0","39.9399522235","-78.8974407953","2010","Somerset","sweeper_internal","","1","","1","other","100","","1","10","2","13","other","76","","","","","","","","","","","","","","","","","1","","1","other","100","","","","","","","",""
"41.7423557-77.04309227---2005","https://mapsengine.google.com/06136759344167181854-15960346301379896183-4/wms/?version=1.3.0","41.742355704","-77.043092267","2005","Tioga","missing_internal","","1","","1","other","100","","","","","","fracking|unknown|other","","","","","","","","","","","","","","","","","","","","","","","","","1","","1","other","100",""
"41.710542-75.92414144---2005","https://mapsengine.google.com/06136759344167181854-15960346301379896183-4/wms/?version=1.3.0","41.7105419963","-75.9241414437","2005","Susquehanna","final_internal","","3","","3","other","100","","","1","","1","other","100","","","3","","3","other","100","","","3","","3","other","100","","","","","","","","","","","","","","",""
"39.88437756-79.99975112---2005","https://mapsengine.google.com/06136759344167181854-15960346301379896183-4/wms/?version=1.3.0","39.884377556","-79.9997511214","2005","Greene","final_internal","","3","","3","other","100","","","1","","1","other","100","","","","","","","","","","3","","3","other","100","","","","","","","","","","","","","","",""
"40.35358347-78.56591088---2010","https://mapsengine.google.com/06136759344167181854-06191489742681286724-4/wms/?version=1.3.0","40.353583465","-78.5659108817","2010","Blair","public","9","","1","10","fracking","90","","9","","1","10","fracking","90","","","","","","","","","","","","","","","","","","","","","","","","","","","","",""
"40.2261795-79.76555133---2008","https://mapsengine.google.com/06136759344167181854-00219351362547715467-4/wms/?version=1.3.0","40.2261794993","-79.7655513265","2008","Westmoreland","first_internal","","4","","4","other","100","","","1","","1","other","100","","","4","","4","other","100","","","","","","","","","","","","","","","","","","","","","",""
"41.69739527-76.99485918---2010","https://mapsengine.google.com/06136759344167181854-06191489742681286724-4/wms/?version=1.3.0","41.6973952691","-76.9948591776","2010","Tioga","public","","11","1","12","other","91","","","11","1","12","other","91","","","","","","","","","","","","","","","","","","","","","","","","","","","","",""
"41.70142613-76.45394408---2010","https://mapsengine.google.com/06136759344167181854-06191489742681286724-4/wms/?version=1.3.0","41.70142613","-76.45394408","2010","Bradford","first_internal","","3","","3","other","100","","1","14","1","16","other","87","","","3","","3","other","100","","","","","","","","","","","","","","","","","","","","","",""
"40.23252562-80.33612762---2010","https://mapsengine.google.com/06136759344167181854-06191489742681286724-4/wms/?version=1.3.0","40.2325256228","-80.3361276211","2010","Washington","public","1","9","","10","other","90","","1","9","","10","other","90","","","","","","","","","","","","","","","","","","","","","","","","","","","","",""
"41.64729485-76.31915932---2010","https://mapsengine.google.com/06136759344167181854-06191489742681286724-4/wms/?version=1.3.0","41.64729485","-76.31915932","2010","Bradford","first_internal","","3","","3","other","100","","","10","","10","other","100","","","3","","3","other","100","","","","","","","","","","","","","","","","","","","","","",""
"41.71830778-77.3291005---2008","https://mapsengine.google.com/06136759344167181854-00219351362547715467-4/wms/?version=1.3.0","41.7183077779","-77.3291004977","2008","Tioga","final_internal","","3","","3","other","100","","","1","","1","other","100","","","","","","","","","","3","","3","other","100","","","","","","","","","","","","","","",""
"41.69003421-76.05852671---2008","https://mapsengine.google.com/06136759344167181854-00219351362547715467-4/wms/?version=1.3.0","41.690034205","-76.0585267142","2008","Susquehanna","final_internal","","3","","3","other","100","","","1","","1","other","100","","","3","","3","other","100","","","3","","3","other","100","","","","","","","","","","","","","","",""
"41.6960091-77.31720409---2005","https://mapsengine.google.com/06136759344167181854-15960346301379896183-4/wms/?version=1.3.0","41.6960091002","-77.3172040894","2005","Tioga","missing_internal","","1","","1","other","100","","","","","","fracking|unknown|other","","","","","","","","","","","","","","","","","","","","","","","","","1","","1","other","100",""
"39.9443759-79.87854897---2010","https://mapsengine.google.com/06136759344167181854-06191489742681286724-4/wms/?version=1.3.0","39.944375895","-79.878548968","2010","Fayette","public","","10","","10","other","100","","","10","","10","other","100","","","","","","","","","","","","","","","","","","","","","","","","","","","","",""
"40.63006236-79.36724996---2010","https://mapsengine.google.com/06136759344167181854-06191489742681286724-4/wms/?version=1.3.0","40.6300623591","-79.3672499583","2010","Armstrong","sweeper_internal","1","","","1","fracking","100","","3","8","","11","other","72","","","","","","","","","","","","","","","","1","","","1","fracking","100","","","","","","","",""
"41.68485948-76.65009639---2010","https://mapsengine.google.com/06136759344167181854-06191489742681286724-4/wms/?version=1.3.0","41.68485948","-76.65009639","2010","Bradford","first_internal","","3","","3","other","100","","","10","","10","other","100","","","3","","3","other","100","","","","","","","","","","","","","","","","","","","","","",""
"40.87616469-79.56634818---2010","https://mapsengine.google.com/06136759344167181854-06191489742681286724-4/wms/?version=1.3.0","40.8761646907","-79.5663481826","2010","Armstrong","public","1","9","","10","other","90","","1","9","","10","other","90","","","","","","","","","","","","","","","","","","","","","","","","","","","","",""
"41.72997882-75.88403543---2005","https://mapsengine.google.com/06136759344167181854-15960346301379896183-4/wms/?version=1.3.0","41.7299788194","-75.884035426","2005","Susquehanna","final_internal","1","3","","4","other","75","","","1","","1","other","100","","","3","","3","other","100","","1","3","","4","other","75","","","","","","","","","","","","","","",""
"40.25616134-80.38658425---2010","https://mapsengine.google.com/06136759344167181854-06191489742681286724-4/wms/?version=1.3.0","40.2561613368","-80.3865842504","2010","Washington","public","","10","","10","other","100","","","10","","10","other","100","","","","","","","","","","","","","","","","","","","","","","","","","","","","",""
"41.93099589-76.95814861---2010","https://mapsengine.google.com/06136759344167181854-06191489742681286724-4/wms/?version=1.3.0","41.9309958865","-76.9581486141","2010","Tioga","sweeper_internal","","1","","1","other","100","","4","2","6","12","unknown","50","","","","","","","","","","","","","","","","","1","","1","other","100","","","","","","","",""
"41.77549996-78.14869947---2010","https://mapsengine.google.com/06136759344167181854-06191489742681286724-4/wms/?version=1.3.0","41.7754999558","-78.148699472","2010","Potter","public","","11","","11","other","100","","","11","","11","other","100","","","","","","","","","","","","","","","","","","","","","","","","","","","","",""
"40.28267091-80.31924444---2010","https://mapsengine.google.com/06136759344167181854-06191489742681286724-4/wms/?version=1.3.0","40.2826709145","-80.3192444405","2010","Washington","public","","10","","10","other","100","","","10","","10","other","100","","","","","","","","","","","","","","","","","","","","","","","","","","","","",""
"41.86412316-76.01847934---2010","https://mapsengine.google.com/06136759344167181854-06191489742681286724-4/wms/?version=1.3.0","41.86412316","-76.01847934","2010","Susquehanna","first_internal","","3","","3","other","100","","","12","1","13","other","92","","","3","","3","other","100","","","","","","","","","","","","","","","","","","","","","",""
"41.89998711-77.36475844---2010","https://mapsengine.google.com/06136759344167181854-06191489742681286724-4/wms/?version=1.3.0","41.8999871147","-77.3647584405","2010","Tioga","public","","10","","10","other","100","","","10","","10","other","100","","","","","","","","","","","","","","","","","","","","","","","","","","","","",""
"41.87621227-76.27165298---2005","https://mapsengine.google.com/06136759344167181854-15960346301379896183-4/wms/?version=1.3.0","41.8762122674","-76.2716529826","2005","Bradford","final_internal","","3","","3","other","100","","","1","","1","other","100","","","3","","3","other","100","","","3","","3","other","100","","","","","","","","","","","","","","",""
"41.6159839-76.97714672---2008","https://mapsengine.google.com/06136759344167181854-00219351362547715467-4/wms/?version=1.3.0","41.6159838965","-76.9771467227","2008","Tioga","final_internal","","3","","3","other","100","","","1","","1","other","100","","","","","","","","","","3","","3","other","100","","","","","","","","","","","","","","",""
"41.68846892-77.26919332---2010","https://mapsengine.google.com/06136759344167181854-06191489742681286724-4/wms/?version=1.3.0","41.6884689233","-77.2691933217","2010","Tioga","public","","11","","11","other","100","","","11","","11","other","100","","","","","","","","","","","","","","","","","","","","","","","","","","","","",""
"41.89526657-77.37921336---2010","https://mapsengine.google.com/06136759344167181854-06191489742681286724-4/wms/?version=1.3.0","41.8952665662","-77.3792133592","2010","Tioga","sweeper_internal","","1","","1","other","100","","2","4","5","11","unknown","45","","","","","","","","","","","","","","","","","1","","1","other","100","","","","","","","",""
"41.57898294-76.03865911---2010","https://mapsengine.google.com/06136759344167181854-06191489742681286724-4/wms/?version=1.3.0","41.5789829401","-76.0386591114","2010","Wyoming","sweeper_internal","","1","","1","other","100","","3","7","","10","other","70","","","1","2","3","unknown","66","","","","","","","","","","1","","1","other","100","","","","","","","",""
"39.89320437-80.12903667---2010","https://mapsengine.google.com/06136759344167181854-06191489742681286724-4/wms/?version=1.3.0","39.8932043691","-80.129036666","2010","Greene","public","1","11","1","13","other","84","","1","11","1","13","other","84","","","","","","","","","","","","","","","","","","","","","","","","","","","","",""
"40.91695289-79.9640106---2010","https://mapsengine.google.com/06136759344167181854-06191489742681286724-4/wms/?version=1.3.0","40.9169528948","-79.9640106042","2010","Butler","public","","15","2","17","other","88","","","15","2","17","other","88","","","","","","","","","","","","","","","","","","","","","","","","","","","","",""
"41.85387722-76.69871383---2010","https://mapsengine.google.com/06136759344167181854-06191489742681286724-4/wms/?version=1.3.0","41.85387722","-76.69871383","2010","Bradford","first_internal","","3","","3","other","100","","2","8","","10","other","80","","","3","","3","other","100","","","","","","","","","","","","","","","","","","","","","",""
"41.73967005-76.05617638---2005","https://mapsengine.google.com/06136759344167181854-15960346301379896183-4/wms/?version=1.3.0","41.739670047","-76.0561763796","2005","Susquehanna","final_internal","","3","","3","other","100","","","1","","1","other","100","","","3","","3","other","100","","","3","","3","other","100","","","","","","","","","","","","","","",""
"40.15173584-80.41607484---2010","https://mapsengine.google.com/06136759344167181854-06191489742681286724-4/wms/?version=1.3.0","40.1517358392","-80.4160748426","2010","Washington","sweeper_internal","","1","","1","other","100","","5","5","","10","fracking|other","","50|50","","","","","","","","","","","","","","","","1","","1","other","100","","","","","","","",""
"40.27674941-80.30414981---2005","https://mapsengine.google.com/06136759344167181854-15960346301379896183-4/wms/?version=1.3.0","40.2767494148","-80.3041498105","2005","Washington","final_internal","","3","","3","other","100","","","1","","1","other","100","","","","","","","","","","3","","3","other","100","","","","","","","","","","","","","","",""
"40.25845157-80.24803874---2008","https://mapsengine.google.com/06136759344167181854-00219351362547715467-4/wms/?version=1.3.0","40.2584515716","-80.2480387381","2008","Washington","first_internal","","2","1","3","other","66","","5","3","","8","fracking","62","","","2","1","3","other","66","","","","","","","","","","","","","","","","","","","","","",""
"40.15608414-80.41718299---2010","https://mapsengine.google.com/06136759344167181854-06191489742681286724-4/wms/?version=1.3.0","40.1560841415","-80.4171829905","2010","Washington","public","","10","","10","other","100","","","10","","10","other","100","","","","","","","","","","","","","","","","","","","","","","","","","","","","",""
"41.69780934-76.7289983---2010","https://mapsengine.google.com/06136759344167181854-06191489742681286724-4/wms/?version=1.3.0","41.69780934","-76.7289983","2010","Bradford","first_internal","","3","","3","other","100","","","12","","12","other","100","","","3","","3","other","100","","","","","","","","","","","","","","","","","","","","","",""
"41.71742384-76.05589393---2008","https://mapsengine.google.com/06136759344167181854-00219351362547715467-4/wms/?version=1.3.0","41.71742384","-76.0558939295","2008","Susquehanna","final_internal","","3","","3","other","100","","","1","","1","other","100","","","3","","3","other","100","","","3","","3","other","100","","","","","","","","","","","","","","",""
"41.73479325-76.56870142---2008","https://mapsengine.google.com/06136759344167181854-00219351362547715467-4/wms/?version=1.3.0","41.7347932474","-76.568701416","2008","Bradford","final_internal","","3","","3","other","100","","","1","","1","other","100","","","3","","3","other","100","","","3","","3","other","100","","","","","","","","","","","","","","",""
"41.99156272-77.02208304---2008","https://mapsengine.google.com/06136759344167181854-00219351362547715467-4/wms/?version=1.3.0","41.9915627208","-77.0220830374","2008","Tioga","final_internal","","3","","3","other","100","","","1","","1","other","100","","","","","","","","","","3","","3","other","100","","","","","","","","","","","","","","",""
"40.0957218-79.80687819---2008","https://mapsengine.google.com/06136759344167181854-00219351362547715467-4/wms/?version=1.3.0","40.0957218005","-79.8068781923","2008","Fayette","sweeper_internal","","1","","1","other","100","","4","3","3","10","fracking","40","","1","2","","3","other","66","","","","","","","","","","1","","1","other","100","","","","","","","",""
"39.9866159-80.27974701---2010","https://mapsengine.google.com/06136759344167181854-06191489742681286724-4/wms/?version=1.3.0","39.9866158963","-80.2797470055","2010","Greene","sweeper_internal","","1","","1","other","100","","7","3","","10","fracking","70","","","","","","","","","","","","","","","","","1","","1","other","100","","","","","","","",""
"41.77519041-75.92737528---2008","https://mapsengine.google.com/06136759344167181854-00219351362547715467-4/wms/?version=1.3.0","41.7751904075","-75.9273752848","2008","Susquehanna","final_internal","","3","","3","other","100","","","1","","1","other","100","","","3","","3","other","100","","","3","","3","other","100","","","","","","","","","","","","","","",""
"41.74328642-75.88835917---2008","https://mapsengine.google.com/06136759344167181854-00219351362547715467-4/wms/?version=1.3.0","41.7432864176","-75.8883591736","2008","Susquehanna","final_internal","","3","","3","other","100","","","1","","1","other","100","","","3","","3","other","100","","","3","","3","other","100","","","","","","","","","","","","","","",""
"40.79500868-78.62128866---2010","https://mapsengine.google.com/06136759344167181854-06191489742681286724-4/wms/?version=1.3.0","40.7950086803","-78.6212886603","2010","Clearfield","public","","14","","14","other","100","","","14","","14","other","100","","","","","","","","","","","","","","","","","","","","","","","","","","","","",""
"41.74454049-77.04968954---2008","https://mapsengine.google.com/06136759344167181854-00219351362547715467-4/wms/?version=1.3.0","41.7445404873","-77.0496895421","2008","Tioga","final_internal","","3","","3","other","100","","","1","","1","other","100","","","","","","","","","","3","","3","other","100","","","","","","","","","","","","","","",""
"41.78067227-76.33393854---2008","https://mapsengine.google.com/06136759344167181854-00219351362547715467-4/wms/?version=1.3.0","41.7806722738","-76.3339385371","2008","Bradford","final_internal","","3","","3","other","100","","","1","","1","other","100","","","3","","3","other","100","","","3","","3","other","100","","","","","","","","","","","","","","",""
"40.35421639-78.56969745---2010","https://mapsengine.google.com/06136759344167181854-06191489742681286724-4/wms/?version=1.3.0","40.3542163908","-78.5696974505","2010","Blair","public","","10","","10","other","100","","","10","","10","other","100","","","","","","","","","","","","","","","","","","","","","","","","","","","","",""
"41.7182321-75.93754804---2010","https://mapsengine.google.com/06136759344167181854-06191489742681286724-4/wms/?version=1.3.0","41.7182321","-75.93754804","2010","Susquehanna","first_internal","","3","","3","other","100","","","10","","10","other","100","","","3","","3","other","100","","","","","","","","","","","","","","","","","","","","","",""
"41.83758522-77.00786224---2010","https://mapsengine.google.com/06136759344167181854-06191489742681286724-4/wms/?version=1.3.0","41.8375852151","-77.0078622426","2010","Tioga","public","","14","","14","other","100","","","14","","14","other","100","","","","","","","","","","","","","","","","","","","","","","","","","","","","",""
"41.72931919-75.94626353---2008","https://mapsengine.google.com/06136759344167181854-00219351362547715467-4/wms/?version=1.3.0","41.7293191898","-75.9462635277","2008","Susquehanna","final_internal","","3","","3","other","100","","","1","","1","other","100","","","3","","3","other","100","","","3","","3","other","100","","","","","","","","","","","","","","",""
"41.88502388-75.66823493---2010","https://mapsengine.google.com/06136759344167181854-06191489742681286724-4/wms/?version=1.3.0","41.88502388","-75.66823493","2010","Susquehanna","first_internal","","3","","3","other","100","","","10","","10","other","100","","","3","","3","other","100","","","","","","","","","","","","","","","","","","","","","",""
"41.73861576-76.08909372---2010","https://mapsengine.google.com/06136759344167181854-06191489742681286724-4/wms/?version=1.3.0","41.73861576","-76.08909372","2010","Susquehanna","first_internal","","3","","3","other","100","","","10","","10","other","100","","","3","","3","other","100","","","","","","","","","","","","","","","","","","","","","",""
"40.26847449-80.24608042---2005","https://mapsengine.google.com/06136759344167181854-15960346301379896183-4/wms/?version=1.3.0","40.2684744924","-80.2460804172","2005","Washington","final_internal","","3","","3","other","100","","","1","","1","other","100","","","","","","","","","","3","","3","other","100","","","","","","","","","","","","","","",""
"41.73098756-76.00392095---2008","https://mapsengine.google.com/06136759344167181854-00219351362547715467-4/wms/?version=1.3.0","41.7309875566","-76.003920953","2008","Susquehanna","final_internal","","3","","3","other","100","","","1","","1","other","100","","","3","","3","other","100","","","3","","3","other","100","","","","","","","","","","","","","","",""
"41.82036364-77.04710825---2005","https://mapsengine.google.com/06136759344167181854-15960346301379896183-4/wms/?version=1.3.0","41.8203636355","-77.0471082506","2005","Tioga","missing_internal","","1","","1","other","100","","","","","","fracking|unknown|other","","","","","","","","","","","","","","","","","","","","","","","","","1","","1","other","100",""
"41.29424872-78.91736068---2010","https://mapsengine.google.com/06136759344167181854-06191489742681286724-4/wms/?version=1.3.0","41.2942487242","-78.9173606812","2010","Jefferson","public","","10","","10","other","100","","","10","","10","other","100","","","","","","","","","","","","","","","","","","","","","","","","","","","","",""
"41.71924675-75.86901276---2005","https://mapsengine.google.com/06136759344167181854-15960346301379896183-4/wms/?version=1.3.0","41.7192467513","-75.869012757","2005","Susquehanna","final_internal","","3","","3","other","100","","","1","","1","other","100","","","3","","3","other","100","","","3","","3","other","100","","","","","","","","","","","","","","",""
"40.25432965-80.24878436---2008","https://mapsengine.google.com/06136759344167181854-00219351362547715467-4/wms/?version=1.3.0","40.2543296516","-80.2487843597","2008","Washington","first_internal","2","","1","3","fracking","66","","10","","","10","fracking","100","","2","","1","3","fracking","66","","","","","","","","","","","","","","","","","","","","","",""
"41.93409684-75.46708038---2005","https://mapsengine.google.com/06136759344167181854-15960346301379896183-4/wms/?version=1.3.0","41.9340968443","-75.4670803818","2005","Wayne","final_internal","","3","","3","other","100","","","1","","1","other","100","","","3","","3","other","100","","","3","","3","other","100","","","","","","","","","","","","","","",""
"41.57920797-78.82324635---2010","https://mapsengine.google.com/06136759344167181854-06191489742681286724-4/wms/?version=1.3.0","41.5792079655","-78.8232463464","2010","Elk","public","","11","","11","other","100","","","11","","11","other","100","","","","","","","","","","","","","","","","","","","","","","","","","","","","",""
"41.75446028-75.89964134---2005","https://mapsengine.google.com/06136759344167181854-15960346301379896183-4/wms/?version=1.3.0","41.7544602792","-75.8996413431","2005","Susquehanna","final_internal","","3","","3","other","100","","","1","","1","other","100","","","3","","3","other","100","","","3","","3","other","100","","","","","","","","","","","","","","",""
"41.58710494-78.83718109---2005","https://mapsengine.google.com/06136759344167181854-15960346301379896183-4/wms/?version=1.3.0","41.5871049406","-78.8371810907","2005","Elk","final_internal","","3","","3","other","100","","","1","","1","other","100","","","","","","","","","","3","","3","other","100","","","","","","","","","","","","","","",""
"40.52328109-79.18417743---2010","https://mapsengine.google.com/06136759344167181854-06191489742681286724-4/wms/?version=1.3.0","40.5232810941","-79.184177429","2010","Indiana","sweeper_internal","","1","","1","other","100","","8","15","7","30","other","50","","","","","","","","","","","","","","","","","1","","1","other","100","","","","","","","",""
"40.64888237-79.77792921---2010","https://mapsengine.google.com/06136759344167181854-06191489742681286724-4/wms/?version=1.3.0","40.64888237","-79.77792921","2010","Allegheny","first_internal","3","","","3","fracking","100","","8","","2","10","fracking","80","","3","","","3","fracking","100","","","","","","","","","","","","","","","","","","","","","",""
"40.25417255-80.32070735---2010","https://mapsengine.google.com/06136759344167181854-06191489742681286724-4/wms/?version=1.3.0","40.2541725456","-80.3207073523","2010","Washington","sweeper_internal","","1","","1","other","100","","1","5","4","10","other","50","","","","","","","","","","","","","","","","","1","","1","other","100","","","","","","","",""
"40.22279497-79.71036452---2008","https://mapsengine.google.com/06136759344167181854-00219351362547715467-4/wms/?version=1.3.0","40.2227949714","-79.7103645153","2008","Westmoreland","first_internal","1","2","","3","other","66","","1","","","1","fracking","100","","1","2","","3","other","66","","","","","","","","","","","","","","","","","","","","","",""
"39.80010157-80.40009483---2008","https://mapsengine.google.com/06136759344167181854-00219351362547715467-4/wms/?version=1.3.0","39.8001015739","-80.4000948334","2008","Greene","first_internal","","3","","3","other","100","","","10","","10","other","100","","","3","","3","other","100","","","","","","","","","","","","","","","","","","","","","",""
"40.17827756-80.40646303---2008","https://mapsengine.google.com/06136759344167181854-00219351362547715467-4/wms/?version=1.3.0","40.1782775604","-80.4064630287","2008","Washington","first_internal","3","","","3","fracking","100","","9","1","","10","fracking","90","","3","","","3","fracking","100","","","","","","","","","","","","","","","","","","","","","",""
"41.78082095-76.30458611---2008","https://mapsengine.google.com/06136759344167181854-00219351362547715467-4/wms/?version=1.3.0","41.780820954","-76.3045861062","2008","Bradford","final_internal","","3","","3","other","100","","","1","","1","other","100","","","3","","3","other","100","","","3","","3","other","100","","","","","","","","","","","","","","",""
"41.72438704-76.172563---2008","https://mapsengine.google.com/06136759344167181854-00219351362547715467-4/wms/?version=1.3.0","41.7243870402","-76.1725630036","2008","Bradford","final_internal","","3","","3","other","100","","","1","","1","other","100","","","3","","3","other","100","","","3","","3","other","100","","","","","","","","","","","","","","",""
"40.09871592-79.79074367---2008","https://mapsengine.google.com/06136759344167181854-00219351362547715467-4/wms/?version=1.3.0","40.0987159201","-79.7907436725","2008","Fayette","sweeper_internal","","1","","1","other","100","","1","6","3","10","other","60","","","3","","3","other","100","","","","","","","","","","1","","1","other","100","","","","","","","",""
"40.39933694-80.48678576---2008","https://mapsengine.google.com/06136759344167181854-00219351362547715467-4/wms/?version=1.3.0","40.399336936","-80.4867857557","2008","Washington","first_internal","","3","","3","other","100","","","8","","8","other","100","","","3","","3","other","100","","","","","","","","","","","","","","","","","","","","","",""
"41.54415772-77.1006792---2008","https://mapsengine.google.com/06136759344167181854-00219351362547715467-4/wms/?version=1.3.0","41.5441577196","-77.1006792","2008","Lycoming","final_internal","","3","","3","other","100","","","","1","1","unknown","100","","","","","","","","","","3","","3","other","100","","","","","","","","","","","","","","",""
"41.68992597-76.78237715---2010","https://mapsengine.google.com/06136759344167181854-06191489742681286724-4/wms/?version=1.3.0","41.68992597","-76.78237715","2010","Bradford","first_internal","","3","","3","other","100","","","10","","10","other","100","","","3","","3","other","100","","","","","","","","","","","","","","","","","","","","","",""
"41.57844349-76.02902449---2010","https://mapsengine.google.com/06136759344167181854-06191489742681286724-4/wms/?version=1.3.0","41.578443488","-76.0290244882","2010","Wyoming","sweeper_internal","","1","","1","other","100","","4","3","3","10","fracking","40","","1","","2","3","unknown","66","","","","","","","","","","1","","1","other","100","","","","","","","",""
"41.062573-77.89869844---2010","https://mapsengine.google.com/06136759344167181854-06191489742681286724-4/wms/?version=1.3.0","41.0625729985","-77.8986984426","2010","Centre","public","","11","","11","other","100","","","11","","11","other","100","","","","","","","","","","","","","","","","","","","","","","","","","","","","",""
"40.8856096-79.79588049---2008","https://mapsengine.google.com/06136759344167181854-00219351362547715467-4/wms/?version=1.3.0","40.8856095974","-79.795880492","2008","Butler","first_internal","","3","","3","other","100","","","2","","2","other","100","","","3","","3","other","100","","","","","","","","","","","","","","","","","","","","","",""
"40.83081513-79.67764309---2010","https://mapsengine.google.com/06136759344167181854-06191489742681286724-4/wms/?version=1.3.0","40.8308151265","-79.677643095","2010","Armstrong","sweeper_internal","","1","","1","other","100","","3","5","2","10","other","50","","","","","","","","","","","","","","","","","1","","1","other","100","","","","","","","",""
"41.69952411-75.90407253---2010","https://mapsengine.google.com/06136759344167181854-06191489742681286724-4/wms/?version=1.3.0","41.69952411","-75.90407253","2010","Susquehanna","first_internal","","3","","3","other","100","","","11","","11","other","100","","","3","","3","other","100","","","","","","","","","","","","","","","","","","","","","",""
"41.42953598-77.21356004---2008","https://mapsengine.google.com/06136759344167181854-00219351362547715467-4/wms/?version=1.3.0","41.4295359837","-77.2135600445","2008","Lycoming","final_internal","","3","","3","other","100","","","1","","1","other","100","","","","","","","","","","3","","3","other","100","","","","","","","","","","","","","","",""
"39.95207325-80.09204552---2010","https://mapsengine.google.com/06136759344167181854-06191489742681286724-4/wms/?version=1.3.0","39.9520732495","-80.0920455245","2010","Greene","public","10","","","10","fracking","100","","10","","","10","fracking","100","","","","","","","","","","","","","","","","","","","","","","","","","","","","",""
"41.72211661-76.2694---2010","https://mapsengine.google.com/06136759344167181854-06191489742681286724-4/wms/?version=1.3.0","41.72211661","-76.2694","2010","Bradford","first_internal","","3","","3","other","100","","","10","","10","other","100","","","3","","3","other","100","","","","","","","","","","","","","","","","","","","","","",""
"41.80684046-76.54627088---2010","https://mapsengine.google.com/06136759344167181854-06191489742681286724-4/wms/?version=1.3.0","41.80684046","-76.54627088","2010","Bradford","first_internal","","3","","3","other","100","","1","8","1","10","other","80","","","3","","3","other","100","","","","","","","","","","","","","","","","","","","","","",""
"41.41743345-78.2693459---2005","https://mapsengine.google.com/06136759344167181854-15960346301379896183-4/wms/?version=1.3.0","41.4174334481","-78.2693459043","2005","Cameron","final_internal","2","1","","3","fracking","66","","","","1","1","unknown","100","","","","","","","","","2","1","","3","fracking","66","","","","","","","","","","","","","","",""
"41.37674544-77.13511212---2008","https://mapsengine.google.com/06136759344167181854-00219351362547715467-4/wms/?version=1.3.0","41.3767454428","-77.1351121189","2008","Lycoming","final_internal","3","","","3","fracking","100","","1","","","1","fracking","100","","","","","","","","","3","","","3","fracking","100","","","","","","","","","","","","","","",""
"41.68139718-76.31157267---2010","https://mapsengine.google.com/06136759344167181854-06191489742681286724-4/wms/?version=1.3.0","41.6813971778","-76.3115726666","2010","Bradford","sweeper_internal","","1","","1","other","100","","5","3","2","10","fracking","50","","1","2","","3","other","66","","","","","","","","","","1","","1","other","100","","","","","","","",""
"39.74043385-80.01304063---2008","https://mapsengine.google.com/06136759344167181854-00219351362547715467-4/wms/?version=1.3.0","39.7404338521","-80.0130406276","2008","Greene","first_internal","","3","","3","other","100","","","9","1","10","other","90","","","3","","3","other","100","","","","","","","","","","","","","","","","","","","","","",""
"40.26009235-80.46384162---2010","https://mapsengine.google.com/06136759344167181854-06191489742681286724-4/wms/?version=1.3.0","40.260092352","-80.4638416173","2010","Washington","sweeper_internal","","1","","1","other","100","","1","7","2","10","other","70","","","","","","","","","","","","","","","","","1","","1","other","100","","","","","","","",""
"39.97431432-79.43490426---2010","https://mapsengine.google.com/06136759344167181854-06191489742681286724-4/wms/?version=1.3.0","39.9743143189","-79.434904259","2010","Fayette","public","","10","","10","other","100","","","10","","10","other","100","","","","","","","","","","","","","","","","","","","","","","","","","","","","",""
"39.84903622-79.8632283---2008","https://mapsengine.google.com/06136759344167181854-00219351362547715467-4/wms/?version=1.3.0","39.8490362248","-79.8632283033","2008","Fayette","sweeper_internal","","1","","1","other","100","","1","5","4","10","other","50","","","3","","3","other","100","","","","","","","","","","1","","1","other","100","","","","","","","",""
"40.97929607-78.84389992---2010","https://mapsengine.google.com/06136759344167181854-06191489742681286724-4/wms/?version=1.3.0","40.9792960653","-78.8438999219","2010","Jefferson","public","","10","","10","other","100","","","10","","10","other","100","","","","","","","","","","","","","","","","","","","","","","","","","","","","",""
"39.72009759-79.98230347---2008","https://mapsengine.google.com/06136759344167181854-00219351362547715467-4/wms/?version=1.3.0","39.7200975918","-79.9823034713","2008","Greene","first_internal","","3","","3","other","100","","","8","2","10","other","80","","","3","","3","other","100","","","","","","","","","","","","","","","","","","","","","",""
"41.70848654-76.68966036---2008","https://mapsengine.google.com/06136759344167181854-00219351362547715467-4/wms/?version=1.3.0","41.7084865367","-76.6896603612","2008","Bradford","final_internal","","3","","3","other","100","","","1","","1","other","100","","","3","","3","other","100","","","3","","3","other","100","","","","","","","","","","","","","","",""
"41.85510206-76.84151695---2010","https://mapsengine.google.com/06136759344167181854-06191489742681286724-4/wms/?version=1.3.0","41.85510206","-76.84151695","2010","Bradford","first_internal","","3","","3","other","100","","1","8","1","10","other","80","","","3","","3","other","100","","","","","","","","","","","","","","","","","","","","","",""
"39.72765812-79.95395194---2010","https://mapsengine.google.com/06136759344167181854-06191489742681286724-4/wms/?version=1.3.0","39.7276581227","-79.953951938","2010","Greene","public","1","9","","10","other","90","","1","9","","10","other","90","","","","","","","","","","","","","","","","","","","","","","","","","","","","",""
"41.86833069-76.05708168---2005","https://mapsengine.google.com/06136759344167181854-15960346301379896183-4/wms/?version=1.3.0","41.8683306905","-76.057081677","2005","Susquehanna","final_internal","","3","","3","other","100","","","1","","1","other","100","","","3","","3","other","100","","","3","","3","other","100","","","","","","","","","","","","","","",""
"41.6554941-76.02674464---2010","https://mapsengine.google.com/06136759344167181854-06191489742681286724-4/wms/?version=1.3.0","41.6554941","-76.02674464","2010","Susquehanna","first_internal","","3","","3","other","100","","","12","","12","other","100","","","3","","3","other","100","","","","","","","","","","","","","","","","","","","","","",""
"39.90240815-80.14327033---2008","https://mapsengine.google.com/06136759344167181854-00219351362547715467-4/wms/?version=1.3.0","39.902408145","-80.1432703257","2008","Greene","sweeper_internal","","1","","1","other","100","","1","6","3","10","other","60","","","3","","3","other","100","","","","","","","","","","1","","1","other","100","","","","","","","",""
"40.51954217-79.20032469---2010","https://mapsengine.google.com/06136759344167181854-06191489742681286724-4/wms/?version=1.3.0","40.5195421683","-79.2003246856","2010","Indiana","sweeper_internal","","1","","1","other","100","","","4","6","10","unknown","60","","","","","","","","","","","","","","","","","1","","1","other","100","","","","","","","",""
"40.76395996-79.8392585---2008","https://mapsengine.google.com/06136759344167181854-00219351362547715467-4/wms/?version=1.3.0","40.7639599557","-79.8392585016","2008","Butler","first_internal","","3","","3","other","100","","","1","1","2","unknown|other","","50|50","","3","","3","other","100","","","","","","","","","","","","","","","","","","","","","",""
"41.77122126-77.15446916---2010","https://mapsengine.google.com/06136759344167181854-06191489742681286724-4/wms/?version=1.3.0","41.7712212596","-77.1544691573","2010","Tioga","sweeper_internal","1","","","1","fracking","100","","7","2","1","10","fracking","70","","","","","","","","","","","","","","","","1","","","1","fracking","100","","","","","","","",""
"41.73188682-76.80876698---2010","https://mapsengine.google.com/06136759344167181854-06191489742681286724-4/wms/?version=1.3.0","41.73188682","-76.80876698","2010","Bradford","first_internal","","3","","3","other","100","","","10","","10","other","100","","","3","","3","other","100","","","","","","","","","","","","","","","","","","","","","",""
"41.94863898-76.89690786---2008","https://mapsengine.google.com/06136759344167181854-00219351362547715467-4/wms/?version=1.3.0","41.9486389763","-76.8969078596","2008","Bradford","final_internal","","3","","3","other","100","","","1","","1","other","100","","","3","","3","other","100","","","3","","3","other","100","","","","","","","","","","","","","","",""
"41.61247301-76.98697252---2008","https://mapsengine.google.com/06136759344167181854-00219351362547715467-4/wms/?version=1.3.0","41.6124730139","-76.986972525","2008","Tioga","final_internal","","3","","3","other","100","","","1","","1","other","100","","","","","","","","","","3","","3","other","100","","","","","","","","","","","","","","",""
"39.93175927-79.00290189---2008","https://mapsengine.google.com/06136759344167181854-00219351362547715467-4/wms/?version=1.3.0","39.9317592671","-79.0029018933","2008","Somerset","final_internal","","3","","3","other","100","","","1","1","2","unknown|other","","50|50","","","","","","","","","3","","3","other","100","","","","","","","","","","","","","","",""
"39.86658658-80.01653663---2005","https://mapsengine.google.com/06136759344167181854-15960346301379896183-4/wms/?version=1.3.0","39.8665865785","-80.0165366329","2005","Greene","final_internal","","3","","3","other","100","","","1","","1","other","100","","","","","","","","","","3","","3","other","100","","","","","","","","","","","","","","",""
"41.76777535-76.24762343---2008","https://mapsengine.google.com/06136759344167181854-00219351362547715467-4/wms/?version=1.3.0","41.7677753502","-76.2476234316","2008","Bradford","final_internal","","3","","3","other","100","","","1","","1","other","100","","","3","","3","other","100","","","3","","3","other","100","","","","","","","","","","","","","","",""
"41.74606962-76.83761387---2005","https://mapsengine.google.com/06136759344167181854-15960346301379896183-4/wms/?version=1.3.0","41.7460696236","-76.8376138696","2005","Bradford","final_internal","","3","","3","other","100","","","1","","1","other","100","","","3","","3","other","100","","","3","","3","other","100","","","","","","","","","","","","","","",""
"40.19614716-80.35208092---2010","https://mapsengine.google.com/06136759344167181854-06191489742681286724-4/wms/?version=1.3.0","40.1961471609","-80.3520809208","2010","Washington","public","8","","2","10","fracking","80","","8","","2","10","fracking","80","","","","","","","","","","","","","","","","","","","","","","","","","","","","",""
"41.73748169-77.21441574---2010","https://mapsengine.google.com/06136759344167181854-06191489742681286724-4/wms/?version=1.3.0","41.7374816856","-77.2144157388","2010","Tioga","public","","10","1","11","other","90","","","10","1","11","other","90","","","","","","","","","","","","","","","","","","","","","","","","","","","","",""
"41.76146855-77.11428084---2008","https://mapsengine.google.com/06136759344167181854-00219351362547715467-4/wms/?version=1.3.0","41.7614685506","-77.1142808358","2008","Tioga","final_internal","","3","","3","other","100","","","1","","1","other","100","","","","","","","","","","3","","3","other","100","","","","","","","","","","","","","","",""
"41.64885078-76.03469351---2010","https://mapsengine.google.com/06136759344167181854-06191489742681286724-4/wms/?version=1.3.0","41.64885078","-76.03469351","2010","Susquehanna","first_internal","","3","","3","other","100","","","11","","11","other","100","","","3","","3","other","100","","","","","","","","","","","","","","","","","","","","","",""
"41.75763687-75.94233191---2005","https://mapsengine.google.com/06136759344167181854-15960346301379896183-4/wms/?version=1.3.0","41.7576368731","-75.9423319054","2005","Susquehanna","final_internal","","3","","3","other","100","","","1","","1","other","100","","","3","","3","other","100","","","3","","3","other","100","","","","","","","","","","","","","","",""
"41.65848455-75.6750768---2005","https://mapsengine.google.com/06136759344167181854-15960346301379896183-4/wms/?version=1.3.0","41.6584845528","-75.6750768026","2005","Susquehanna","final_internal","","3","","3","other","100","","","1","","1","other","100","","","3","","3","other","100","","","3","","3","other","100","","","","","","","","","","","","","","",""
"41.58796546-76.84648176---2008","https://mapsengine.google.com/06136759344167181854-00219351362547715467-4/wms/?version=1.3.0","41.587965455","-76.8464817628","2008","Lycoming","final_internal","","3","","3","other","100","","","","1","1","unknown","100","","","","","","","","","","3","","3","other","100","","","","","","","","","","","","","","",""
"41.72079829-75.86834042---2008","https://mapsengine.google.com/06136759344167181854-00219351362547715467-4/wms/?version=1.3.0","41.7207982918","-75.8683404227","2008","Susquehanna","final_internal","","3","","3","other","100","","","1","","1","other","100","","","3","","3","other","100","","","3","","3","other","100","","","","","","","","","","","","","","",""
"39.7276062-79.95380835---2005","https://mapsengine.google.com/06136759344167181854-15960346301379896183-4/wms/?version=1.3.0","39.7276062018","-79.9538083512","2005","Greene","final_internal","","3","","3","other","100","","","1","","1","other","100","","","","","","","","","","3","","3","other","100","","","","","","","","","","","","","","",""
"41.8311598-76.0715672---2010","https://mapsengine.google.com/06136759344167181854-06191489742681286724-4/wms/?version=1.3.0","41.8311598","-76.0715672","2010","Susquehanna","first_internal","","3","","3","other","100","","","10","","10","other","100","","","3","","3","other","100","","","","","","","","","","","","","","","","","","","","","",""
"41.22895988-76.63972096---2008","https://mapsengine.google.com/06136759344167181854-00219351362547715467-4/wms/?version=1.3.0","41.2289598822","-76.6397209602","2008","Lycoming","final_internal","","3","","3","other","100","","","1","","1","other","100","","","","","","","","","","3","","3","other","100","","","","","","","","","","","","","","",""
"40.62649215-79.36071716---2008","https://mapsengine.google.com/06136759344167181854-00219351362547715467-4/wms/?version=1.3.0","40.6264921531","-79.3607171554","2008","Armstrong","first_internal","","3","","3","other","100","","","5","1","6","other","83","","","3","","3","other","100","","","","","","","","","","","","","","","","","","","","","",""
"41.28586941-76.33299936---2005","https://mapsengine.google.com/06136759344167181854-15960346301379896183-4/wms/?version=1.3.0","41.2858694142","-76.3329993608","2005","Columbia","final_internal","","3","","3","other","100","","","1","","1","other","100","","","3","","3","other","100","","","3","","3","other","100","","","","","","","","","","","","","","",""
"39.83186118-79.98400339---2008","https://mapsengine.google.com/06136759344167181854-00219351362547715467-4/wms/?version=1.3.0","39.8318611786","-79.9840033866","2008","Greene","sweeper_internal","","1","","1","other","100","","6","3","1","10","fracking","60","","","3","","3","other","100","","","","","","","","","","1","","1","other","100","","","","","","","",""
"41.75683199-76.48112053---2010","https://mapsengine.google.com/06136759344167181854-06191489742681286724-4/wms/?version=1.3.0","41.75683199","-76.48112053","2010","Bradford","first_internal","","3","","3","other","100","","","12","","12","other","100","","","3","","3","other","100","","","","","","","","","","","","","","","","","","","","","",""
"39.7281009-79.97524331---2010","https://mapsengine.google.com/06136759344167181854-06191489742681286724-4/wms/?version=1.3.0","39.7281008987","-79.9752433111","2010","Greene","public","","9","1","10","other","90","","","9","1","10","other","90","","","","","","","","","","","","","","","","","","","","","","","","","","","","",""
"41.91484816-77.42152627---2008","https://mapsengine.google.com/06136759344167181854-00219351362547715467-4/wms/?version=1.3.0","41.9148481627","-77.4215262708","2008","Tioga","final_internal","","3","","3","other","100","","","1","","1","other","100","","","","","","","","","","3","","3","other","100","","","","","","","","","","","","","","",""
"41.67441456-76.07542966---2008","https://mapsengine.google.com/06136759344167181854-00219351362547715467-4/wms/?version=1.3.0","41.6744145631","-76.0754296586","2008","Susquehanna","final_internal","","3","","3","other","100","","","1","","1","other","100","","","3","","3","other","100","","","3","","3","other","100","","","","","","","","","","","","","","",""
"41.73305005-77.36747039---2008","https://mapsengine.google.com/06136759344167181854-00219351362547715467-4/wms/?version=1.3.0","41.7330500535","-77.3674703934","2008","Tioga","final_internal","","4","","4","other","100","","","1","","1","other","100","","","","","","","","","","4","","4","other","100","","","","","","","","","","","","","","",""
"41.28619875-79.5028339---2005","https://mapsengine.google.com/06136759344167181854-15960346301379896183-4/wms/?version=1.3.0","41.2861987537","-79.502833901","2005","Clarion","final_internal","","3","","3","other","100","","","1","","1","other","100","","","","","","","","","","3","","3","other","100","","","","","","","","","","","","","","",""
"41.9009074-75.96440366---2008","https://mapsengine.google.com/06136759344167181854-00219351362547715467-4/wms/?version=1.3.0","41.9009074006","-75.9644036621","2008","Susquehanna","final_internal","","3","","3","other","100","","","1","","1","other","100","","","3","","3","other","100","","","3","","3","other","100","","","","","","","","","","","","","","",""
"41.71361417-75.90296414---2010","https://mapsengine.google.com/06136759344167181854-06191489742681286724-4/wms/?version=1.3.0","41.71361417","-75.90296414","2010","Susquehanna","first_internal","","3","","3","other","100","","","11","2","13","other","84","","","3","","3","other","100","","","","","","","","","","","","","","","","","","","","","",""
"41.8630916-77.39253686---2008","https://mapsengine.google.com/06136759344167181854-00219351362547715467-4/wms/?version=1.3.0","41.8630915968","-77.3925368582","2008","Tioga","final_internal","","3","","3","other","100","","","1","","1","other","100","","","","","","","","","","3","","3","other","100","","","","","","","","","","","","","","",""
"41.71193124-75.86414864---2008","https://mapsengine.google.com/06136759344167181854-00219351362547715467-4/wms/?version=1.3.0","41.7119312435","-75.864148639","2008","Susquehanna","sweeper_internal","","1","","1","other","100","","1","","","1","fracking","100","","2","","1","3","fracking","66","","1","1","1","3","fracking|unknown|other","","33|33|33","","1","","1","other","100","","","","","","","",""
"41.72045668-75.8683644---2010","https://mapsengine.google.com/06136759344167181854-06191489742681286724-4/wms/?version=1.3.0","41.72045668","-75.8683644","2010","Susquehanna","first_internal","","3","","3","other","100","","","11","","11","other","100","","","3","","3","other","100","","","","","","","","","","","","","","","","","","","","","",""
"41.7119326-75.88658416---2010","https://mapsengine.google.com/06136759344167181854-06191489742681286724-4/wms/?version=1.3.0","41.7119326006","-75.8865841597","2010","Susquehanna","sweeper_internal","","1","","1","other","100","","2","4","5","11","unknown","45","","","3","","3","other","100","","","","","","","","","","1","","1","other","100","","","","","","","",""
"40.92170151-79.58236557---2005","https://mapsengine.google.com/06136759344167181854-15960346301379896183-4/wms/?version=1.3.0","40.9217015127","-79.5823655664","2005","Armstrong","final_internal","","3","","3","other","100","","","1","","1","other","100","","","","","","","","","","3","","3","other","100","","","","","","","","","","","","","","",""
"41.72480371-76.17316223---2008","https://mapsengine.google.com/06136759344167181854-00219351362547715467-4/wms/?version=1.3.0","41.7248037077","-76.1731622269","2008","Bradford","final_internal","","3","","3","other","100","","","1","","1","other","100","","","3","","3","other","100","","","3","","3","other","100","","","","","","","","","","","","","","",""
"39.91017249-80.0083664---2005","https://mapsengine.google.com/06136759344167181854-15960346301379896183-4/wms/?version=1.3.0","39.9101724919","-80.0083663976","2005","Greene","final_internal","","4","","4","other","100","","","1","","1","other","100","","","","","","","","","","4","","4","other","100","","","","","","","","","","","","","","",""
"41.13390032-79.75199281---2008","https://mapsengine.google.com/06136759344167181854-00219351362547715467-4/wms/?version=1.3.0","41.1339003223","-79.7519928149","2008","Butler","first_internal","","3","","3","other","100","","","2","","2","other","100","","","3","","3","other","100","","","","","","","","","","","","","","","","","","","","","",""
"41.04275658-78.09048853---2005","https://mapsengine.google.com/06136759344167181854-15960346301379896183-4/wms/?version=1.3.0","41.0427565834","-78.0904885338","2005","Clearfield","final_internal","","3","","3","other","100","","","1","","1","other","100","","","","","","","","","","3","","3","other","100","","","","","","","","","","","","","","",""
"39.72784892-80.0373719---2008","https://mapsengine.google.com/06136759344167181854-00219351362547715467-4/wms/?version=1.3.0","39.7278489171","-80.0373719024","2008","Greene","sweeper_internal","","1","","1","other","100","","2","6","2","10","other","60","","","3","","3","other","100","","","","","","","","","","1","","1","other","100","","","","","","","",""
"41.64079097-75.81107242---2010","https://mapsengine.google.com/06136759344167181854-06191489742681286724-4/wms/?version=1.3.0","41.6407909703","-75.8110724168","2010","Wyoming","sweeper_internal","","1","","1","other","100","","3","4","3","10","other","40","","1","2","","3","other","66","","","","","","","","","","1","","1","other","100","","","","","","","",""
"40.29379329-80.29860072---2010","https://mapsengine.google.com/06136759344167181854-06191489742681286724-4/wms/?version=1.3.0","40.2937932945","-80.2986007182","2010","Washington","sweeper_internal","","1","","1","other","100","","2","5","3","10","other","50","","","","","","","","","","","","","","","","","1","","1","other","100","","","","","","","",""
"40.00265487-80.28476673---2008","https://mapsengine.google.com/06136759344167181854-00219351362547715467-4/wms/?version=1.3.0","40.0026548679","-80.2847667337","2008","Greene","first_internal","","3","","3","other","100","","","10","1","11","other","90","","","3","","3","other","100","","","","","","","","","","","","","","","","","","","","","",""
"41.67649614-77.3462439---2010","https://mapsengine.google.com/06136759344167181854-06191489742681286724-4/wms/?version=1.3.0","41.6764961421","-77.3462438977","2010","Tioga","public","8","2","","10","fracking","80","","8","2","","10","fracking","80","","","","","","","","","","","","","","","","","","","","","","","","","","","","",""
"41.34622935-77.26539344---2010","https://mapsengine.google.com/06136759344167181854-06191489742681286724-4/wms/?version=1.3.0","41.3462293469","-77.2653934366","2010","Lycoming","public","","11","","11","other","100","","","11","","11","other","100","","","","","","","","","","","","","","","","","","","","","","","","","","","","",""
"41.68961102-76.99570776---2005","https://mapsengine.google.com/06136759344167181854-15960346301379896183-4/wms/?version=1.3.0","41.6896110234","-76.9957077591","2005","Tioga","missing_internal","","1","","1","other","100","","","","","","fracking|unknown|other","","","","","","","","","","","","","","","","","","","","","","","","","1","","1","other","100",""
"41.76215674-76.10750836---2010","https://mapsengine.google.com/06136759344167181854-06191489742681286724-4/wms/?version=1.3.0","41.76215674","-76.10750836","2010","Susquehanna","first_internal","","3","","3","other","100","","","10","","10","other","100","","","3","","3","other","100","","","","","","","","","","","","","","","","","","","","","",""
"41.98894715-77.01764373---2005","https://mapsengine.google.com/06136759344167181854-15960346301379896183-4/wms/?version=1.3.0","41.9889471483","-77.0176437299","2005","Tioga","missing_internal","","1","","1","other","100","","","","","","fracking|unknown|other","","","","","","","","","","","","","","","","","","","","","","","","","1","","1","other","100",""
"40.64563891-79.38687592---2005","https://mapsengine.google.com/06136759344167181854-15960346301379896183-4/wms/?version=1.3.0","40.6456389108","-79.3868759177","2005","Armstrong","final_internal","","3","","3","other","100","","","1","","1","other","100","","","","","","","","","","3","","3","other","100","","","","","","","","","","","","","","",""
"41.95859472-76.99556311---2010","https://mapsengine.google.com/06136759344167181854-06191489742681286724-4/wms/?version=1.3.0","41.9585947175","-76.9955631096","2010","Tioga","public","","11","","11","other","100","","","11","","11","other","100","","","","","","","","","","","","","","","","","","","","","","","","","","","","",""
"41.71075452-75.9001391---2010","https://mapsengine.google.com/06136759344167181854-06191489742681286724-4/wms/?version=1.3.0","41.7107545201","-75.9001391023","2010","Susquehanna","sweeper_internal","","1","","1","other","100","","4","3","4","11","fracking|unknown","","36|36","1","1","1","3","fracking|unknown|other","","33|33|33","","","","","","","","","1","","1","other","100","","","","","","","",""
"41.70286019-77.53768864---2010","https://mapsengine.google.com/06136759344167181854-06191489742681286724-4/wms/?version=1.3.0","41.7028601891","-77.5376886358","2010","Tioga","public","","10","","10","other","100","","","10","","10","other","100","","","","","","","","","","","","","","","","","","","","","","","","","","","","",""
"40.77755583-79.63106606---2005","https://mapsengine.google.com/06136759344167181854-15960346301379896183-4/wms/?version=1.3.0","40.7775558286","-79.6310660598","2005","Armstrong","final_internal","","3","","3","other","100","","","1","","1","other","100","","","","","","","","","","3","","3","other","100","","","","","","","","","","","","","","",""
"41.76508027-76.48126137---2008","https://mapsengine.google.com/06136759344167181854-00219351362547715467-4/wms/?version=1.3.0","41.7650802721","-76.4812613746","2008","Bradford","final_internal","","3","","3","other","100","","","1","","1","other","100","","","3","","3","other","100","","","3","","3","other","100","","","","","","","","","","","","","","",""
"41.85787408-76.68948361---2010","https://mapsengine.google.com/06136759344167181854-06191489742681286724-4/wms/?version=1.3.0","41.85787408","-76.68948361","2010","Bradford","first_internal","","3","","3","other","100","","","15","","15","other","100","","","3","","3","other","100","","","","","","","","","","","","","","","","","","","","","",""
"40.77125375-80.04945155---2010","https://mapsengine.google.com/06136759344167181854-06191489742681286724-4/wms/?version=1.3.0","40.7712537501","-80.0494515451","2010","Butler","public","","18","2","20","other","90","","","18","2","20","other","90","","","","","","","","","","","","","","","","","","","","","","","","","","","","",""
"40.16240747-79.33873819---2010","https://mapsengine.google.com/06136759344167181854-06191489742681286724-4/wms/?version=1.3.0","40.162407471","-79.3387381881","2010","Westmoreland","public","","10","","10","other","100","","","10","","10","other","100","","","","","","","","","","","","","","","","","","","","","","","","","","","","",""
"39.7597333-78.84179103---2008","https://mapsengine.google.com/06136759344167181854-00219351362547715467-4/wms/?version=1.3.0","39.7597332953","-78.8417910295","2008","Somerset","first_internal","","3","","3","other","100","","","1","","1","other","100","","","3","","3","other","100","","","","","","","","","","","","","","","","","","","","","",""
"40.8171243-80.20368967---2010","https://mapsengine.google.com/06136759344167181854-06191489742681286724-4/wms/?version=1.3.0","40.8171243","-80.20368967","2010","Beaver","first_internal","","3","","3","other","100","","","10","","10","other","100","","","3","","3","other","100","","","","","","","","","","","","","","","","","","","","","",""
"39.96816673-79.84796537---2010","https://mapsengine.google.com/06136759344167181854-06191489742681286724-4/wms/?version=1.3.0","39.968166731","-79.8479653732","2010","Fayette","public","","9","1","10","other","90","","","9","1","10","other","90","","","","","","","","","","","","","","","","","","","","","","","","","","","","",""
"40.18231381-79.74326278---2008","https://mapsengine.google.com/06136759344167181854-00219351362547715467-4/wms/?version=1.3.0","40.1823138064","-79.7432627807","2008","Westmoreland","first_internal","3","","","3","fracking","100","","1","","","1","fracking","100","","3","","","3","fracking","100","","","","","","","","","","","","","","","","","","","","","",""
"39.80857907-79.52718025---2010","https://mapsengine.google.com/06136759344167181854-06191489742681286724-4/wms/?version=1.3.0","39.8085790706","-79.5271802482","2010","Fayette","public","1","9","","10","other","90","","1","9","","10","other","90","","","","","","","","","","","","","","","","","","","","","","","","","","","","",""
"41.88627034-75.65810088---2010","https://mapsengine.google.com/06136759344167181854-06191489742681286724-4/wms/?version=1.3.0","41.88627034","-75.65810088","2010","Susquehanna","first_internal","","1","2","3","unknown","66","","","10","","10","other","100","","","1","2","3","unknown","66","","","","","","","","","","","","","","","","","","","","","",""
"41.72802866-76.8116193---2010","https://mapsengine.google.com/06136759344167181854-06191489742681286724-4/wms/?version=1.3.0","41.72802866","-76.8116193","2010","Bradford","first_internal","","3","","3","other","100","","","10","","10","other","100","","","3","","3","other","100","","","","","","","","","","","","","","","","","","","","","",""
"39.85079914-79.85835298---2010","https://mapsengine.google.com/06136759344167181854-06191489742681286724-4/wms/?version=1.3.0","39.8507991363","-79.8583529798","2010","Fayette","sweeper_internal","","1","","1","other","100","","6","2","2","10","fracking","60","","","","","","","","","","","","","","","","","1","","1","other","100","","","","","","","",""
"41.82507163-76.98425921---2010","https://mapsengine.google.com/06136759344167181854-06191489742681286724-4/wms/?version=1.3.0","41.825071632","-76.9842592078","2010","Tioga","public","10","1","","11","fracking","90","","10","1","","11","fracking","90","","","","","","","","","","","","","","","","","","","","","","","","","","","","",""
"41.7321133-75.86244845---2008","https://mapsengine.google.com/06136759344167181854-00219351362547715467-4/wms/?version=1.3.0","41.7321133048","-75.8624484535","2008","Susquehanna","final_internal","","4","","4","other","100","","","1","","1","other","100","","","3","","3","other","100","","","4","","4","other","100","","","","","","","","","","","","","","",""
"41.74405534-77.22202075---2010","https://mapsengine.google.com/06136759344167181854-06191489742681286724-4/wms/?version=1.3.0","41.7440553443","-77.2220207509","2010","Tioga","public","","10","","10","other","100","","","10","","10","other","100","","","","","","","","","","","","","","","","","","","","","","","","","","","","",""
"41.76632763-75.94013922---2005","https://mapsengine.google.com/06136759344167181854-15960346301379896183-4/wms/?version=1.3.0","41.7663276319","-75.9401392207","2005","Susquehanna","final_internal","","3","","3","other","100","","","1","","1","other","100","","","3","","3","other","100","","","3","","3","other","100","","","","","","","","","","","","","","",""
"41.75657174-76.46951733---2005","https://mapsengine.google.com/06136759344167181854-15960346301379896183-4/wms/?version=1.3.0","41.7565717366","-76.4695173336","2005","Bradford","final_internal","","3","","3","other","100","","","1","","1","other","100","","","3","","3","other","100","","","3","","3","other","100","","","","","","","","","","","","","","",""
"40.02530022-79.67831963---2008","https://mapsengine.google.com/06136759344167181854-00219351362547715467-4/wms/?version=1.3.0","40.0253002154","-79.6783196349","2008","Fayette","sweeper_internal","","1","","1","other","100","","2","3","5","10","unknown","50","","","3","","3","other","100","","","","","","","","","","1","","1","other","100","","","","","","","",""
"41.67740515-76.35049872---2008","https://mapsengine.google.com/06136759344167181854-00219351362547715467-4/wms/?version=1.3.0","41.6774051518","-76.3504987206","2008","Bradford","final_internal","","3","","3","other","100","","","1","","1","other","100","","","3","","3","other","100","","","3","","3","other","100","","","","","","","","","","","","","","",""
"41.63704846-78.29905111---2010","https://mapsengine.google.com/06136759344167181854-06191489742681286724-4/wms/?version=1.3.0","41.6370484553","-78.2990511087","2010","McKean","public","10","","","10","fracking","100","","10","","","10","fracking","100","","","","","","","","","","","","","","","","","","","","","","","","","","","","",""
"40.27028718-80.26142165---2010","https://mapsengine.google.com/06136759344167181854-06191489742681286724-4/wms/?version=1.3.0","40.2702871756","-80.2614216536","2010","Washington","public","1","8","1","10","other","80","","1","8","1","10","other","80","","","","","","","","","","","","","","","","","","","","","","","","","","","","",""
"41.69782733-75.83386967---2008","https://mapsengine.google.com/06136759344167181854-00219351362547715467-4/wms/?version=1.3.0","41.6978273335","-75.8338696696","2008","Susquehanna","final_internal","","3","","3","other","100","","","1","","1","other","100","","","2","1","3","other","66","","","3","","3","other","100","","","","","","","","","","","","","","",""
"41.78816242-78.16992568---2008","https://mapsengine.google.com/06136759344167181854-00219351362547715467-4/wms/?version=1.3.0","41.7881624232","-78.1699256808","2008","Potter","final_internal","","3","","3","other","100","","","1","","1","other","100","","","","","","","","","","3","","3","other","100","","","","","","","","","","","","","","",""
"41.73243438-77.20575019---2008","https://mapsengine.google.com/06136759344167181854-00219351362547715467-4/wms/?version=1.3.0","41.7324343772","-77.2057501863","2008","Tioga","final_internal","","3","","3","other","100","","","1","","1","other","100","","","","","","","","","","3","","3","other","100","","","","","","","","","","","","","","",""
"39.91803598-79.93179448---2005","https://mapsengine.google.com/06136759344167181854-15960346301379896183-4/wms/?version=1.3.0","39.9180359832","-79.9317944791","2005","Greene","final_internal","","3","","3","other","100","","","1","","1","other","100","","","","","","","","","","3","","3","other","100","","","","","","","","","","","","","","",""
"41.68524983-76.31580733---2010","https://mapsengine.google.com/06136759344167181854-06191489742681286724-4/wms/?version=1.3.0","41.68524983","-76.31580733","2010","Bradford","first_internal","","3","","3","other","100","","","9","1","10","other","90","","","3","","3","other","100","","","","","","","","","","","","","","","","","","","","","",""
"41.65788604-76.03581208---2008","https://mapsengine.google.com/06136759344167181854-00219351362547715467-4/wms/?version=1.3.0","41.6578860369","-76.0358120805","2008","Susquehanna","final_internal","","3","","3","other","100","","","1","","1","other","100","","","3","","3","other","100","","","3","","3","other","100","","","","","","","","","","","","","","",""
"39.82952646-80.27742254---2005","https://mapsengine.google.com/06136759344167181854-15960346301379896183-4/wms/?version=1.3.0","39.8295264556","-80.277422537","2005","Greene","final_internal","","3","","3","other","100","","","1","","1","other","100","","","","","","","","","","3","","3","other","100","","","","","","","","","","","","","","",""
"40.82825417-79.60304476---2008","https://mapsengine.google.com/06136759344167181854-00219351362547715467-4/wms/?version=1.3.0","40.8282541687","-79.6030447611","2008","Armstrong","first_internal","","3","","3","other","100","","","7","1","8","other","87","","","3","","3","other","100","","","","","","","","","","","","","","","","","","","","","",""
"40.22939344-80.41602596---2010","https://mapsengine.google.com/06136759344167181854-06191489742681286724-4/wms/?version=1.3.0","40.2293934393","-80.4160259634","2010","Washington","sweeper_internal","","1","","1","other","100","","1","7","2","10","other","70","","","","","","","","","","","","","","","","","1","","1","other","100","","","","","","","",""
"40.26751162-80.37900964---2008","https://mapsengine.google.com/06136759344167181854-00219351362547715467-4/wms/?version=1.3.0","40.267511619","-80.3790096398","2008","Washington","first_internal","","3","","3","other","100","","","10","","10","other","100","","","3","","3","other","100","","","","","","","","","","","","","","","","","","","","","",""
"41.85042579-76.91775905---2010","https://mapsengine.google.com/06136759344167181854-06191489742681286724-4/wms/?version=1.3.0","41.8504257936","-76.9177590493","2010","Tioga","public","11","","","11","fracking","100","","11","","","11","fracking","100","","","","","","","","","","","","","","","","","","","","","","","","","","","","",""
"41.16224745-78.4627091---2010","https://mapsengine.google.com/06136759344167181854-06191489742681286724-4/wms/?version=1.3.0","41.1622474459","-78.4627091018","2010","Clearfield","sweeper_internal","","1","","1","other","100","","4","12","4","20","other","60","","","","","","","","","","","","","","","","","1","","1","other","100","","","","","","","",""
"41.75851537-76.81057083---2010","https://mapsengine.google.com/06136759344167181854-06191489742681286724-4/wms/?version=1.3.0","41.75851537","-76.81057083","2010","Bradford","first_internal","","3","","3","other","100","","","11","","11","other","100","","","3","","3","other","100","","","","","","","","","","","","","","","","","","","","","",""
"39.80090876-80.01093085---2008","https://mapsengine.google.com/06136759344167181854-00219351362547715467-4/wms/?version=1.3.0","39.8009087561","-80.0109308496","2008","Greene","sweeper_internal","","1","","1","other","100","","1","6","3","10","other","60","","1","1","1","3","fracking|unknown|other","","33|33|33","","","","","","","","","1","","1","other","100","","","","","","","",""
"41.65097836-75.96340989---2008","https://mapsengine.google.com/06136759344167181854-00219351362547715467-4/wms/?version=1.3.0","41.6509783611","-75.9634098933","2008","Susquehanna","final_internal","","3","","3","other","100","","","1","","1","other","100","","","3","","3","other","100","","","3","","3","other","100","","","","","","","","","","","","","","",""
"41.91113934-76.92008059---2005","https://mapsengine.google.com/06136759344167181854-15960346301379896183-4/wms/?version=1.3.0","41.9111393443","-76.920080592","2005","Tioga","missing_internal","","1","","1","other","100","","","","","","fracking|unknown|other","","","","","","","","","","","","","","","","","","","","","","","","","1","","1","other","100",""
"41.62024391-76.82966451---2008","https://mapsengine.google.com/06136759344167181854-00219351362547715467-4/wms/?version=1.3.0","41.6202439085","-76.8296645142","2008","Bradford","final_internal","","3","","3","other","100","","","1","","1","other","100","","","1","2","3","unknown","66","","","3","","3","other","100","","","","","","","","","","","","","","",""
"40.47686489-79.56010824---2008","https://mapsengine.google.com/06136759344167181854-00219351362547715467-4/wms/?version=1.3.0","40.4768648889","-79.5601082426","2008","Westmoreland","final_internal","","3","","3","other","100","","","1","","1","other","100","","","","","","","","","","3","","3","other","100","","","","","","","","","","","","","","",""
"40.52809638-79.20185185---2010","https://mapsengine.google.com/06136759344167181854-06191489742681286724-4/wms/?version=1.3.0","40.5280963848","-79.201851852","2010","Indiana","sweeper_internal","","1","","1","other","100","","5","16","8","29","other","55","","","","","","","","","","","","","","","","","1","","1","other","100","","","","","","","",""
"39.94473785-78.88991042---2008","https://mapsengine.google.com/06136759344167181854-00219351362547715467-4/wms/?version=1.3.0","39.9447378454","-78.8899104211","2008","Somerset","first_internal","","5","","5","other","100","","","","1","1","unknown","100","","","5","","5","other","100","","","","","","","","","","","","","","","","","","","","","",""
"41.53031258-76.34977822---2010","https://mapsengine.google.com/06136759344167181854-06191489742681286724-4/wms/?version=1.3.0","41.53031258","-76.34977822","2010","Sullivan","first_internal","","3","","3","other","100","","","10","1","11","other","90","","","3","","3","other","100","","","","","","","","","","","","","","","","","","","","","",""
"39.88414623-80.04915014---2010","https://mapsengine.google.com/06136759344167181854-06191489742681286724-4/wms/?version=1.3.0","39.8841462324","-80.0491501366","2010","Greene","sweeper_internal","1","","","1","fracking","100","","5","5","","10","fracking|other","","50|50","","","","","","","","","","","","","","","1","","","1","fracking","100","","","","","","","",""
"40.17897277-80.40850241---2010","https://mapsengine.google.com/06136759344167181854-06191489742681286724-4/wms/?version=1.3.0","40.1789727669","-80.4085024087","2010","Washington","public","1","9","","10","other","90","","1","9","","10","other","90","","","","","","","","","","","","","","","","","","","","","","","","","","","","",""
"40.74345368-79.51066622---2010","https://mapsengine.google.com/06136759344167181854-06191489742681286724-4/wms/?version=1.3.0","40.743453676","-79.5106662181","2010","Armstrong","public","","10","","10","other","100","","","10","","10","other","100","","","","","","","","","","","","","","","","","","","","","","","","","","","","",""
"40.49637637-79.56679499---2008","https://mapsengine.google.com/06136759344167181854-00219351362547715467-4/wms/?version=1.3.0","40.4963763694","-79.5667949882","2008","Westmoreland","first_internal","","3","","3","other","100","","","1","","1","other","100","","","3","","3","other","100","","","","","","","","","","","","","","","","","","","","","",""
"40.49929874-79.55486003---2005","https://mapsengine.google.com/06136759344167181854-15960346301379896183-4/wms/?version=1.3.0","40.4992987448","-79.5548600311","2005","Westmoreland","final_internal","","3","","3","other","100","","","1","","1","other","100","","","","","","","","","","3","","3","other","100","","","","","","","","","","","","","","",""
"40.82628991-80.04966839---2010","https://mapsengine.google.com/06136759344167181854-06191489742681286724-4/wms/?version=1.3.0","40.826289908","-80.0496683889","2010","Butler","public","30","","","30","fracking","100","","30","","","30","fracking","100","","","","","","","","","","","","","","","","","","","","","","","","","","","","",""
"41.86191227-76.02240273---2008","https://mapsengine.google.com/06136759344167181854-00219351362547715467-4/wms/?version=1.3.0","41.8619122726","-76.0224027338","2008","Susquehanna","final_internal","1","2","","3","other","66","","","1","","1","other","100","","","3","","3","other","100","","1","2","","3","other","66","","","","","","","","","","","","","","",""
"41.68216297-75.90560854---2005","https://mapsengine.google.com/06136759344167181854-15960346301379896183-4/wms/?version=1.3.0","41.6821629713","-75.9056085362","2005","Susquehanna","final_internal","","3","","3","other","100","","","1","","1","other","100","","","3","","3","other","100","","","3","","3","other","100","","","","","","","","","","","","","","",""
"41.64620388-76.33899812---2005","https://mapsengine.google.com/06136759344167181854-15960346301379896183-4/wms/?version=1.3.0","41.6462038838","-76.3389981198","2005","Bradford","final_internal","","3","","3","other","100","","","1","","1","other","100","","","3","","3","other","100","","","3","","3","other","100","","","","","","","","","","","","","","",""
"41.8886842-75.41614325---2005","https://mapsengine.google.com/06136759344167181854-15960346301379896183-4/wms/?version=1.3.0","41.8886841952","-75.4161432466","2005","Wayne","missing_internal","","1","","1","other","100","","","","","","fracking|unknown|other","","","","3","","3","other","100","","","","","","","","","","","","","","","","","1","","1","other","100",""
"39.72147074-79.95976318---2005","https://mapsengine.google.com/06136759344167181854-15960346301379896183-4/wms/?version=1.3.0","39.7214707351","-79.9597631781","2005","Greene","final_internal","","3","","3","other","100","","","1","","1","other","100","","","","","","","","","","3","","3","other","100","","","","","","","","","","","","","","",""
"41.71321312-76.15144264---2010","https://mapsengine.google.com/06136759344167181854-06191489742681286724-4/wms/?version=1.3.0","41.71321312","-76.15144264","2010","Bradford","first_internal","","3","","3","other","100","","","10","","10","other","100","","","3","","3","other","100","","","","","","","","","","","","","","","","","","","","","",""
"39.90387797-79.95945069---2008","https://mapsengine.google.com/06136759344167181854-00219351362547715467-4/wms/?version=1.3.0","39.9038779713","-79.9594506887","2008","Greene","first_internal","3","","","3","fracking","100","","8","","2","10","fracking","80","","3","","","3","fracking","100","","","","","","","","","","","","","","","","","","","","","",""
"41.72264215-76.27017606---2008","https://mapsengine.google.com/06136759344167181854-00219351362547715467-4/wms/?version=1.3.0","41.7226421468","-76.2701760562","2008","Bradford","final_internal","","4","","4","other","100","","","1","","1","other","100","","","3","","3","other","100","","","4","","4","other","100","","","","","","","","","","","","","","",""
"39.87116023-79.98841484---2008","https://mapsengine.google.com/06136759344167181854-00219351362547715467-4/wms/?version=1.3.0","39.8711602267","-79.9884148403","2008","Greene","first_internal","","3","","3","other","100","","","9","1","10","other","90","","","3","","3","other","100","","","","","","","","","","","","","","","","","","","","","",""
"41.88074383-76.35394104---2010","https://mapsengine.google.com/06136759344167181854-06191489742681286724-4/wms/?version=1.3.0","41.88074383","-76.35394104","2010","Bradford","first_internal","","3","","3","other","100","","","10","","10","other","100","","","3","","3","other","100","","","","","","","","","","","","","","","","","","","","","",""
"40.69453796-78.91468222---2010","https://mapsengine.google.com/06136759344167181854-06191489742681286724-4/wms/?version=1.3.0","40.6945379618","-78.9146822239","2010","Indiana","sweeper_internal","","1","","1","other","100","","10","12","7","29","other","41","","","","","","","","","","","","","","","","","1","","1","other","100","","","","","","","",""
"41.70347213-75.91999858---2008","https://mapsengine.google.com/06136759344167181854-00219351362547715467-4/wms/?version=1.3.0","41.7034721287","-75.9199985773","2008","Susquehanna","final_internal","3","","","3","fracking","100","","1","","","1","fracking","100","","1","","2","3","unknown","66","","3","","","3","fracking","100","","","","","","","","","","","","","","",""
"41.66892561-76.08988497---2008","https://mapsengine.google.com/06136759344167181854-00219351362547715467-4/wms/?version=1.3.0","41.6689256089","-76.0898849669","2008","Susquehanna","final_internal","","3","","3","other","100","","","1","","1","other","100","","","3","","3","other","100","","","3","","3","other","100","","","","","","","","","","","","","","",""
"41.58762401-77.00500275---2005","https://mapsengine.google.com/06136759344167181854-15960346301379896183-4/wms/?version=1.3.0","41.5876240059","-77.0050027482","2005","Tioga","missing_internal","","1","","1","other","100","","","","","","fracking|unknown|other","","","","","","","","","","","","","","","","","","","","","","","","","1","","1","other","100",""
"41.07462707-77.80078405---2008","https://mapsengine.google.com/06136759344167181854-00219351362547715467-4/wms/?version=1.3.0","41.0746270714","-77.8007840506","2008","Centre","final_internal","3","","","3","fracking","100","","1","","","1","fracking","100","","","","","","","","","3","","","3","fracking","100","","","","","","","","","","","","","","",""
"41.79572913-77.01902626---2008","https://mapsengine.google.com/06136759344167181854-00219351362547715467-4/wms/?version=1.3.0","41.7957291262","-77.0190262613","2008","Tioga","final_internal","","3","","3","other","100","","","1","","1","other","100","","","","","","","","","","3","","3","other","100","","","","","","","","","","","","","","",""
"41.68232196-76.09325803---2008","https://mapsengine.google.com/06136759344167181854-00219351362547715467-4/wms/?version=1.3.0","41.6823219625","-76.0932580286","2008","Susquehanna","final_internal","","3","","3","other","100","","","1","","1","other","100","","","3","","3","other","100","","","3","","3","other","100","","","","","","","","","","","","","","",""
"39.8302954-79.98344197---2010","https://mapsengine.google.com/06136759344167181854-06191489742681286724-4/wms/?version=1.3.0","39.830295403","-79.9834419671","2010","Greene","sweeper_internal","","1","","1","other","100","","4","4","2","10","fracking|other","","40|40","","","","","","","","","","","","","","","","1","","1","other","100","","","","","","","",""
"40.8780201-79.55252224---2008","https://mapsengine.google.com/06136759344167181854-00219351362547715467-4/wms/?version=1.3.0","40.8780201015","-79.5525222368","2008","Armstrong","first_internal","","3","","3","other","100","","","5","1","6","other","83","","","3","","3","other","100","","","","","","","","","","","","","","","","","","","","","",""
"41.72553846-75.87821197---2010","https://mapsengine.google.com/06136759344167181854-06191489742681286724-4/wms/?version=1.3.0","41.72553846","-75.87821197","2010","Susquehanna","first_internal","","3","","3","other","100","","","13","","13","other","100","","","3","","3","other","100","","","","","","","","","","","","","","","","","","","","","",""
"39.91151058-79.95902336---2010","https://mapsengine.google.com/06136759344167181854-06191489742681286724-4/wms/?version=1.3.0","39.9115105768","-79.9590233639","2010","Greene","sweeper_internal","","1","","1","other","100","","4","5","1","10","other","50","","","","","","","","","","","","","","","","","1","","1","other","100","","","","","","","",""
"40.35493772-80.27364998---2008","https://mapsengine.google.com/06136759344167181854-00219351362547715467-4/wms/?version=1.3.0","40.3549377216","-80.2736499782","2008","Washington","first_internal","","3","","3","other","100","","","8","2","10","other","80","","","3","","3","other","100","","","","","","","","","","","","","","","","","","","","","",""
"41.62182255-76.88622535---2010","https://mapsengine.google.com/06136759344167181854-06191489742681286724-4/wms/?version=1.3.0","41.6218225483","-76.886225348","2010","Tioga","public","","10","","10","other","100","","","10","","10","other","100","","","","","","","","","","","","","","","","","","","","","","","","","","","","",""
"39.94413163-78.89105997---2005","https://mapsengine.google.com/06136759344167181854-15960346301379896183-4/wms/?version=1.3.0","39.9441316274","-78.89105997","2005","Somerset","final_internal","","3","","3","other","100","","","","1","1","unknown","100","","","","","","","","","","3","","3","other","100","","","","","","","","","","","","","","",""
"41.64792618-76.03620225---2010","https://mapsengine.google.com/06136759344167181854-06191489742681286724-4/wms/?version=1.3.0","41.64792618","-76.03620225","2010","Susquehanna","first_internal","","3","","3","other","100","","","10","","10","other","100","","","3","","3","other","100","","","","","","","","","","","","","","","","","","","","","",""
"41.13363704-78.04226039---2010","https://mapsengine.google.com/06136759344167181854-06191489742681286724-4/wms/?version=1.3.0","41.1336370366","-78.0422603856","2010","Centre","public","","9","1","10","other","90","","","9","1","10","other","90","","","","","","","","","","","","","","","","","","","","","","","","","","","","",""
"40.7794837-79.62048637---2008","https://mapsengine.google.com/06136759344167181854-00219351362547715467-4/wms/?version=1.3.0","40.7794836976","-79.6204863668","2008","Armstrong","first_internal","","3","","3","other","100","","","5","1","6","other","83","","","3","","3","other","100","","","","","","","","","","","","","","","","","","","","","",""
"41.34159227-77.17027909---2010","https://mapsengine.google.com/06136759344167181854-06191489742681286724-4/wms/?version=1.3.0","41.3415922718","-77.1702790871","2010","Lycoming","public","","11","","11","other","100","","","11","","11","other","100","","","","","","","","","","","","","","","","","","","","","","","","","","","","",""
"40.28725483-80.3384501---2010","https://mapsengine.google.com/06136759344167181854-06191489742681286724-4/wms/?version=1.3.0","40.2872548292","-80.3384501042","2010","Washington","public","","10","","10","other","100","","","10","","10","other","100","","","","","","","","","","","","","","","","","","","","","","","","","","","","",""
"41.81092043-76.93854645---2010","https://mapsengine.google.com/06136759344167181854-06191489742681286724-4/wms/?version=1.3.0","41.8109204328","-76.9385464485","2010","Tioga","public","","9","1","10","other","90","","","9","1","10","other","90","","","","","","","","","","","","","","","","","","","","","","","","","","","","",""
"40.25529999-79.7608976---2010","https://mapsengine.google.com/06136759344167181854-06191489742681286724-4/wms/?version=1.3.0","40.2552999858","-79.7608976045","2010","Westmoreland","public","13","","","13","fracking","100","","13","","","13","fracking","100","","","","","","","","","","","","","","","","","","","","","","","","","","","","",""
"41.86805973-76.60410522---2008","https://mapsengine.google.com/06136759344167181854-00219351362547715467-4/wms/?version=1.3.0","41.8680597339","-76.6041052154","2008","Bradford","final_internal","","3","","3","other","100","","","1","","1","other","100","","","3","","3","other","100","","","3","","3","other","100","","","","","","","","","","","","","","",""
"39.91576473-80.03110408---2008","https://mapsengine.google.com/06136759344167181854-00219351362547715467-4/wms/?version=1.3.0","39.9157647296","-80.0311040824","2008","Greene","sweeper_internal","","1","","1","other","100","","5","4","1","10","fracking","50","","","2","1","3","other","66","","","","","","","","","","1","","1","other","100","","","","","","","",""
"41.81134638-78.11290614---2010","https://mapsengine.google.com/06136759344167181854-06191489742681286724-4/wms/?version=1.3.0","41.8113463836","-78.1129061437","2010","Potter","public","1","8","1","10","other","80","","1","8","1","10","other","80","","","","","","","","","","","","","","","","","","","","","","","","","","","","",""
"39.99293965-80.2804554---2005","https://mapsengine.google.com/06136759344167181854-15960346301379896183-4/wms/?version=1.3.0","39.9929396451","-80.2804553959","2005","Greene","final_internal","","3","","3","other","100","","","1","","1","other","100","","","","","","","","","","3","","3","other","100","","","","","","","","","","","","","","",""
"39.9302049-79.8577312---2008","https://mapsengine.google.com/06136759344167181854-00219351362547715467-4/wms/?version=1.3.0","39.9302048986","-79.8577311989","2008","Fayette","sweeper_internal","","1","","1","other","100","","7","1","2","10","fracking","70","","2","1","","3","fracking","66","","","","","","","","","","1","","1","other","100","","","","","","","",""
"39.78422087-79.85811945---2010","https://mapsengine.google.com/06136759344167181854-06191489742681286724-4/wms/?version=1.3.0","39.7842208703","-79.8581194495","2010","Fayette","sweeper_internal","","1","","1","other","100","","","7","3","10","other","70","","","","","","","","","","","","","","","","","1","","1","other","100","","","","","","","",""
"39.78125938-78.9720992---2005","https://mapsengine.google.com/06136759344167181854-15960346301379896183-4/wms/?version=1.3.0","39.7812593769","-78.9720991985","2005","Somerset","final_internal","","3","","3","other","100","","","1","","1","other","100","","","","","","","","","","3","","3","other","100","","","","","","","","","","","","","","",""
"41.69383868-77.36083929---2010","https://mapsengine.google.com/06136759344167181854-06191489742681286724-4/wms/?version=1.3.0","41.6938386754","-77.360839295","2010","Tioga","public","11","","","11","fracking","100","","11","","","11","fracking","100","","","","","","","","","","","","","","","","","","","","","","","","","","","","",""
"39.95016264-80.08986546---2005","https://mapsengine.google.com/06136759344167181854-15960346301379896183-4/wms/?version=1.3.0","39.9501626414","-80.0898654648","2005","Greene","final_internal","","3","","3","other","100","","","1","","1","other","100","","","","","","","","","","3","","3","other","100","","","","","","","","","","","","","","",""
"41.69364097-75.84045135---2010","https://mapsengine.google.com/06136759344167181854-06191489742681286724-4/wms/?version=1.3.0","41.69364097","-75.84045135","2010","Susquehanna","first_internal","","3","","3","other","100","","","10","","10","other","100","","","3","","3","other","100","","","","","","","","","","","","","","","","","","","","","",""
"41.72416319-75.90340225---2010","https://mapsengine.google.com/06136759344167181854-06191489742681286724-4/wms/?version=1.3.0","41.72416319","-75.90340225","2010","Susquehanna","first_internal","","3","","3","other","100","","","10","1","11","other","90","","","3","","3","other","100","","","","","","","","","","","","","","","","","","","","","",""
"41.7656174-76.10378413---2010","https://mapsengine.google.com/06136759344167181854-06191489742681286724-4/wms/?version=1.3.0","41.7656174","-76.10378413","2010","Susquehanna","first_internal","2","","1","3","fracking","66","","8","2","","10","fracking","80","","2","","1","3","fracking","66","","","","","","","","","","","","","","","","","","","","","",""
"40.23145306-80.27275531---2010","https://mapsengine.google.com/06136759344167181854-06191489742681286724-4/wms/?version=1.3.0","40.2314530624","-80.2727553142","2010","Washington","public","10","","","10","fracking","100","","10","","","10","fracking","100","","","","","","","","","","","","","","","","","","","","","","","","","","","","",""
"41.28050693-76.63923069---2010","https://mapsengine.google.com/06136759344167181854-06191489742681286724-4/wms/?version=1.3.0","41.2805069302","-76.6392306856","2010","Lycoming","sweeper_internal","1","","","1","fracking","100","","7","1","3","11","fracking","63","","","","","","","","","","","","","","","","1","","","1","fracking","100","","","","","","","",""
"41.85349653-76.9449087---2010","https://mapsengine.google.com/06136759344167181854-06191489742681286724-4/wms/?version=1.3.0","41.8534965342","-76.9449087024","2010","Tioga","public","","10","","10","other","100","","","10","","10","other","100","","","","","","","","","","","","","","","","","","","","","","","","","","","","",""
"40.85967168-79.55093983---2008","https://mapsengine.google.com/06136759344167181854-00219351362547715467-4/wms/?version=1.3.0","40.8596716831","-79.5509398322","2008","Armstrong","first_internal","","3","","3","other","100","","","6","","6","other","100","","","3","","3","other","100","","","","","","","","","","","","","","","","","","","","","",""
"41.71360134-75.90311839---2008","https://mapsengine.google.com/06136759344167181854-00219351362547715467-4/wms/?version=1.3.0","41.7136013406","-75.9031183867","2008","Susquehanna","final_internal","","3","","3","other","100","","","1","","1","other","100","","","3","","3","other","100","","","3","","3","other","100","","","","","","","","","","","","","","",""
"40.87801404-79.52491595---2005","https://mapsengine.google.com/06136759344167181854-15960346301379896183-4/wms/?version=1.3.0","40.878014039","-79.5249159488","2005","Armstrong","final_internal","","3","","3","other","100","","","1","","1","other","100","","","","","","","","","","3","","3","other","100","","","","","","","","","","","","","","",""
"39.72980225-80.0123978---2008","https://mapsengine.google.com/06136759344167181854-00219351362547715467-4/wms/?version=1.3.0","39.7298022489","-80.0123977998","2008","Greene","first_internal","","3","","3","other","100","","2","8","","10","other","80","","","3","","3","other","100","","","","","","","","","","","","","","","","","","","","","",""
"40.10247817-79.79332462---2010","https://mapsengine.google.com/06136759344167181854-06191489742681286724-4/wms/?version=1.3.0","40.1024781725","-79.7933246223","2010","Fayette","public","10","","","10","fracking","100","","10","","","10","fracking","100","","","","","","","","","","","","","","","","","","","","","","","","","","","","",""
"40.35849995-79.33508901---2008","https://mapsengine.google.com/06136759344167181854-00219351362547715467-4/wms/?version=1.3.0","40.3584999516","-79.3350890078","2008","Westmoreland","first_internal","2","1","","3","fracking","66","","1","","","1","fracking","100","","2","1","","3","fracking","66","","","","","","","","","","","","","","","","","","","","","",""
"41.58022532-77.00339884---2010","https://mapsengine.google.com/06136759344167181854-06191489742681286724-4/wms/?version=1.3.0","41.5802253197","-77.0033988395","2010","Tioga","public","","13","","13","other","100","","","13","","13","other","100","","","","","","","","","","","","","","","","","","","","","","","","","","","","",""
"41.68441535-75.90339223---2010","https://mapsengine.google.com/06136759344167181854-06191489742681286724-4/wms/?version=1.3.0","41.684415351","-75.9033922348","2010","Susquehanna","sweeper_internal","","1","","1","other","100","","1","6","3","10","other","60","","","3","","3","other","100","","","","","","","","","","1","","1","other","100","","","","","","","",""
"41.73223974-77.39543751---2008","https://mapsengine.google.com/06136759344167181854-00219351362547715467-4/wms/?version=1.3.0","41.7322397423","-77.3954375066","2008","Tioga","final_internal","","3","","3","other","100","","","1","","1","other","100","","","","","","","","","","3","","3","other","100","","","","","","","","","","","","","","",""
"41.74997232-76.6379289---2005","https://mapsengine.google.com/06136759344167181854-15960346301379896183-4/wms/?version=1.3.0","41.7499723181","-76.6379288985","2005","Bradford","final_internal","","3","","3","other","100","","","1","","1","other","100","","","3","","3","other","100","","","3","","3","other","100","","","","","","","","","","","","","","",""
"41.35305104-78.54894202---2010","https://mapsengine.google.com/06136759344167181854-06191489742681286724-4/wms/?version=1.3.0","41.3530510373","-78.5489420242","2010","Elk","public","","11","","11","other","100","","","11","","11","other","100","","","","","","","","","","","","","","","","","","","","","","","","","","","","",""
"40.21515108-80.31542259---2010","https://mapsengine.google.com/06136759344167181854-06191489742681286724-4/wms/?version=1.3.0","40.2151510779","-80.3154225874","2010","Washington","sweeper_internal","","1","","1","other","100","","6","1","3","10","fracking","60","","","","","","","","","","","","","","","","","1","","1","other","100","","","","","","","",""
"41.73289428-76.83628268---2010","https://mapsengine.google.com/06136759344167181854-06191489742681286724-4/wms/?version=1.3.0","41.73289428","-76.83628268","2010","Bradford","first_internal","","3","","3","other","100","","","12","","12","other","100","","","3","","3","other","100","","","","","","","","","","","","","","","","","","","","","",""
"40.81412107-80.03961397---2005","https://mapsengine.google.com/06136759344167181854-15960346301379896183-4/wms/?version=1.3.0","40.8141210721","-80.0396139713","2005","Butler","final_internal","","3","","3","other","100","","","1","","1","other","100","","","","","","","","","","3","","3","other","100","","","","","","","","","","","","","","",""
"41.87915056-76.86193364---2005","https://mapsengine.google.com/06136759344167181854-15960346301379896183-4/wms/?version=1.3.0","41.8791505566","-76.8619336435","2005","Bradford","final_internal","","3","","3","other","100","","","1","","1","other","100","","","3","","3","other","100","","","3","","3","other","100","","","","","","","","","","","","","","",""
"41.76307285-76.53738003---2008","https://mapsengine.google.com/06136759344167181854-00219351362547715467-4/wms/?version=1.3.0","41.7630728455","-76.5373800339","2008","Bradford","final_internal","","3","","3","other","100","","","1","","1","other","100","","","3","","3","other","100","","","3","","3","other","100","","","","","","","","","","","","","","",""
"40.07575101-80.19287886---2010","https://mapsengine.google.com/06136759344167181854-06191489742681286724-4/wms/?version=1.3.0","40.0757510051","-80.1928788552","2010","Washington","public","","9","1","10","other","90","","","9","1","10","other","90","","","","","","","","","","","","","","","","","","","","","","","","","","","","",""
"41.7366155-75.89148234---2010","https://mapsengine.google.com/06136759344167181854-06191489742681286724-4/wms/?version=1.3.0","41.7366155","-75.89148234","2010","Susquehanna","first_internal","","3","","3","other","100","","","12","","12","other","100","","","3","","3","other","100","","","","","","","","","","","","","","","","","","","","","",""
"41.66823744-76.15504744---2010","https://mapsengine.google.com/06136759344167181854-06191489742681286724-4/wms/?version=1.3.0","41.66823744","-76.15504744","2010","Bradford","first_internal","","3","","3","other","100","","","13","","13","other","100","","","3","","3","other","100","","","","","","","","","","","","","","","","","","","","","",""
"41.69888947-75.83521432---2008","https://mapsengine.google.com/06136759344167181854-00219351362547715467-4/wms/?version=1.3.0","41.6988894666","-75.8352143213","2008","Susquehanna","final_internal","","3","","3","other","100","","","1","","1","other","100","","","3","","3","other","100","","","3","","3","other","100","","","","","","","","","","","","","","",""
"41.79569949-77.01775234---2005","https://mapsengine.google.com/06136759344167181854-15960346301379896183-4/wms/?version=1.3.0","41.7956994904","-77.0177523426","2005","Tioga","final_internal","","3","","3","other","100","","","1","","1","other","100","","","","","","","","","","3","","3","other","100","","","","","","","","","","","","","","",""
"39.91907035-79.93284067---2005","https://mapsengine.google.com/06136759344167181854-15960346301379896183-4/wms/?version=1.3.0","39.9190703487","-79.9328406659","2005","Greene","final_internal","","3","","3","other","100","","","1","","1","other","100","","","","","","","","","","3","","3","other","100","","","","","","","","","","","","","","",""
"39.9385239-79.9680123---2010","https://mapsengine.google.com/06136759344167181854-06191489742681286724-4/wms/?version=1.3.0","39.9385239048","-79.9680123017","2010","Greene","sweeper_internal","1","","","1","fracking","100","","5","4","1","10","fracking","50","","","","","","","","","","","","","","","","1","","","1","fracking","100","","","","","","","",""
"39.93196576-79.86140259---2010","https://mapsengine.google.com/06136759344167181854-06191489742681286724-4/wms/?version=1.3.0","39.9319657638","-79.8614025899","2010","Fayette","public","","12","","12","other","100","","","12","","12","other","100","","","","","","","","","","","","","","","","","","","","","","","","","","","","",""
"40.87958915-79.55811513---2008","https://mapsengine.google.com/06136759344167181854-00219351362547715467-4/wms/?version=1.3.0","40.8795891494","-79.5581151333","2008","Armstrong","first_internal","","3","","3","other","100","","","3","3","6","unknown|other","","50|50","","3","","3","other","100","","","","","","","","","","","","","","","","","","","","","",""
"41.86060881-76.67712183---2010","https://mapsengine.google.com/06136759344167181854-06191489742681286724-4/wms/?version=1.3.0","41.8606088143","-76.677121831","2010","Bradford","sweeper_internal","","1","","1","other","100","","2","7","3","12","other","58","","","3","","3","other","100","","","","","","","","","","1","","1","other","100","","","","","","","",""
"41.56037772-77.06983865---2010","https://mapsengine.google.com/06136759344167181854-06191489742681286724-4/wms/?version=1.3.0","41.5603777187","-77.0698386518","2010","Tioga","sweeper_internal","1","","","1","fracking","100","","4","2","4","10","fracking|unknown","","40|40","","","","","","","","","","","","","","","1","","","1","fracking","100","","","","","","","",""
"40.21753741-79.70314231---2010","https://mapsengine.google.com/06136759344167181854-06191489742681286724-4/wms/?version=1.3.0","40.2175374142","-79.7031423064","2010","Westmoreland","public","10","","","10","fracking","100","","10","","","10","fracking","100","","","","","","","","","","","","","","","","","","","","","","","","","","","","",""
"41.95852842-76.99564501---2008","https://mapsengine.google.com/06136759344167181854-00219351362547715467-4/wms/?version=1.3.0","41.9585284247","-76.9956450089","2008","Tioga","final_internal","","3","","3","other","100","","","1","","1","other","100","","","","","","","","","","3","","3","other","100","","","","","","","","","","","","","","",""
"41.02675789-78.81655876---2010","https://mapsengine.google.com/06136759344167181854-06191489742681286724-4/wms/?version=1.3.0","41.0267578888","-78.8165587615","2010","Jefferson","public","10","","","10","fracking","100","","10","","","10","fracking","100","","","","","","","","","","","","","","","","","","","","","","","","","","","","",""
"40.84250746-79.83406767---2008","https://mapsengine.google.com/06136759344167181854-00219351362547715467-4/wms/?version=1.3.0","40.8425074646","-79.8340676679","2008","Butler","first_internal","","3","","3","other","100","","","2","","2","other","100","","","3","","3","other","100","","","","","","","","","","","","","","","","","","","","","",""
"39.91437028-79.84455703---2010","https://mapsengine.google.com/06136759344167181854-06191489742681286724-4/wms/?version=1.3.0","39.9143702755","-79.8445570306","2010","Fayette","public","","12","","12","other","100","","","12","","12","other","100","","","","","","","","","","","","","","","","","","","","","","","","","","","","",""
"40.2438674-79.76249575---2005","https://mapsengine.google.com/06136759344167181854-15960346301379896183-4/wms/?version=1.3.0","40.2438674012","-79.7624957549","2005","Westmoreland","final_internal","","2","1","3","other","66","","","","1","1","unknown","100","","","","","","","","","","2","1","3","other","66","","","","","","","","","","","","","","",""
"39.93748531-80.02016385---2008","https://mapsengine.google.com/06136759344167181854-00219351362547715467-4/wms/?version=1.3.0","39.9374853082","-80.0201638499","2008","Greene","first_internal","","3","","3","other","100","","","8","2","10","other","80","","","3","","3","other","100","","","","","","","","","","","","","","","","","","","","","",""
"41.6689234-76.08998834---2010","https://mapsengine.google.com/06136759344167181854-06191489742681286724-4/wms/?version=1.3.0","41.6689234","-76.08998834","2010","Susquehanna","first_internal","","3","","3","other","100","","","10","","10","other","100","","","3","","3","other","100","","","","","","","","","","","","","","","","","","","","","",""
"39.88126169-79.98370883---2008","https://mapsengine.google.com/06136759344167181854-00219351362547715467-4/wms/?version=1.3.0","39.8812616861","-79.9837088251","2008","Greene","sweeper_internal","","1","","1","other","100","","1","7","2","10","other","70","","","3","","3","other","100","","","","","","","","","","1","","1","other","100","","","","","","","",""
"41.70994662-75.86617361---2008","https://mapsengine.google.com/06136759344167181854-00219351362547715467-4/wms/?version=1.3.0","41.7099466172","-75.8661736135","2008","Susquehanna","final_internal","1","2","","3","other","66","","","1","","1","other","100","","","3","","3","other","100","","1","2","","3","other","66","","","","","","","","","","","","","","",""
"41.955875-76.95447243---2008","https://mapsengine.google.com/06136759344167181854-00219351362547715467-4/wms/?version=1.3.0","41.955874996","-76.9544724284","2008","Tioga","final_internal","","3","","3","other","100","","1","","","1","fracking","100","","","","","","","","","","3","","3","other","100","","","","","","","","","","","","","","",""
"41.77283814-76.1048079---2008","https://mapsengine.google.com/06136759344167181854-00219351362547715467-4/wms/?version=1.3.0","41.7728381425","-76.1048079005","2008","Susquehanna","final_internal","","3","","3","other","100","","","1","","1","other","100","","","3","","3","other","100","","","3","","3","other","100","","","","","","","","","","","","","","",""
"41.53427685-76.68938661---2005","https://mapsengine.google.com/06136759344167181854-15960346301379896183-4/wms/?version=1.3.0","41.5342768492","-76.6893866065","2005","Sullivan","final_internal","","3","","3","other","100","","","1","","1","other","100","","","3","","3","other","100","","","3","","3","other","100","","","","","","","","","","","","","","",""
"39.93574534-80.29633333---2010","https://mapsengine.google.com/06136759344167181854-06191489742681286724-4/wms/?version=1.3.0","39.9357453381","-80.2963333323","2010","Greene","sweeper_internal","","1","","1","other","100","","3","7","","10","other","70","","","","","","","","","","","","","","","","","1","","1","other","100","","","","","","","",""
"40.08440913-79.71122106---2005","https://mapsengine.google.com/06136759344167181854-15960346301379896183-4/wms/?version=1.3.0","40.0844091315","-79.7112210583","2005","Fayette","final_internal","","3","","3","other","100","","","1","","1","other","100","","","","","","","","","","3","","3","other","100","","","","","","","","","","","","","","",""
"41.6822846-77.58754062---2010","https://mapsengine.google.com/06136759344167181854-06191489742681286724-4/wms/?version=1.3.0","41.6822845971","-77.5875406214","2010","Tioga","public","","10","1","11","other","90","","","10","1","11","other","90","","","","","","","","","","","","","","","","","","","","","","","","","","","","",""
"41.79517252-77.01728826---2008","https://mapsengine.google.com/06136759344167181854-00219351362547715467-4/wms/?version=1.3.0","41.7951725202","-77.0172882619","2008","Tioga","final_internal","","3","","3","other","100","","","1","","1","other","100","","","","","","","","","","3","","3","other","100","","","","","","","","","","","","","","",""
"41.67878116-76.06511065---2008","https://mapsengine.google.com/06136759344167181854-00219351362547715467-4/wms/?version=1.3.0","41.6787811639","-76.0651106475","2008","Susquehanna","final_internal","","3","","3","other","100","","","1","","1","other","100","","","3","","3","other","100","","","3","","3","other","100","","","","","","","","","","","","","","",""
"41.74547578-76.76842542---2005","https://mapsengine.google.com/06136759344167181854-15960346301379896183-4/wms/?version=1.3.0","41.7454757763","-76.7684254177","2005","Bradford","final_internal","","3","","3","other","100","","","1","","1","other","100","","","3","","3","other","100","","","3","","3","other","100","","","","","","","","","","","","","","",""
"40.11930684-79.81634039---2010","https://mapsengine.google.com/06136759344167181854-06191489742681286724-4/wms/?version=1.3.0","40.1193068407","-79.816340395","2010","Fayette","sweeper_internal","","1","","1","other","100","","3","7","","10","other","70","","","","","","","","","","","","","","","","","1","","1","other","100","","","","","","","",""
"41.76594589-76.68991082---2010","https://mapsengine.google.com/06136759344167181854-06191489742681286724-4/wms/?version=1.3.0","41.7659458912","-76.6899108208","2010","Bradford","sweeper_internal","","1","","1","other","100","","2","7","1","10","other","70","","","3","","3","other","100","","","","","","","","","","1","","1","other","100","","","","","","","",""
"40.29884236-80.37888047---2008","https://mapsengine.google.com/06136759344167181854-00219351362547715467-4/wms/?version=1.3.0","40.2988423578","-80.3788804671","2008","Washington","first_internal","1","2","","3","other","66","","6","","2","8","fracking","75","","1","2","","3","other","66","","","","","","","","","","","","","","","","","","","","","",""
"40.60200582-79.18652616---2008","https://mapsengine.google.com/06136759344167181854-00219351362547715467-4/wms/?version=1.3.0","40.6020058184","-79.1865261575","2008","Indiana","first_internal","","3","","3","other","100","","1","","","1","fracking","100","","","3","","3","other","100","","","","","","","","","","","","","","","","","","","","","",""
"41.56636044-76.10190293---2010","https://mapsengine.google.com/06136759344167181854-06191489742681286724-4/wms/?version=1.3.0","41.566360443","-76.1019029259","2010","Wyoming","sweeper_internal","","1","","1","other","100","","3","7","","10","other","70","","","3","","3","other","100","","","","","","","","","","1","","1","other","100","","","","","","","",""
"41.66739343-76.09192302---2008","https://mapsengine.google.com/06136759344167181854-00219351362547715467-4/wms/?version=1.3.0","41.6673934327","-76.0919230208","2008","Susquehanna","final_internal","","3","","3","other","100","","","1","","1","other","100","","","3","","3","other","100","","","3","","3","other","100","","","","","","","","","","","","","","",""
"39.85538243-79.99925133---2005","https://mapsengine.google.com/06136759344167181854-15960346301379896183-4/wms/?version=1.3.0","39.8553824262","-79.9992513335","2005","Greene","final_internal","","3","","3","other","100","","","1","","1","other","100","","","","","","","","","","3","","3","other","100","","","","","","","","","","","","","","",""
"40.23685722-79.73127206---2005","https://mapsengine.google.com/06136759344167181854-15960346301379896183-4/wms/?version=1.3.0","40.2368572223","-79.7312720631","2005","Westmoreland","final_internal","","3","","3","other","100","","","1","","1","other","100","","","","","","","","","","3","","3","other","100","","","","","","","","","","","","","","",""
"41.71258391-75.91278551---2005","https://mapsengine.google.com/06136759344167181854-15960346301379896183-4/wms/?version=1.3.0","41.7125839132","-75.912785506","2005","Susquehanna","final_internal","","3","","3","other","100","","","1","","1","other","100","","","3","","3","other","100","","","3","","3","other","100","","","","","","","","","","","","","","",""
"41.75938547-77.36785242---2005","https://mapsengine.google.com/06136759344167181854-15960346301379896183-4/wms/?version=1.3.0","41.7593854689","-77.3678524221","2005","Tioga","missing_internal","","1","","1","other","100","","","","","","fracking|unknown|other","","","","","","","","","","","","","","","","","","","","","","","","","1","","1","other","100",""
"41.91224111-76.89423083---2005","https://mapsengine.google.com/06136759344167181854-15960346301379896183-4/wms/?version=1.3.0","41.9122411128","-76.894230832","2005","Bradford","final_internal","","3","","3","other","100","","","1","","1","other","100","","","3","","3","other","100","","","3","","3","other","100","","","","","","","","","","","","","","",""
"41.25067892-76.6501043---2010","https://mapsengine.google.com/06136759344167181854-06191489742681286724-4/wms/?version=1.3.0","41.2506789217","-76.6501043034","2010","Lycoming","public","","9","1","10","other","90","","","9","1","10","other","90","","","","","","","","","","","","","","","","","","","","","","","","","","","","",""
"39.92786633-79.96183015---2010","https://mapsengine.google.com/06136759344167181854-06191489742681286724-4/wms/?version=1.3.0","39.9278663277","-79.9618301486","2010","Greene","sweeper_internal","1","","","1","fracking","100","","5","4","1","10","fracking","50","","","","","","","","","","","","","","","","1","","","1","fracking","100","","","","","","","",""
"40.26007901-80.46390368---2008","https://mapsengine.google.com/06136759344167181854-00219351362547715467-4/wms/?version=1.3.0","40.2600790115","-80.4639036809","2008","Washington","first_internal","","3","","3","other","100","","1","6","1","8","other","75","","","3","","3","other","100","","","","","","","","","","","","","","","","","","","","","",""
"39.90765256-79.9897957---2010","https://mapsengine.google.com/06136759344167181854-06191489742681286724-4/wms/?version=1.3.0","39.9076525565","-79.9897957039","2010","Greene","sweeper_internal","","1","","1","other","100","","2","6","2","10","other","60","","","","","","","","","","","","","","","","","1","","1","other","100","","","","","","","",""
"41.70272745-76.71859979---2005","https://mapsengine.google.com/06136759344167181854-15960346301379896183-4/wms/?version=1.3.0","41.7027274544","-76.718599793","2005","Bradford","final_internal","","3","","3","other","100","","","1","","1","other","100","","","3","","3","other","100","","","3","","3","other","100","","","","","","","","","","","","","","",""
"41.76678649-76.84445711---2010","https://mapsengine.google.com/06136759344167181854-06191489742681286724-4/wms/?version=1.3.0","41.76678649","-76.84445711","2010","Bradford","first_internal","","3","","3","other","100","","","10","","10","other","100","","","3","","3","other","100","","","","","","","","","","","","","","","","","","","","","",""
"41.21067926-78.72155188---2008","https://mapsengine.google.com/06136759344167181854-00219351362547715467-4/wms/?version=1.3.0","41.2106792641","-78.7215518785","2008","Jefferson","first_internal","","3","","3","other","100","","","8","","8","other","100","","","3","","3","other","100","","","","","","","","","","","","","","","","","","","","","",""
"40.27233053-80.30916167---2010","https://mapsengine.google.com/06136759344167181854-06191489742681286724-4/wms/?version=1.3.0","40.2723305299","-80.3091616711","2010","Washington","sweeper_internal","","1","","1","other","100","","3","5","2","10","other","50","","","","","","","","","","","","","","","","","1","","1","other","100","","","","","","","",""
"41.70065393-75.89015672---2010","https://mapsengine.google.com/06136759344167181854-06191489742681286724-4/wms/?version=1.3.0","41.70065393","-75.89015672","2010","Susquehanna","first_internal","2","","1","3","fracking","66","","11","","","11","fracking","100","","2","","1","3","fracking","66","","","","","","","","","","","","","","","","","","","","","",""
"41.42224946-76.87591451---2010","https://mapsengine.google.com/06136759344167181854-06191489742681286724-4/wms/?version=1.3.0","41.4222494595","-76.8759145088","2010","Lycoming","public","","10","","10","other","100","","","10","","10","other","100","","","","","","","","","","","","","","","","","","","","","","","","","","","","",""
"40.20605847-79.73415458---2010","https://mapsengine.google.com/06136759344167181854-06191489742681286724-4/wms/?version=1.3.0","40.20605847","-79.7341545819","2010","Westmoreland","public","","10","","10","other","100","","","10","","10","other","100","","","","","","","","","","","","","","","","","","","","","","","","","","","","",""
"41.72840245-75.88110095---2008","https://mapsengine.google.com/06136759344167181854-00219351362547715467-4/wms/?version=1.3.0","41.7284024513","-75.8811009513","2008","Susquehanna","final_internal","","3","","3","other","100","","","1","","1","other","100","","","3","","3","other","100","","","3","","3","other","100","","","","","","","","","","","","","","",""
"39.97638022-79.99404667---2010","https://mapsengine.google.com/06136759344167181854-06191489742681286724-4/wms/?version=1.3.0","39.9763802158","-79.9940466694","2010","Fayette","public","","10","","10","other","100","","","10","","10","other","100","","","","","","","","","","","","","","","","","","","","","","","","","","","","",""
"41.86838094-76.05708961---2008","https://mapsengine.google.com/06136759344167181854-00219351362547715467-4/wms/?version=1.3.0","41.8683809403","-76.0570896069","2008","Susquehanna","final_internal","","3","","3","other","100","","","1","","1","other","100","","","3","","3","other","100","","","3","","3","other","100","","","","","","","","","","","","","","",""
"39.9336464-80.00382318---2008","https://mapsengine.google.com/06136759344167181854-00219351362547715467-4/wms/?version=1.3.0","39.9336463984","-80.0038231799","2008","Greene","sweeper_internal","","1","","1","other","100","","5","2","3","10","fracking","50","","","1","2","3","unknown","66","","","","","","","","","","1","","1","other","100","","","","","","","",""
"41.70099536-75.96183176---2005","https://mapsengine.google.com/06136759344167181854-15960346301379896183-4/wms/?version=1.3.0","41.7009953574","-75.9618317622","2005","Susquehanna","final_internal","","3","","3","other","100","","","1","","1","other","100","","","3","","3","other","100","","","3","","3","other","100","","","","","","","","","","","","","","",""
"40.24886543-79.74503751---2008","https://mapsengine.google.com/06136759344167181854-00219351362547715467-4/wms/?version=1.3.0","40.2488654322","-79.7450375071","2008","Westmoreland","first_internal","3","","1","4","fracking","75","","","","1","1","unknown","100","","3","","1","4","fracking","75","","","","","","","","","","","","","","","","","","","","","",""
"40.01623883-79.63472167---2010","https://mapsengine.google.com/06136759344167181854-06191489742681286724-4/wms/?version=1.3.0","40.0162388267","-79.6347216749","2010","Fayette","sweeper_internal","","1","","1","other","100","","2","9","1","12","other","75","","","","","","","","","","","","","","","","","1","","1","other","100","","","","","","","",""
"40.25635152-80.38595861---2005","https://mapsengine.google.com/06136759344167181854-15960346301379896183-4/wms/?version=1.3.0","40.256351519","-80.3859586078","2005","Washington","final_internal","","3","","3","other","100","","","1","","1","other","100","","","","","","","","","","3","","3","other","100","","","","","","","","","","","","","","",""
"41.98663975-76.97825797---2010","https://mapsengine.google.com/06136759344167181854-06191489742681286724-4/wms/?version=1.3.0","41.9866397473","-76.978257971","2010","Tioga","public","","11","","11","other","100","","","11","","11","other","100","","","","","","","","","","","","","","","","","","","","","","","","","","","","",""
"41.76919607-76.67135955---2010","https://mapsengine.google.com/06136759344167181854-06191489742681286724-4/wms/?version=1.3.0","41.76919607","-76.67135955","2010","Bradford","first_internal","","3","","3","other","100","","","10","","10","other","100","","","3","","3","other","100","","","","","","","","","","","","","","","","","","","","","",""
"41.67675959-76.98211233---2010","https://mapsengine.google.com/06136759344167181854-06191489742681286724-4/wms/?version=1.3.0","41.6767595889","-76.9821123259","2010","Tioga","public","","10","","10","other","100","","","10","","10","other","100","","","","","","","","","","","","","","","","","","","","","","","","","","","","",""
"40.21023801-80.3736269---2010","https://mapsengine.google.com/06136759344167181854-06191489742681286724-4/wms/?version=1.3.0","40.2102380144","-80.3736268956","2010","Washington","public","","10","","10","other","100","","","10","","10","other","100","","","","","","","","","","","","","","","","","","","","","","","","","","","","",""
"40.24295203-79.78245311---2010","https://mapsengine.google.com/06136759344167181854-06191489742681286724-4/wms/?version=1.3.0","40.242952034","-79.7824531149","2010","Westmoreland","public","10","","","10","fracking","100","","10","","","10","fracking","100","","","","","","","","","","","","","","","","","","","","","","","","","","","","",""
"41.27199045-76.63786027---2010","https://mapsengine.google.com/06136759344167181854-06191489742681286724-4/wms/?version=1.3.0","41.2719904463","-76.6378602674","2010","Lycoming","sweeper_internal","1","","","1","fracking","100","","3","5","2","10","other","50","","","","","","","","","","","","","","","","1","","","1","fracking","100","","","","","","","",""
"40.09242755-79.96772869---2010","https://mapsengine.google.com/06136759344167181854-06191489742681286724-4/wms/?version=1.3.0","40.0924275483","-79.9677286859","2010","Washington","public","9","","1","10","fracking","90","","9","","1","10","fracking","90","","","","","","","","","","","","","","","","","","","","","","","","","","","","",""
"40.86095415-79.50498856---2005","https://mapsengine.google.com/06136759344167181854-15960346301379896183-4/wms/?version=1.3.0","40.8609541483","-79.5049885586","2005","Armstrong","final_internal","","3","","3","other","100","","","1","","1","other","100","","","","","","","","","","3","","3","other","100","","","","","","","","","","","","","","",""
"41.76926772-77.00179418---2005","https://mapsengine.google.com/06136759344167181854-15960346301379896183-4/wms/?version=1.3.0","41.769267723","-77.001794183","2005","Tioga","final_internal","","3","","3","other","100","","","1","","1","other","100","","","","","","","","","","3","","3","other","100","","","","","","","","","","","","","","",""
"41.57897446-76.03869309---2008","https://mapsengine.google.com/06136759344167181854-00219351362547715467-4/wms/?version=1.3.0","41.5789744642","-76.0386930922","2008","Wyoming","final_internal","","3","","3","other","100","","","","1","1","unknown","100","","","1","2","3","unknown","66","","","3","","3","other","100","","","","","","","","","","","","","","",""
"41.70042946-75.84681985---2010","https://mapsengine.google.com/06136759344167181854-06191489742681286724-4/wms/?version=1.3.0","41.70042946","-75.84681985","2010","Susquehanna","first_internal","","3","","3","other","100","","","10","","10","other","100","","","3","","3","other","100","","","","","","","","","","","","","","","","","","","","","",""
"41.73557324-76.56911143---2010","https://mapsengine.google.com/06136759344167181854-06191489742681286724-4/wms/?version=1.3.0","41.73557324","-76.56911143","2010","Bradford","first_internal","","3","","3","other","100","","","13","","13","other","100","","","3","","3","other","100","","","","","","","","","","","","","","","","","","","","","",""
"41.5798796-77.00389946---2005","https://mapsengine.google.com/06136759344167181854-15960346301379896183-4/wms/?version=1.3.0","41.5798796027","-77.0038994614","2005","Tioga","missing_internal","","1","","1","other","100","","","","","","fracking|unknown|other","","","","","","","","","","","","","","","","","","","","","","","","","1","","1","other","100",""
"39.73368365-79.80034339---2010","https://mapsengine.google.com/06136759344167181854-06191489742681286724-4/wms/?version=1.3.0","39.7336836459","-79.8003433921","2010","Fayette","public","10","","","10","fracking","100","","10","","","10","fracking","100","","","","","","","","","","","","","","","","","","","","","","","","","","","","",""
"41.84005156-76.05447821---2005","https://mapsengine.google.com/06136759344167181854-15960346301379896183-4/wms/?version=1.3.0","41.840051562","-76.0544782052","2005","Susquehanna","final_internal","","3","","3","other","100","","","1","","1","other","100","","","3","","3","other","100","","","3","","3","other","100","","","","","","","","","","","","","","",""
"40.69766141-78.90827474---2008","https://mapsengine.google.com/06136759344167181854-00219351362547715467-4/wms/?version=1.3.0","40.6976614121","-78.9082747411","2008","Indiana","final_internal","","3","","3","other","100","","","3","","3","other","100","","","","","","","","","","3","","3","other","100","","","","","","","","","","","","","","",""
"41.73419454-76.00919349---2010","https://mapsengine.google.com/06136759344167181854-06191489742681286724-4/wms/?version=1.3.0","41.73419454","-76.00919349","2010","Susquehanna","first_internal","","3","","3","other","100","","","10","","10","other","100","","","3","","3","other","100","","","","","","","","","","","","","","","","","","","","","",""
"39.89361693-80.00006052---2008","https://mapsengine.google.com/06136759344167181854-00219351362547715467-4/wms/?version=1.3.0","39.8936169316","-80.0000605228","2008","Greene","sweeper_internal","","1","","1","other","100","","2","5","3","10","other","50","","","3","","3","other","100","","","","","","","","","","1","","1","other","100","","","","","","","",""
"41.73211595-76.82334985---2008","https://mapsengine.google.com/06136759344167181854-00219351362547715467-4/wms/?version=1.3.0","41.7321159491","-76.8233498532","2008","Bradford","final_internal","","3","","3","other","100","","","1","","1","other","100","","","3","","3","other","100","","","3","","3","other","100","","","","","","","","","","","","","","",""
"41.74038928-75.87390285---2008","https://mapsengine.google.com/06136759344167181854-00219351362547715467-4/wms/?version=1.3.0","41.7403892758","-75.8739028536","2008","Susquehanna","final_internal","","3","","3","other","100","","","1","","1","other","100","","","3","","3","other","100","","","3","","3","other","100","","","","","","","","","","","","","","",""
"40.15555419-79.74487121---2010","https://mapsengine.google.com/06136759344167181854-06191489742681286724-4/wms/?version=1.3.0","40.155554191","-79.7448712091","2010","Westmoreland","public","","10","","10","other","100","","","10","","10","other","100","","","","","","","","","","","","","","","","","","","","","","","","","","","","",""
"39.88099478-79.98383363---2005","https://mapsengine.google.com/06136759344167181854-15960346301379896183-4/wms/?version=1.3.0","39.8809947835","-79.9838336308","2005","Greene","final_internal","","3","","3","other","100","","","1","","1","other","100","","","","","","","","","","3","","3","other","100","","","","","","","","","","","","","","",""
"41.66409476-75.67373667---2005","https://mapsengine.google.com/06136759344167181854-15960346301379896183-4/wms/?version=1.3.0","41.6640947644","-75.6737366724","2005","Susquehanna","final_internal","","3","","3","other","100","","","1","","1","other","100","","","3","","3","other","100","","","3","","3","other","100","","","","","","","","","","","","","","",""
"41.68493863-76.64932838---2008","https://mapsengine.google.com/06136759344167181854-00219351362547715467-4/wms/?version=1.3.0","41.6849386264","-76.6493283814","2008","Bradford","final_internal","","3","","3","other","100","","","1","","1","other","100","","","3","","3","other","100","","","3","","3","other","100","","","","","","","","","","","","","","",""
"40.78910292-78.6153202---2010","https://mapsengine.google.com/06136759344167181854-06191489742681286724-4/wms/?version=1.3.0","40.789102924","-78.6153202047","2010","Clearfield","public","","16","","16","other","100","","","16","","16","other","100","","","","","","","","","","","","","","","","","","","","","","","","","","","","",""
"40.22119355-79.70607678---2010","https://mapsengine.google.com/06136759344167181854-06191489742681286724-4/wms/?version=1.3.0","40.221193547","-79.7060767773","2010","Westmoreland","public","","10","","10","other","100","","","10","","10","other","100","","","","","","","","","","","","","","","","","","","","","","","","","","","","",""
"40.74732832-79.50734575---2010","https://mapsengine.google.com/06136759344167181854-06191489742681286724-4/wms/?version=1.3.0","40.7473283227","-79.5073457484","2010","Armstrong","public","10","","","10","fracking","100","","10","","","10","fracking","100","","","","","","","","","","","","","","","","","","","","","","","","","","","","",""
"41.76788488-76.24769123---2005","https://mapsengine.google.com/06136759344167181854-15960346301379896183-4/wms/?version=1.3.0","41.7678848788","-76.2476912299","2005","Bradford","final_internal","","3","","3","other","100","","","1","","1","other","100","","","3","","3","other","100","","","3","","3","other","100","","","","","","","","","","","","","","",""
"40.28755803-80.29985155---2010","https://mapsengine.google.com/06136759344167181854-06191489742681286724-4/wms/?version=1.3.0","40.287558028","-80.2998515504","2010","Washington","public","","10","","10","other","100","","","10","","10","other","100","","","","","","","","","","","","","","","","","","","","","","","","","","","","",""
"40.17486348-80.40946866---2010","https://mapsengine.google.com/06136759344167181854-06191489742681286724-4/wms/?version=1.3.0","40.1748634834","-80.4094686638","2010","Washington","public","","9","1","10","other","90","","","9","1","10","other","90","","","","","","","","","","","","","","","","","","","","","","","","","","","","",""
"41.71622972-75.87390578---2005","https://mapsengine.google.com/06136759344167181854-15960346301379896183-4/wms/?version=1.3.0","41.7162297208","-75.873905777","2005","Susquehanna","final_internal","","4","","4","other","100","","","1","","1","other","100","","","3","","3","other","100","","","4","","4","other","100","","","","","","","","","","","","","","",""
"41.77796759-75.94290533---2008","https://mapsengine.google.com/06136759344167181854-00219351362547715467-4/wms/?version=1.3.0","41.7779675942","-75.9429053308","2008","Susquehanna","final_internal","","3","","3","other","100","","","1","","1","other","100","","","3","","3","other","100","","","3","","3","other","100","","","","","","","","","","","","","","",""
"41.7603847-75.97247096---2008","https://mapsengine.google.com/06136759344167181854-00219351362547715467-4/wms/?version=1.3.0","41.7603847002","-75.9724709622","2008","Susquehanna","final_internal","","3","","3","other","100","","","1","","1","other","100","","","3","","3","other","100","","","3","","3","other","100","","","","","","","","","","","","","","",""
"39.93274824-79.84681088---2010","https://mapsengine.google.com/06136759344167181854-06191489742681286724-4/wms/?version=1.3.0","39.9327482372","-79.846810881","2010","Fayette","public","","10","","10","other","100","","","10","","10","other","100","","","","","","","","","","","","","","","","","","","","","","","","","","","","",""
"41.75890507-76.99135371---2005","https://mapsengine.google.com/06136759344167181854-15960346301379896183-4/wms/?version=1.3.0","41.7589050698","-76.9913537073","2005","Tioga","missing_internal","","1","","1","other","100","","","","","","fracking|unknown|other","","","","","","","","","","","","","","","","","","","","","","","","","1","","1","other","100",""
"40.74168006-79.61607413---2010","https://mapsengine.google.com/06136759344167181854-06191489742681286724-4/wms/?version=1.3.0","40.7416800571","-79.6160741347","2010","Armstrong","public","","10","","10","other","100","","","10","","10","other","100","","","","","","","","","","","","","","","","","","","","","","","","","","","","",""
"39.83556724-79.53440915---2008","https://mapsengine.google.com/06136759344167181854-00219351362547715467-4/wms/?version=1.3.0","39.83556724","-79.5344091503","2008","Fayette","first_internal","","3","","3","other","100","","","10","","10","other","100","","","3","","3","other","100","","","","","","","","","","","","","","","","","","","","","",""
"40.24524036-80.35034492---2010","https://mapsengine.google.com/06136759344167181854-06191489742681286724-4/wms/?version=1.3.0","40.2452403616","-80.3503449158","2010","Washington","public","10","","","10","fracking","100","","10","","","10","fracking","100","","","","","","","","","","","","","","","","","","","","","","","","","","","","",""
"40.86085134-79.57862335---2010","https://mapsengine.google.com/06136759344167181854-06191489742681286724-4/wms/?version=1.3.0","40.8608513444","-79.5786233498","2010","Armstrong","public","9","1","","10","fracking","90","","9","1","","10","fracking","90","","","","","","","","","","","","","","","","","","","","","","","","","","","","",""
"41.57061742-76.09951372---2008","https://mapsengine.google.com/06136759344167181854-00219351362547715467-4/wms/?version=1.3.0","41.5706174221","-76.0995137176","2008","Wyoming","final_internal","","4","","4","other","100","","","1","","1","other","100","","","3","","3","other","100","","","4","","4","other","100","","","","","","","","","","","","","","",""
"40.3366787-79.36549745---2010","https://mapsengine.google.com/06136759344167181854-06191489742681286724-4/wms/?version=1.3.0","40.3366787046","-79.3654974486","2010","Westmoreland","public","10","","","10","fracking","100","","10","","","10","fracking","100","","","","","","","","","","","","","","","","","","","","","","","","","","","","",""
"41.16403995-78.47169274---2010","https://mapsengine.google.com/06136759344167181854-06191489742681286724-4/wms/?version=1.3.0","41.1640399521","-78.4716927359","2010","Clearfield","sweeper_internal","","1","","1","other","100","","4","8","9","21","unknown","42","","","","","","","","","","","","","","","","","1","","1","other","100","","","","","","","",""
"40.74860703-80.03453891---2010","https://mapsengine.google.com/06136759344167181854-06191489742681286724-4/wms/?version=1.3.0","40.748607026","-80.0345389145","2010","Butler","sweeper_internal","","1","","1","other","100","","8","8","5","21","fracking|other","","38|38","","","","","","","","","","","","","","","","1","","1","other","100","","","","","","","",""
"39.89455585-80.00105282---2010","https://mapsengine.google.com/06136759344167181854-06191489742681286724-4/wms/?version=1.3.0","39.8945558522","-80.0010528213","2010","Greene","sweeper_internal","","1","","1","other","100","","3","4","3","10","other","40","","","","","","","","","","","","","","","","","1","","1","other","100","","","","","","","",""
"41.7543158-76.73406371---2008","https://mapsengine.google.com/06136759344167181854-00219351362547715467-4/wms/?version=1.3.0","41.7543157979","-76.7340637139","2008","Bradford","final_internal","","3","","3","other","100","","","1","","1","other","100","","","3","","3","other","100","","","3","","3","other","100","","","","","","","","","","","","","","",""
"40.62685487-79.36295461---2010","https://mapsengine.google.com/06136759344167181854-06191489742681286724-4/wms/?version=1.3.0","40.6268548748","-79.3629546113","2010","Armstrong","public","","10","","10","other","100","","","10","","10","other","100","","","","","","","","","","","","","","","","","","","","","","","","","","","","",""
"39.942818-79.83950463---2005","https://mapsengine.google.com/06136759344167181854-15960346301379896183-4/wms/?version=1.3.0","39.9428179982","-79.8395046325","2005","Fayette","final_internal","","3","","3","other","100","","","1","","1","other","100","","","","","","","","","","3","","3","other","100","","","","","","","","","","","","","","",""
"40.56719986-79.22441207---2008","https://mapsengine.google.com/06136759344167181854-00219351362547715467-4/wms/?version=1.3.0","40.5671998635","-79.2244120716","2008","Indiana","first_internal","","3","","3","other","100","","","1","","1","other","100","","","3","","3","other","100","","","","","","","","","","","","","","","","","","","","","",""
"41.35128245-76.57948473---2008","https://mapsengine.google.com/06136759344167181854-00219351362547715467-4/wms/?version=1.3.0","41.3512824493","-76.5794847275","2008","Sullivan","final_internal","","3","","3","other","100","","","1","","1","other","100","","","3","","3","other","100","","","3","","3","other","100","","","","","","","","","","","","","","",""
"41.77410353-76.85658065---2005","https://mapsengine.google.com/06136759344167181854-15960346301379896183-4/wms/?version=1.3.0","41.7741035267","-76.8565806497","2005","Bradford","final_internal","","3","","3","other","100","","","1","","1","other","100","","","3","","3","other","100","","","3","","3","other","100","","","","","","","","","","","","","","",""
"41.83665235-76.96109565---2008","https://mapsengine.google.com/06136759344167181854-00219351362547715467-4/wms/?version=1.3.0","41.8366523516","-76.9610956515","2008","Tioga","final_internal","","3","","3","other","100","","","1","","1","other","100","","","","","","","","","","3","","3","other","100","","","","","","","","","","","","","","",""
"41.69195196-77.66041811---2005","https://mapsengine.google.com/06136759344167181854-15960346301379896183-4/wms/?version=1.3.0","41.6919519637","-77.6604181058","2005","Potter","final_internal","","3","","3","other","100","","","1","","1","other","100","","","","","","","","","","3","","3","other","100","","","","","","","","","","","","","","",""
"40.20241337-79.74133068---2008","https://mapsengine.google.com/06136759344167181854-00219351362547715467-4/wms/?version=1.3.0","40.2024133705","-79.7413306757","2008","Westmoreland","first_internal","2","","1","3","fracking","66","","1","","","1","fracking","100","","2","","1","3","fracking","66","","","","","","","","","","","","","","","","","","","","","",""
"40.27914915-80.21220763---2010","https://mapsengine.google.com/06136759344167181854-06191489742681286724-4/wms/?version=1.3.0","40.2791491496","-80.2122076273","2010","Washington","public","","9","1","10","other","90","","","9","1","10","other","90","","","","","","","","","","","","","","","","","","","","","","","","","","","","",""
"41.75922593-77.38064096---2010","https://mapsengine.google.com/06136759344167181854-06191489742681286724-4/wms/?version=1.3.0","41.7592259273","-77.3806409649","2010","Tioga","public","","11","","11","other","100","","","11","","11","other","100","","","","","","","","","","","","","","","","","","","","","","","","","","","","",""
"41.75944184-77.36779764---2010","https://mapsengine.google.com/06136759344167181854-06191489742681286724-4/wms/?version=1.3.0","41.7594418432","-77.3677976383","2010","Tioga","public","","11","","11","other","100","","","11","","11","other","100","","","","","","","","","","","","","","","","","","","","","","","","","","","","",""
"41.87920638-76.8620379---2008","https://mapsengine.google.com/06136759344167181854-00219351362547715467-4/wms/?version=1.3.0","41.8792063778","-76.8620378993","2008","Bradford","final_internal","","3","","3","other","100","","","1","","1","other","100","","","3","","3","other","100","","","3","","3","other","100","","","","","","","","","","","","","","",""
"41.68948877-76.09226426---2005","https://mapsengine.google.com/06136759344167181854-15960346301379896183-4/wms/?version=1.3.0","41.6894887668","-76.0922642599","2005","Susquehanna","final_internal","","3","","3","other","100","","","1","","1","other","100","","","3","","3","other","100","","","3","","3","other","100","","","","","","","","","","","","","","",""
"41.68056844-77.5804269---2010","https://mapsengine.google.com/06136759344167181854-06191489742681286724-4/wms/?version=1.3.0","41.6805684392","-77.5804268985","2010","Tioga","public","11","","","11","fracking","100","","11","","","11","fracking","100","","","","","","","","","","","","","","","","","","","","","","","","","","","","",""
"39.86133635-79.540165---2010","https://mapsengine.google.com/06136759344167181854-06191489742681286724-4/wms/?version=1.3.0","39.8613363529","-79.5401649998","2010","Fayette","sweeper_internal","","1","","1","other","100","","4","3","4","11","fracking|unknown","","36|36","","","","","","","","","","","","","","","","1","","1","other","100","","","","","","","",""
"41.57701906-77.06090135---2008","https://mapsengine.google.com/06136759344167181854-00219351362547715467-4/wms/?version=1.3.0","41.5770190636","-77.060901348","2008","Tioga","final_internal","","3","","3","other","100","","","1","","1","other","100","","","","","","","","","","3","","3","other","100","","","","","","","","","","","","","","",""
"40.86461576-79.49327826---2008","https://mapsengine.google.com/06136759344167181854-00219351362547715467-4/wms/?version=1.3.0","40.8646157566","-79.4932782626","2008","Armstrong","first_internal","","3","","3","other","100","","1","4","1","6","other","66","","","3","","3","other","100","","","","","","","","","","","","","","","","","","","","","",""
"41.68221907-75.87409403---2010","https://mapsengine.google.com/06136759344167181854-06191489742681286724-4/wms/?version=1.3.0","41.6822190675","-75.8740940269","2010","Susquehanna","sweeper_internal","","1","","1","other","100","","4","6","","10","other","60","","1","2","","3","other","66","","","","","","","","","","1","","1","other","100","","","","","","","",""
"41.52768883-76.68290528---2008","https://mapsengine.google.com/06136759344167181854-00219351362547715467-4/wms/?version=1.3.0","41.5276888255","-76.6829052839","2008","Sullivan","final_internal","","3","","3","other","100","","","1","","1","other","100","","","3","","3","other","100","","","3","","3","other","100","","","","","","","","","","","","","","",""
"41.99506319-77.54689104---2005","https://mapsengine.google.com/06136759344167181854-15960346301379896183-4/wms/?version=1.3.0","41.995063191","-77.5468910381","2005","Tioga","missing_internal","","1","","1","other","100","","","","","","fracking|unknown|other","","","","","","","","","","","","","","","","","","","","","","","","","1","","1","other","100",""
"40.83094867-80.04530393---2010","https://mapsengine.google.com/06136759344167181854-06191489742681286724-4/wms/?version=1.3.0","40.8309486674","-80.0453039339","2010","Butler","public","","18","2","20","other","90","","","18","2","20","other","90","","","","","","","","","","","","","","","","","","","","","","","","","","","","",""
"41.58982931-77.09276678---2008","https://mapsengine.google.com/06136759344167181854-00219351362547715467-4/wms/?version=1.3.0","41.5898293055","-77.0927667793","2008","Tioga","final_internal","","3","","3","other","100","","","1","","1","other","100","","","","","","","","","","3","","3","other","100","","","","","","","","","","","","","","",""
"41.55903164-76.46443257---2010","https://mapsengine.google.com/06136759344167181854-06191489742681286724-4/wms/?version=1.3.0","41.55903164","-76.46443257","2010","Sullivan","first_internal","","3","","3","other","100","","","11","","11","other","100","","","3","","3","other","100","","","","","","","","","","","","","","","","","","","","","",""
"41.76368809-76.24540155---2010","https://mapsengine.google.com/06136759344167181854-06191489742681286724-4/wms/?version=1.3.0","41.7636880857","-76.2454015541","2010","Bradford","sweeper_internal","","1","","1","other","100","","2","5","4","11","other","45","","","3","","3","other","100","","","","","","","","","","1","","1","other","100","","","","","","","",""
"41.64861018-76.3203762---2008","https://mapsengine.google.com/06136759344167181854-00219351362547715467-4/wms/?version=1.3.0","41.6486101804","-76.320376197","2008","Bradford","final_internal","","3","","3","other","100","","","1","","1","other","100","","","3","","3","other","100","","","3","","3","other","100","","","","","","","","","","","","","","",""
"41.5785279-76.91558638---2010","https://mapsengine.google.com/06136759344167181854-06191489742681286724-4/wms/?version=1.3.0","41.5785278994","-76.9155863825","2010","Lycoming","public","","11","","11","other","100","","","11","","11","other","100","","","","","","","","","","","","","","","","","","","","","","","","","","","","",""
"41.71507991-76.41608228---2010","https://mapsengine.google.com/06136759344167181854-06191489742681286724-4/wms/?version=1.3.0","41.7150799143","-76.416082285","2010","Bradford","public","","10","","10","other","100","","","10","","10","other","100","","","","","","","","","","","","","","","","","","","","","","","","","","","","",""
"39.81222951-80.47159022---2010","https://mapsengine.google.com/06136759344167181854-06191489742681286724-4/wms/?version=1.3.0","39.8122295056","-80.4715902207","2010","Greene","public","","10","","10","other","100","","","10","","10","other","100","","","","","","","","","","","","","","","","","","","","","","","","","","","","",""
"39.72961184-79.99275515---2008","https://mapsengine.google.com/06136759344167181854-00219351362547715467-4/wms/?version=1.3.0","39.7296118377","-79.9927551487","2008","Greene","first_internal","","3","","3","other","100","","","10","","10","other","100","","","3","","3","other","100","","","","","","","","","","","","","","","","","","","","","",""
"40.83959197-79.69096516---2010","https://mapsengine.google.com/06136759344167181854-06191489742681286724-4/wms/?version=1.3.0","40.8395919742","-79.690965164","2010","Armstrong","sweeper_internal","","1","","1","other","100","","1","6","3","10","other","60","","","","","","","","","","","","","","","","","1","","1","other","100","","","","","","","",""
"39.97826176-80.07247322---2008","https://mapsengine.google.com/06136759344167181854-00219351362547715467-4/wms/?version=1.3.0","39.9782617609","-80.0724732152","2008","Greene","first_internal","","3","","3","other","100","","","10","","10","other","100","","","3","","3","other","100","","","","","","","","","","","","","","","","","","","","","",""
"41.71838472-76.85416378---2010","https://mapsengine.google.com/06136759344167181854-06191489742681286724-4/wms/?version=1.3.0","41.71838472","-76.85416378","2010","Bradford","first_internal","3","","","3","fracking","100","","15","","","15","fracking","100","","3","","","3","fracking","100","","","","","","","","","","","","","","","","","","","","","",""
"40.74576185-79.50848879---2010","https://mapsengine.google.com/06136759344167181854-06191489742681286724-4/wms/?version=1.3.0","40.7457618531","-79.5084887933","2010","Armstrong","public","11","","","11","fracking","100","","11","","","11","fracking","100","","","","","","","","","","","","","","","","","","","","","","","","","","","","",""
"39.94525215-78.88976003---2005","https://mapsengine.google.com/06136759344167181854-15960346301379896183-4/wms/?version=1.3.0","39.9452521508","-78.8897600266","2005","Somerset","final_internal","","3","","3","other","100","","","","1","1","unknown","100","","","","","","","","","","3","","3","other","100","","","","","","","","","","","","","","",""
"41.20157887-79.21244698---2005","https://mapsengine.google.com/06136759344167181854-15960346301379896183-4/wms/?version=1.3.0","41.2015788713","-79.2124469849","2005","Clarion","final_internal","","3","","3","other","100","","","1","","1","other","100","","","","","","","","","","3","","3","other","100","","","","","","","","","","","","","","",""
"39.84669557-79.87173634---2008","https://mapsengine.google.com/06136759344167181854-00219351362547715467-4/wms/?version=1.3.0","39.846695568","-79.8717363358","2008","Fayette","first_internal","","3","","3","other","100","","","10","","10","other","100","","","3","","3","other","100","","","","","","","","","","","","","","","","","","","","","",""
"40.79601463-78.61673694---2008","https://mapsengine.google.com/06136759344167181854-00219351362547715467-4/wms/?version=1.3.0","40.7960146279","-78.6167369419","2008","Clearfield","first_internal","","3","","3","other","100","","","2","","2","other","100","","","3","","3","other","100","","","","","","","","","","","","","","","","","","","","","",""
"40.12994086-78.75385281---2010","https://mapsengine.google.com/06136759344167181854-06191489742681286724-4/wms/?version=1.3.0","40.1299408559","-78.7538528066","2010","Somerset","sweeper_internal","","1","","1","other","100","","6","3","1","10","fracking","60","","","","","","","","","","","","","","","","","1","","1","other","100","","","","","","","",""
"40.80247215-80.04462432---2008","https://mapsengine.google.com/06136759344167181854-00219351362547715467-4/wms/?version=1.3.0","40.8024721542","-80.0446243207","2008","Butler","final_internal","","3","","3","other","100","","","1","","1","other","100","","","","","","","","","","3","","3","other","100","","","","","","","","","","","","","","",""
"41.46075326-76.39549069---2008","https://mapsengine.google.com/06136759344167181854-00219351362547715467-4/wms/?version=1.3.0","41.4607532593","-76.3954906857","2008","Sullivan","final_internal","","3","","3","other","100","","","","1","1","unknown","100","","","3","","3","other","100","","","3","","3","other","100","","","","","","","","","","","","","","",""
"41.78108767-76.11755491---2008","https://mapsengine.google.com/06136759344167181854-00219351362547715467-4/wms/?version=1.3.0","41.781087675","-76.1175549063","2008","Susquehanna","final_internal","","3","","3","other","100","","","1","","1","other","100","","","","","","","","","","3","","3","other","100","","","","","","","","","","","","","","",""
"41.76959455-76.07738426---2005","https://mapsengine.google.com/06136759344167181854-15960346301379896183-4/wms/?version=1.3.0","41.7695945491","-76.0773842611","2005","Susquehanna","final_internal","","3","","3","other","100","","","1","","1","other","100","","","3","","3","other","100","","","3","","3","other","100","","","","","","","","","","","","","","",""
"41.90563714-76.84967944---2008","https://mapsengine.google.com/06136759344167181854-00219351362547715467-4/wms/?version=1.3.0","41.9056371404","-76.8496794376","2008","Bradford","final_internal","","3","","3","other","100","","","1","","1","other","100","","","3","","3","other","100","","","3","","3","other","100","","","","","","","","","","","","","","",""
"41.76449976-76.50005527---2005","https://mapsengine.google.com/06136759344167181854-15960346301379896183-4/wms/?version=1.3.0","41.7644997648","-76.5000552691","2005","Bradford","final_internal","","3","","3","other","100","","","1","","1","other","100","","","3","","3","other","100","","","3","","3","other","100","","","","","","","","","","","","","","",""
"41.73968692-75.87003425---2005","https://mapsengine.google.com/06136759344167181854-15960346301379896183-4/wms/?version=1.3.0","41.7396869185","-75.8700342456","2005","Susquehanna","final_internal","","4","","4","other","100","","","1","","1","other","100","","","3","","3","other","100","","","4","","4","other","100","","","","","","","","","","","","","","",""
"41.86833288-76.05711533---2010","https://mapsengine.google.com/06136759344167181854-06191489742681286724-4/wms/?version=1.3.0","41.86833288","-76.05711533","2010","Susquehanna","first_internal","","3","","3","other","100","","","8","2","10","other","80","","","3","","3","other","100","","","","","","","","","","","","","","","","","","","","","",""
"41.58984143-77.09280314---2010","https://mapsengine.google.com/06136759344167181854-06191489742681286724-4/wms/?version=1.3.0","41.5898414255","-77.0928031394","2010","Tioga","public","","9","1","10","other","90","","","9","1","10","other","90","","","","","","","","","","","","","","","","","","","","","","","","","","","","",""
"40.2606939-80.39105127---2008","https://mapsengine.google.com/06136759344167181854-00219351362547715467-4/wms/?version=1.3.0","40.2606939043","-80.3910512699","2008","Washington","first_internal","3","","","3","fracking","100","","8","","","8","fracking","100","","3","","","3","fracking","100","","","","","","","","","","","","","","","","","","","","","",""
"41.67925316-76.66310584---2005","https://mapsengine.google.com/06136759344167181854-15960346301379896183-4/wms/?version=1.3.0","41.6792531626","-76.6631058408","2005","Bradford","final_internal","","3","","3","other","100","","","1","","1","other","100","","","3","","3","other","100","","","3","","3","other","100","","","","","","","","","","","","","","",""
"39.82929693-79.53762665---2010","https://mapsengine.google.com/06136759344167181854-06191489742681286724-4/wms/?version=1.3.0","39.8292969255","-79.5376266519","2010","Fayette","public","","10","","10","other","100","","","10","","10","other","100","","","","","","","","","","","","","","","","","","","","","","","","","","","","",""
"41.66346705-76.10118113---2005","https://mapsengine.google.com/06136759344167181854-15960346301379896183-4/wms/?version=1.3.0","41.6634670528","-76.1011811293","2005","Susquehanna","final_internal","","3","","3","other","100","","","1","","1","other","100","","","3","","3","other","100","","","3","","3","other","100","","","","","","","","","","","","","","",""
"39.84283934-79.8606794---2008","https://mapsengine.google.com/06136759344167181854-00219351362547715467-4/wms/?version=1.3.0","39.8428393389","-79.860679401","2008","Fayette","first_internal","","3","","3","other","100","","","9","1","10","other","90","","","3","","3","other","100","","","","","","","","","","","","","","","","","","","","","",""
"39.76886619-79.99269829---2005","https://mapsengine.google.com/06136759344167181854-15960346301379896183-4/wms/?version=1.3.0","39.7688661931","-79.9926982938","2005","Greene","final_internal","","3","","3","other","100","","","1","","1","other","100","","","","","","","","","","3","","3","other","100","","","","","","","","","","","","","","",""
"40.49397979-79.57143793---2008","https://mapsengine.google.com/06136759344167181854-00219351362547715467-4/wms/?version=1.3.0","40.4939797939","-79.5714379302","2008","Westmoreland","first_internal","","3","","3","other","100","","","1","","1","other","100","","","3","","3","other","100","","","","","","","","","","","","","","","","","","","","","",""
"41.68390938-75.96821615---2008","https://mapsengine.google.com/06136759344167181854-00219351362547715467-4/wms/?version=1.3.0","41.6839093787","-75.9682161476","2008","Susquehanna","final_internal","","4","","4","other","100","","","1","","1","other","100","","","3","","3","other","100","","","4","","4","other","100","","","","","","","","","","","","","","",""
"41.28367149-76.32800991---2005","https://mapsengine.google.com/06136759344167181854-15960346301379896183-4/wms/?version=1.3.0","41.2836714935","-76.3280099081","2005","Columbia","final_internal","","3","","3","other","100","","","1","","1","other","100","","","3","","3","other","100","","","3","","3","other","100","","","","","","","","","","","","","","",""
"41.69879453-75.84236012---2005","https://mapsengine.google.com/06136759344167181854-15960346301379896183-4/wms/?version=1.3.0","41.6987945321","-75.8423601166","2005","Susquehanna","final_internal","","3","","3","other","100","","","1","","1","other","100","","","3","","3","other","100","","","3","","3","other","100","","","","","","","","","","","","","","",""
"40.27741444-80.33930408---2008","https://mapsengine.google.com/06136759344167181854-00219351362547715467-4/wms/?version=1.3.0","40.2774144413","-80.3393040771","2008","Washington","first_internal","","3","","3","other","100","","","10","","10","other","100","","","3","","3","other","100","","","","","","","","","","","","","","","","","","","","","",""
"40.09595667-79.80674501---2010","https://mapsengine.google.com/06136759344167181854-06191489742681286724-4/wms/?version=1.3.0","40.0959566689","-79.8067450113","2010","Fayette","public","2","8","","10","other","80","","2","8","","10","other","80","","","","","","","","","","","","","","","","","","","","","","","","","","","","",""
"40.8041705-80.03926564---2005","https://mapsengine.google.com/06136759344167181854-15960346301379896183-4/wms/?version=1.3.0","40.8041705039","-80.0392656402","2005","Butler","final_internal","","3","","3","other","100","","","1","","1","other","100","","","","","","","","","","3","","3","other","100","","","","","","","","","","","","","","",""
"40.64459365-79.77753992---2010","https://mapsengine.google.com/06136759344167181854-06191489742681286724-4/wms/?version=1.3.0","40.64459365","-79.77753992","2010","Allegheny","first_internal","","3","","3","other","100","","","10","","10","other","100","","","3","","3","other","100","","","","","","","","","","","","","","","","","","","","","",""
"41.84006017-76.0543913---2008","https://mapsengine.google.com/06136759344167181854-00219351362547715467-4/wms/?version=1.3.0","41.8400601669","-76.0543913043","2008","Susquehanna","final_internal","","3","","3","other","100","","","1","","1","other","100","","","3","","3","other","100","","","3","","3","other","100","","","","","","","","","","","","","","",""
"41.69539104-76.84205516---2010","https://mapsengine.google.com/06136759344167181854-06191489742681286724-4/wms/?version=1.3.0","41.69539104","-76.84205516","2010","Bradford","first_internal","3","","","3","fracking","100","","14","","","14","fracking","100","","3","","","3","fracking","100","","","","","","","","","","","","","","","","","","","","","",""
"39.84718713-79.88800642---2008","https://mapsengine.google.com/06136759344167181854-00219351362547715467-4/wms/?version=1.3.0","39.8471871267","-79.8880064185","2008","Fayette","first_internal","","3","","3","other","100","","3","1","2","6","fracking","50","","","3","","3","other","100","","","","","","","","","","","","","","","","","","","","","",""
"41.75259149-76.72620205---2010","https://mapsengine.google.com/06136759344167181854-06191489742681286724-4/wms/?version=1.3.0","41.7525914867","-76.726202054","2010","Bradford","sweeper_internal","","1","","1","other","100","","4","3","3","10","fracking","40","","","3","","3","other","100","","","","","","","","","","1","","1","other","100","","","","","","","",""
"40.26671559-80.29325834---2010","https://mapsengine.google.com/06136759344167181854-06191489742681286724-4/wms/?version=1.3.0","40.2667155892","-80.2932583426","2010","Washington","public","","10","","10","other","100","","","10","","10","other","100","","","","","","","","","","","","","","","","","","","","","","","","","","","","",""
"41.69559506-75.86610971---2005","https://mapsengine.google.com/06136759344167181854-15960346301379896183-4/wms/?version=1.3.0","41.6955950625","-75.8661097101","2005","Susquehanna","final_internal","","3","","3","other","100","","","1","","1","other","100","","","3","","3","other","100","","","3","","3","other","100","","","","","","","","","","","","","","",""
"41.89356045-75.94001778---2010","https://mapsengine.google.com/06136759344167181854-06191489742681286724-4/wms/?version=1.3.0","41.89356045","-75.94001778","2010","Susquehanna","first_internal","","3","","3","other","100","","","12","","12","other","100","","","3","","3","other","100","","","","","","","","","","","","","","","","","","","","","",""
"39.90130078-80.30628956---2010","https://mapsengine.google.com/06136759344167181854-06191489742681286724-4/wms/?version=1.3.0","39.9013007815","-80.3062895632","2010","Greene","sweeper_internal","","1","","1","other","100","","4","6","","10","other","60","","","","","","","","","","","","","","","","","1","","1","other","100","","","","","","","",""
"41.87975665-76.10467286---2008","https://mapsengine.google.com/06136759344167181854-00219351362547715467-4/wms/?version=1.3.0","41.8797566546","-76.1046728588","2008","Susquehanna","final_internal","","3","","3","other","100","","","1","","1","other","100","","","3","","3","other","100","","","3","","3","other","100","","","","","","","","","","","","","","",""
"40.68301773-79.75013779---2005","https://mapsengine.google.com/06136759344167181854-15960346301379896183-4/wms/?version=1.3.0","40.6830177344","-79.7501377851","2005","Butler","final_internal","","3","","3","other","100","","","1","","1","other","100","","","","","","","","","","3","","3","other","100","","","","","","","","","","","","","","",""
"40.40973507-80.48086386---2010","https://mapsengine.google.com/06136759344167181854-06191489742681286724-4/wms/?version=1.3.0","40.4097350718","-80.4808638639","2010","Washington","public","","10","","10","other","100","","","10","","10","other","100","","","","","","","","","","","","","","","","","","","","","","","","","","","","",""
"40.28590959-80.34965786---2010","https://mapsengine.google.com/06136759344167181854-06191489742681286724-4/wms/?version=1.3.0","40.285909594","-80.3496578599","2010","Washington","public","8","","2","10","fracking","80","","8","","2","10","fracking","80","","","","","","","","","","","","","","","","","","","","","","","","","","","","",""
"40.72433102-79.61349059---2005","https://mapsengine.google.com/06136759344167181854-15960346301379896183-4/wms/?version=1.3.0","40.7243310239","-79.6134905859","2005","Armstrong","final_internal","","3","","3","other","100","","","1","","1","other","100","","","","","","","","","","3","","3","other","100","","","","","","","","","","","","","","",""
"40.22372738-79.70686455---2010","https://mapsengine.google.com/06136759344167181854-06191489742681286724-4/wms/?version=1.3.0","40.223727384","-79.7068645495","2010","Westmoreland","public","","11","","11","other","100","","","11","","11","other","100","","","","","","","","","","","","","","","","","","","","","","","","","","","","",""
"39.91848182-80.00794299---2005","https://mapsengine.google.com/06136759344167181854-15960346301379896183-4/wms/?version=1.3.0","39.9184818246","-80.0079429891","2005","Greene","final_internal","","3","","3","other","100","","","1","","1","other","100","","","","","","","","","","3","","3","other","100","","","","","","","","","","","","","","",""
"39.81105424-79.5239603---2008","https://mapsengine.google.com/06136759344167181854-00219351362547715467-4/wms/?version=1.3.0","39.8110542366","-79.5239603006","2008","Fayette","sweeper_internal","","1","","1","other","100","","1","6","3","10","other","60","","","2","1","3","other","66","","","","","","","","","","1","","1","other","100","","","","","","","",""
"41.84749789-77.0770477---2005","https://mapsengine.google.com/06136759344167181854-15960346301379896183-4/wms/?version=1.3.0","41.8474978929","-77.077047701","2005","Tioga","missing_internal","","1","","1","other","100","","","","","","fracking|unknown|other","","","","","","","","","","","","","","","","","","","","","","","","","1","","1","other","100",""
"40.26157145-80.27287397---2010","https://mapsengine.google.com/06136759344167181854-06191489742681286724-4/wms/?version=1.3.0","40.2615714548","-80.2728739723","2010","Washington","sweeper_internal","","1","","1","other","100","","2","5","3","10","other","50","","","","","","","","","","","","","","","","","1","","1","other","100","","","","","","","",""
"41.60596781-76.38043166---2010","https://mapsengine.google.com/06136759344167181854-06191489742681286724-4/wms/?version=1.3.0","41.60596781","-76.38043166","2010","Bradford","first_internal","","3","","3","other","100","","","13","","13","other","100","","","3","","3","other","100","","","","","","","","","","","","","","","","","","","","","",""
"40.78474946-79.99299639---2010","https://mapsengine.google.com/06136759344167181854-06191489742681286724-4/wms/?version=1.3.0","40.784749464","-79.9929963913","2010","Butler","sweeper_internal","","1","","1","other","100","","1","12","3","16","other","75","","","","","","","","","","","","","","","","","1","","1","other","100","","","","","","","",""
"41.77520478-77.33383137---2008","https://mapsengine.google.com/06136759344167181854-00219351362547715467-4/wms/?version=1.3.0","41.7752047763","-77.3338313722","2008","Tioga","final_internal","","3","","3","other","100","","","1","","1","other","100","","","","","","","","","","3","","3","other","100","","","","","","","","","","","","","","",""
"41.6111037-76.98347334---2008","https://mapsengine.google.com/06136759344167181854-00219351362547715467-4/wms/?version=1.3.0","41.6111036956","-76.9834733397","2008","Tioga","final_internal","","3","","3","other","100","","","1","","1","other","100","","","","","","","","","","3","","3","other","100","","","","","","","","","","","","","","",""
"41.72173929-75.88383415---2010","https://mapsengine.google.com/06136759344167181854-06191489742681286724-4/wms/?version=1.3.0","41.72173929","-75.88383415","2010","Susquehanna","first_internal","","3","","3","other","100","","","10","1","11","other","90","","","3","","3","other","100","","","","","","","","","","","","","","","","","","","","","",""
"41.69703274-75.90873768---2010","https://mapsengine.google.com/06136759344167181854-06191489742681286724-4/wms/?version=1.3.0","41.69703274","-75.90873768","2010","Susquehanna","first_internal","","3","","3","other","100","","","10","","10","other","100","","","3","","3","other","100","","","","","","","","","","","","","","","","","","","","","",""
"40.08624108-79.83999076---2010","https://mapsengine.google.com/06136759344167181854-06191489742681286724-4/wms/?version=1.3.0","40.0862410786","-79.8399907565","2010","Fayette","public","","10","","10","other","100","","","10","","10","other","100","","","","","","","","","","","","","","","","","","","","","","","","","","","","",""
"41.74680686-75.9473163---2005","https://mapsengine.google.com/06136759344167181854-15960346301379896183-4/wms/?version=1.3.0","41.7468068604","-75.9473163029","2005","Susquehanna","final_internal","","3","","3","other","100","","","1","","1","other","100","","","3","","3","other","100","","","3","","3","other","100","","","","","","","","","","","","","","",""
"40.08039319-79.71376544---2010","https://mapsengine.google.com/06136759344167181854-06191489742681286724-4/wms/?version=1.3.0","40.0803931902","-79.7137654373","2010","Fayette","public","","10","","10","other","100","","","10","","10","other","100","","","","","","","","","","","","","","","","","","","","","","","","","","","","",""
"41.79795273-77.01465545---2010","https://mapsengine.google.com/06136759344167181854-06191489742681286724-4/wms/?version=1.3.0","41.7979527264","-77.01465545","2010","Tioga","sweeper_internal","","1","","1","other","100","","6","1","3","10","fracking","60","","","","","","","","","","","","","","","","","1","","1","other","100","","","","","","","",""
"41.64109198-76.37950036---2010","https://mapsengine.google.com/06136759344167181854-06191489742681286724-4/wms/?version=1.3.0","41.64109198","-76.37950036","2010","Bradford","first_internal","","3","","3","other","100","","","9","1","10","other","90","","","3","","3","other","100","","","","","","","","","","","","","","","","","","","","","",""
"40.11140186-80.05939929---2005","https://mapsengine.google.com/06136759344167181854-15960346301379896183-4/wms/?version=1.3.0","40.1114018556","-80.0593992894","2005","Washington","final_internal","","3","","3","other","100","","","1","","1","other","100","","","","","","","","","","3","","3","other","100","","","","","","","","","","","","","","",""
"40.83000934-79.14181881---2008","https://mapsengine.google.com/06136759344167181854-00219351362547715467-4/wms/?version=1.3.0","40.8300093383","-79.1418188061","2008","Indiana","first_internal","","2","1","3","other","66","","","1","","1","other","100","","","2","1","3","other","66","","","","","","","","","","","","","","","","","","","","","",""
"41.70923245-75.8823908---2008","https://mapsengine.google.com/06136759344167181854-00219351362547715467-4/wms/?version=1.3.0","41.709232453","-75.8823907992","2008","Susquehanna","final_internal","","3","","3","other","100","","","1","","1","other","100","","","3","","3","other","100","","","3","","3","other","100","","","","","","","","","","","","","","",""
"41.57928021-77.05836358---2008","https://mapsengine.google.com/06136759344167181854-00219351362547715467-4/wms/?version=1.3.0","41.5792802106","-77.0583635786","2008","Tioga","final_internal","","3","","3","other","100","","","1","","1","other","100","","","","","","","","","","3","","3","other","100","","","","","","","","","","","","","","",""
"39.86324406-79.97699555---2008","https://mapsengine.google.com/06136759344167181854-00219351362547715467-4/wms/?version=1.3.0","39.8632440561","-79.9769955467","2008","Greene","first_internal","3","","","3","fracking","100","","9","","1","10","fracking","90","","3","","","3","fracking","100","","","","","","","","","","","","","","","","","","","","","",""
"39.86871558-80.05448111---2010","https://mapsengine.google.com/06136759344167181854-06191489742681286724-4/wms/?version=1.3.0","39.8687155751","-80.0544811122","2010","Greene","public","","9","1","10","other","90","","","9","1","10","other","90","","","","","","","","","","","","","","","","","","","","","","","","","","","","",""
"40.0847794-79.71127802---2008","https://mapsengine.google.com/06136759344167181854-00219351362547715467-4/wms/?version=1.3.0","40.0847793956","-79.711278022","2008","Fayette","first_internal","","3","","3","other","100","","","6","","6","other","100","","","3","","3","other","100","","","","","","","","","","","","","","","","","","","","","",""
"41.52741235-76.3566381---2008","https://mapsengine.google.com/06136759344167181854-00219351362547715467-4/wms/?version=1.3.0","41.5274123547","-76.356638098","2008","Sullivan","final_internal","","3","","3","other","100","","","1","","1","other","100","","","3","","3","other","100","","","3","","3","other","100","","","","","","","","","","","","","","",""
"41.4765881-78.91880085---2010","https://mapsengine.google.com/06136759344167181854-06191489742681286724-4/wms/?version=1.3.0","41.476588104","-78.9188008498","2010","Elk","public","","11","","11","other","100","","","11","","11","other","100","","","","","","","","","","","","","","","","","","","","","","","","","","","","",""
"40.00105446-79.66757921---2005","https://mapsengine.google.com/06136759344167181854-15960346301379896183-4/wms/?version=1.3.0","40.0010544601","-79.6675792099","2005","Fayette","final_internal","","3","","3","other","100","","","1","","1","other","100","","","","","","","","","","3","","3","other","100","","","","","","","","","","","","","","",""
"40.87836366-79.52517207---2005","https://mapsengine.google.com/06136759344167181854-15960346301379896183-4/wms/?version=1.3.0","40.8783636641","-79.5251720728","2005","Armstrong","final_internal","","3","","3","other","100","","","1","","1","other","100","","","","","","","","","","3","","3","other","100","","","","","","","","","","","","","","",""
"40.28364695-80.33633937---2010","https://mapsengine.google.com/06136759344167181854-06191489742681286724-4/wms/?version=1.3.0","40.2836469519","-80.3363393733","2010","Washington","public","","10","","10","other","100","","","10","","10","other","100","","","","","","","","","","","","","","","","","","","","","","","","","","","","",""
"40.24308808-80.27415702---2008","https://mapsengine.google.com/06136759344167181854-00219351362547715467-4/wms/?version=1.3.0","40.2430880821","-80.2741570197","2008","Washington","first_internal","","3","","3","other","100","","","7","1","8","other","87","","","3","","3","other","100","","","","","","","","","","","","","","","","","","","","","",""
"41.25542238-76.64522968---2010","https://mapsengine.google.com/06136759344167181854-06191489742681286724-4/wms/?version=1.3.0","41.2554223845","-76.645229679","2010","Lycoming","sweeper_internal","","1","","1","other","100","","9","2","1","12","fracking","75","","","","","","","","","","","","","","","","","1","","1","other","100","","","","","","","",""
"41.56788162-76.10198627---2008","https://mapsengine.google.com/06136759344167181854-00219351362547715467-4/wms/?version=1.3.0","41.5678816172","-76.1019862736","2008","Wyoming","final_internal","","3","","3","other","100","","","1","","1","other","100","","","3","","3","other","100","","","3","","3","other","100","","","","","","","","","","","","","","",""
"41.5893496-78.46966649---2010","https://mapsengine.google.com/06136759344167181854-06191489742681286724-4/wms/?version=1.3.0","41.5893495999","-78.4696664922","2010","Elk","sweeper_internal","","1","","1","other","100","","4","5","1","10","other","50","","","","","","","","","","","","","","","","","1","","1","other","100","","","","","","","",""
"40.96003635-79.94266379---2010","https://mapsengine.google.com/06136759344167181854-06191489742681286724-4/wms/?version=1.3.0","40.9600363511","-79.9426637866","2010","Butler","public","","15","","15","other","100","","","15","","15","other","100","","","","","","","","","","","","","","","","","","","","","","","","","","","","",""
"39.90402751-79.99491262---2005","https://mapsengine.google.com/06136759344167181854-15960346301379896183-4/wms/?version=1.3.0","39.904027508","-79.9949126203","2005","Greene","final_internal","","3","","3","other","100","","","1","","1","other","100","","","","","","","","","","3","","3","other","100","","","","","","","","","","","","","","",""
"41.80289296-77.29233549---2005","https://mapsengine.google.com/06136759344167181854-15960346301379896183-4/wms/?version=1.3.0","41.8028929588","-77.2923354859","2005","Tioga","missing_internal","","1","","1","other","100","","","","","","fracking|unknown|other","","","","","","","","","","","","","","","","","","","","","","","","","1","","1","other","100",""
"41.7170809-76.85443084---2010","https://mapsengine.google.com/06136759344167181854-06191489742681286724-4/wms/?version=1.3.0","41.7170809","-76.85443084","2010","Bradford","first_internal","3","","","3","fracking","100","","15","","","15","fracking","100","","3","","","3","fracking","100","","","","","","","","","","","","","","","","","","","","","",""
"40.64919983-79.38132818---2005","https://mapsengine.google.com/06136759344167181854-15960346301379896183-4/wms/?version=1.3.0","40.6491998285","-79.3813281759","2005","Armstrong","final_internal","1","2","","3","other","66","","","1","","1","other","100","","","","","","","","","1","2","","3","other","66","","","","","","","","","","","","","","",""
"41.6394132-76.38726051---2010","https://mapsengine.google.com/06136759344167181854-06191489742681286724-4/wms/?version=1.3.0","41.6394132","-76.38726051","2010","Bradford","first_internal","","3","","3","other","100","","","12","","12","other","100","","","3","","3","other","100","","","","","","","","","","","","","","","","","","","","","",""
"40.7575905-79.78031525---2008","https://mapsengine.google.com/06136759344167181854-00219351362547715467-4/wms/?version=1.3.0","40.757590498","-79.7803152478","2008","Butler","first_internal","","3","","3","other","100","","","2","","2","other","100","","","3","","3","other","100","","","","","","","","","","","","","","","","","","","","","",""
"40.1773085-79.74765998---2008","https://mapsengine.google.com/06136759344167181854-00219351362547715467-4/wms/?version=1.3.0","40.1773085006","-79.7476599776","2008","Westmoreland","final_internal","","3","","3","other","100","","1","","","1","fracking","100","","","","","","","","","","3","","3","other","100","","","","","","","","","","","","","","",""
"39.71943587-79.96051279---2010","https://mapsengine.google.com/06136759344167181854-06191489742681286724-4/wms/?version=1.3.0","39.7194358685","-79.9605127903","2010","Greene","public","1","9","","10","other","90","","1","9","","10","other","90","","","","","","","","","","","","","","","","","","","","","","","","","","","","",""
"41.69782734-76.84383594---2010","https://mapsengine.google.com/06136759344167181854-06191489742681286724-4/wms/?version=1.3.0","41.697827337","-76.8438359354","2010","Bradford","sweeper_internal","","1","","1","other","100","","1","9","3","13","other","69","","","3","","3","other","100","","","","","","","","","","1","","1","other","100","","","","","","","",""
"40.24128016-80.36497016---2010","https://mapsengine.google.com/06136759344167181854-06191489742681286724-4/wms/?version=1.3.0","40.2412801588","-80.364970157","2010","Washington","sweeper_internal","1","","","1","fracking","100","","7","","3","10","fracking","70","","","","","","","","","","","","","","","","1","","","1","fracking","100","","","","","","","",""
"40.88111271-79.53630784---2005","https://mapsengine.google.com/06136759344167181854-15960346301379896183-4/wms/?version=1.3.0","40.8811127115","-79.536307844","2005","Armstrong","final_internal","","3","","3","other","100","","","1","","1","other","100","","","","","","","","","","3","","3","other","100","","","","","","","","","","","","","","",""
"41.81572259-76.89572884---2010","https://mapsengine.google.com/06136759344167181854-06191489742681286724-4/wms/?version=1.3.0","41.8157225873","-76.895728837","2010","Bradford","sweeper_internal","1","","","1","fracking","100","","2","6","2","10","other","60","","1","1","1","3","fracking|unknown|other","","33|33|33","","","","","","","","1","","","1","fracking","100","","","","","","","",""
"40.49403518-79.56642876---2008","https://mapsengine.google.com/06136759344167181854-00219351362547715467-4/wms/?version=1.3.0","40.4940351789","-79.5664287603","2008","Westmoreland","first_internal","4","","","4","fracking","100","","1","","","1","fracking","100","","4","","","4","fracking","100","","","","","","","","","","","","","","","","","","","","","",""
"39.83233157-80.00404456---2008","https://mapsengine.google.com/06136759344167181854-00219351362547715467-4/wms/?version=1.3.0","39.8323315688","-80.0040445553","2008","Greene","sweeper_internal","","1","","1","other","100","","7","","3","10","fracking","70","","1","2","","3","other","66","","","","","","","","","","1","","1","other","100","","","","","","","",""
"41.73652288-75.86245717---2008","https://mapsengine.google.com/06136759344167181854-00219351362547715467-4/wms/?version=1.3.0","41.7365228753","-75.8624571687","2008","Susquehanna","final_internal","3","","","3","fracking","100","","1","","","1","fracking","100","","3","","","3","fracking","100","","3","","","3","fracking","100","","","","","","","","","","","","","","",""
"41.89362542-75.94066659---2008","https://mapsengine.google.com/06136759344167181854-00219351362547715467-4/wms/?version=1.3.0","41.8936254156","-75.940666588","2008","Susquehanna","final_internal","","3","","3","other","100","","","1","","1","other","100","","","3","","3","other","100","","","3","","3","other","100","","","","","","","","","","","","","","",""
"40.85838281-79.54036373---2010","https://mapsengine.google.com/06136759344167181854-06191489742681286724-4/wms/?version=1.3.0","40.8583828092","-79.5403637287","2010","Armstrong","public","9","1","","10","fracking","90","","9","1","","10","fracking","90","","","","","","","","","","","","","","","","","","","","","","","","","","","","",""
"40.75813631-79.8264069---2008","https://mapsengine.google.com/06136759344167181854-00219351362547715467-4/wms/?version=1.3.0","40.7581363122","-79.8264068981","2008","Butler","first_internal","","3","","3","other","100","","","2","","2","other","100","","","3","","3","other","100","","","","","","","","","","","","","","","","","","","","","",""
"40.4320797-79.0702241---2008","https://mapsengine.google.com/06136759344167181854-00219351362547715467-4/wms/?version=1.3.0","40.4320797006","-79.0702241026","2008","Indiana","first_internal","","3","","3","other","100","","","2","","2","other","100","","","3","","3","other","100","","","","","","","","","","","","","","","","","","","","","",""
"41.70262664-77.51309836---2005","https://mapsengine.google.com/06136759344167181854-15960346301379896183-4/wms/?version=1.3.0","41.7026266353","-77.5130983564","2005","Tioga","missing_internal","","1","","1","other","100","","","","","","fracking|unknown|other","","","","","","","","","","","","","","","","","","","","","","","","","1","","1","other","100",""
"40.80784106-80.04487493---2010","https://mapsengine.google.com/06136759344167181854-06191489742681286724-4/wms/?version=1.3.0","40.8078410567","-80.0448749293","2010","Butler","public","","20","","20","other","100","","","20","","20","other","100","","","","","","","","","","","","","","","","","","","","","","","","","","","","",""
"41.97140234-75.88013812---2010","https://mapsengine.google.com/06136759344167181854-06191489742681286724-4/wms/?version=1.3.0","41.97140234","-75.88013812","2010","Susquehanna","first_internal","","3","","3","other","100","","","12","","12","other","100","","","3","","3","other","100","","","","","","","","","","","","","","","","","","","","","",""
"41.61796652-76.19668067---2010","https://mapsengine.google.com/06136759344167181854-06191489742681286724-4/wms/?version=1.3.0","41.6179665236","-76.1966806679","2010","Wyoming","sweeper_internal","","1","","1","other","100","","3","4","3","10","other","40","","","1","2","3","unknown","66","","","","","","","","","","1","","1","other","100","","","","","","","",""
"41.42413442-76.86568725---2005","https://mapsengine.google.com/06136759344167181854-15960346301379896183-4/wms/?version=1.3.0","41.4241344201","-76.8656872476","2005","Lycoming","missing_internal","","1","","1","other","100","","","","","","fracking|unknown|other","","","","","","","","","","","","","","","","","","","","","","","","","1","","1","other","100",""
"41.75125041-76.00102917---2010","https://mapsengine.google.com/06136759344167181854-06191489742681286724-4/wms/?version=1.3.0","41.7512504094","-76.0010291727","2010","Susquehanna","sweeper_internal","","1","","1","other","100","","4","5","1","10","other","50","","","3","","3","other","100","","","","","","","","","","1","","1","other","100","","","","","","","",""
"40.10675602-80.05903254---2010","https://mapsengine.google.com/06136759344167181854-06191489742681286724-4/wms/?version=1.3.0","40.1067560178","-80.0590325375","2010","Washington","public","","10","","10","other","100","","","10","","10","other","100","","","","","","","","","","","","","","","","","","","","","","","","","","","","",""
"39.91296117-79.93398321---2005","https://mapsengine.google.com/06136759344167181854-15960346301379896183-4/wms/?version=1.3.0","39.9129611656","-79.9339832146","2005","Greene","final_internal","","3","","3","other","100","","","1","","1","other","100","","","","","","","","","","3","","3","other","100","","","","","","","","","","","","","","",""
"41.79247573-77.26186326---2010","https://mapsengine.google.com/06136759344167181854-06191489742681286724-4/wms/?version=1.3.0","41.792475735","-77.2618632574","2010","Tioga","public","","11","1","12","other","91","","","11","1","12","other","91","","","","","","","","","","","","","","","","","","","","","","","","","","","","",""
"40.77611152-80.18982347---2010","https://mapsengine.google.com/06136759344167181854-06191489742681286724-4/wms/?version=1.3.0","40.77611152","-80.18982347","2010","Beaver","first_internal","","3","","3","other","100","","","14","","14","other","100","","","3","","3","other","100","","","","","","","","","","","","","","","","","","","","","",""
"40.28626455-80.30645173---2008","https://mapsengine.google.com/06136759344167181854-00219351362547715467-4/wms/?version=1.3.0","40.2862645466","-80.3064517306","2008","Washington","first_internal","","3","","3","other","100","","","9","1","10","other","90","","","3","","3","other","100","","","","","","","","","","","","","","","","","","","","","",""
"41.2018691-79.22322276---2010","https://mapsengine.google.com/06136759344167181854-06191489742681286724-4/wms/?version=1.3.0","41.2018690986","-79.2232227566","2010","Clarion","sweeper_internal","","1","","1","other","100","","1","6","5","12","other","50","","","","","","","","","","","","","","","","","1","","1","other","100","","","","","","","",""
"41.67035092-78.50120275---2010","https://mapsengine.google.com/06136759344167181854-06191489742681286724-4/wms/?version=1.3.0","41.6703509178","-78.5012027478","2010","McKean","public","1","9","","10","other","90","","1","9","","10","other","90","","","","","","","","","","","","","","","","","","","","","","","","","","","","",""
"41.0010316-79.78628731---2005","https://mapsengine.google.com/06136759344167181854-15960346301379896183-4/wms/?version=1.3.0","41.001031599","-79.7862873057","2005","Butler","final_internal","","3","","3","other","100","","","","1","1","unknown","100","","","","","","","","","","3","","3","other","100","","","","","","","","","","","","","","",""
"41.73143773-75.87668345---2008","https://mapsengine.google.com/06136759344167181854-00219351362547715467-4/wms/?version=1.3.0","41.7314377317","-75.8766834522","2008","Susquehanna","final_internal","","3","","3","other","100","","","1","","1","other","100","","","3","","3","other","100","","","3","","3","other","100","","","","","","","","","","","","","","",""
"41.42227798-76.87594715---2005","https://mapsengine.google.com/06136759344167181854-15960346301379896183-4/wms/?version=1.3.0","41.4222779848","-76.8759471531","2005","Lycoming","missing_internal","","1","","1","other","100","","","","","","fracking|unknown|other","","","","","","","","","","","","","","","","","","","","","","","","","1","","1","other","100",""
"41.35323052-78.54122461---2010","https://mapsengine.google.com/06136759344167181854-06191489742681286724-4/wms/?version=1.3.0","41.3532305185","-78.5412246053","2010","Elk","public","","11","","11","other","100","","","11","","11","other","100","","","","","","","","","","","","","","","","","","","","","","","","","","","","",""
"41.78777065-77.32819793---2008","https://mapsengine.google.com/06136759344167181854-00219351362547715467-4/wms/?version=1.3.0","41.787770647","-77.3281979315","2008","Tioga","final_internal","","3","","3","other","100","","","1","","1","other","100","","","","","","","","","","3","","3","other","100","","","","","","","","","","","","","","",""
"40.06847898-79.94631031---2005","https://mapsengine.google.com/06136759344167181854-15960346301379896183-4/wms/?version=1.3.0","40.0684789844","-79.9463103062","2005","Washington","final_internal","","3","","3","other","100","","","1","","1","other","100","","","","","","","","","","3","","3","other","100","","","","","","","","","","","","","","",""
"41.7512051-76.83856235---2010","https://mapsengine.google.com/06136759344167181854-06191489742681286724-4/wms/?version=1.3.0","41.7512051","-76.83856235","2010","Bradford","first_internal","3","","","3","fracking","100","","13","","","13","fracking","100","","3","","","3","fracking","100","","","","","","","","","","","","","","","","","","","","","",""
"40.24459861-80.27602946---2005","https://mapsengine.google.com/06136759344167181854-15960346301379896183-4/wms/?version=1.3.0","40.2445986107","-80.2760294557","2005","Washington","final_internal","","3","","3","other","100","","","1","","1","other","100","","","","","","","","","","3","","3","other","100","","","","","","","","","","","","","","",""
"41.79198305-77.11821138---2010","https://mapsengine.google.com/06136759344167181854-06191489742681286724-4/wms/?version=1.3.0","41.7919830484","-77.1182113754","2010","Tioga","public","","8","2","10","other","80","","","8","2","10","other","80","","","","","","","","","","","","","","","","","","","","","","","","","","","","",""
"41.74472827-75.87941249---2008","https://mapsengine.google.com/06136759344167181854-00219351362547715467-4/wms/?version=1.3.0","41.7447282677","-75.8794124937","2008","Susquehanna","final_internal","2","1","","3","fracking","66","","1","","","1","fracking","100","","","1","2","3","unknown","66","","2","1","","3","fracking","66","","","","","","","","","","","","","","",""
"41.65903455-75.67159294---2005","https://mapsengine.google.com/06136759344167181854-15960346301379896183-4/wms/?version=1.3.0","41.6590345533","-75.6715929418","2005","Susquehanna","final_internal","","3","","3","other","100","","","1","","1","other","100","","","3","","3","other","100","","","3","","3","other","100","","","","","","","","","","","","","","",""
"41.63478583-76.16084125---2005","https://mapsengine.google.com/06136759344167181854-15960346301379896183-4/wms/?version=1.3.0","41.6347858325","-76.1608412534","2005","Wyoming","final_internal","","3","","3","other","100","","","1","","1","other","100","","","3","","3","other","100","","","3","","3","other","100","","","","","","","","","","","","","","",""
"40.00971848-79.65028017---2010","https://mapsengine.google.com/06136759344167181854-06191489742681286724-4/wms/?version=1.3.0","40.0097184791","-79.6502801675","2010","Fayette","public","10","","","10","fracking","100","","10","","","10","fracking","100","","","","","","","","","","","","","","","","","","","","","","","","","","","","",""
"41.35399307-78.56363791---2008","https://mapsengine.google.com/06136759344167181854-00219351362547715467-4/wms/?version=1.3.0","41.3539930711","-78.5636379125","2008","Elk","first_internal","","3","","3","other","100","","1","","","1","fracking","100","","","3","","3","other","100","","","","","","","","","","","","","","","","","","","","","",""
"41.7821398-76.36569574---2008","https://mapsengine.google.com/06136759344167181854-00219351362547715467-4/wms/?version=1.3.0","41.7821397977","-76.3656957427","2008","Bradford","final_internal","","3","","3","other","100","","","1","","1","other","100","","","3","","3","other","100","","","3","","3","other","100","","","","","","","","","","","","","","",""
"40.51222642-79.18318406---2008","https://mapsengine.google.com/06136759344167181854-00219351362547715467-4/wms/?version=1.3.0","40.5122264247","-79.1831840608","2008","Indiana","first_internal","","3","","3","other","100","","","","1","1","unknown","100","","","3","","3","other","100","","","","","","","","","","","","","","","","","","","","","",""
"41.96703213-77.02716557---2005","https://mapsengine.google.com/06136759344167181854-15960346301379896183-4/wms/?version=1.3.0","41.9670321331","-77.0271655689","2005","Tioga","final_internal","","3","","3","other","100","","","1","","1","other","100","","","","","","","","","","3","","3","other","100","","","","","","","","","","","","","","",""
"41.77526253-76.22491027---2010","https://mapsengine.google.com/06136759344167181854-06191489742681286724-4/wms/?version=1.3.0","41.77526253","-76.22491027","2010","Bradford","first_internal","","3","","3","other","100","","","9","1","10","other","90","","","3","","3","other","100","","","","","","","","","","","","","","","","","","","","","",""
"41.91159913-75.81224801---2008","https://mapsengine.google.com/06136759344167181854-00219351362547715467-4/wms/?version=1.3.0","41.9115991314","-75.8122480148","2008","Susquehanna","final_internal","","2","1","3","other","66","","","","1","1","unknown","100","","","2","1","3","other","66","","","2","1","3","other","66","","","","","","","","","","","","","","",""
"40.80055335-80.04597957---2010","https://mapsengine.google.com/06136759344167181854-06191489742681286724-4/wms/?version=1.3.0","40.8005533531","-80.0459795688","2010","Butler","public","","12","1","13","other","92","","","12","1","13","other","92","","","","","","","","","","","","","","","","","","","","","","","","","","","","",""
"40.52413585-79.19816264---2010","https://mapsengine.google.com/06136759344167181854-06191489742681286724-4/wms/?version=1.3.0","40.5241358481","-79.1981626413","2010","Indiana","public","","8","2","10","other","80","","","8","2","10","other","80","","","","","","","","","","","","","","","","","","","","","","","","","","","","",""
"39.75973405-78.84187744---2010","https://mapsengine.google.com/06136759344167181854-06191489742681286724-4/wms/?version=1.3.0","39.7597340453","-78.8418774381","2010","Somerset","public","1","12","1","14","other","85","","1","12","1","14","other","85","","","","","","","","","","","","","","","","","","","","","","","","","","","","",""
"41.74923662-76.73706453---2008","https://mapsengine.google.com/06136759344167181854-00219351362547715467-4/wms/?version=1.3.0","41.7492366207","-76.7370645263","2008","Bradford","final_internal","","3","","3","other","100","","","1","","1","other","100","","","3","","3","other","100","","","3","","3","other","100","","","","","","","","","","","","","","",""
"41.72383751-76.26286273---2010","https://mapsengine.google.com/06136759344167181854-06191489742681286724-4/wms/?version=1.3.0","41.72383751","-76.26286273","2010","Bradford","first_internal","","3","","3","other","100","","","11","","11","other","100","","","3","","3","other","100","","","","","","","","","","","","","","","","","","","","","",""
"39.88025194-80.04500627---2005","https://mapsengine.google.com/06136759344167181854-15960346301379896183-4/wms/?version=1.3.0","39.8802519385","-80.0450062682","2005","Greene","final_internal","","3","","3","other","100","","","1","","1","other","100","","","","","","","","","","3","","3","other","100","","","","","","","","","","","","","","",""
"41.56119556-76.10983032---2008","https://mapsengine.google.com/06136759344167181854-00219351362547715467-4/wms/?version=1.3.0","41.5611955625","-76.1098303157","2008","Wyoming","final_internal","","3","","3","other","100","","","1","","1","other","100","","","3","","3","other","100","","","3","","3","other","100","","","","","","","","","","","","","","",""
"41.96557307-77.0346631---2008","https://mapsengine.google.com/06136759344167181854-00219351362547715467-4/wms/?version=1.3.0","41.9655730709","-77.0346631026","2008","Tioga","final_internal","","3","","3","other","100","","","1","","1","other","100","","","","","","","","","","3","","3","other","100","","","","","","","","","","","","","","",""
"39.90955032-79.9619666---2010","https://mapsengine.google.com/06136759344167181854-06191489742681286724-4/wms/?version=1.3.0","39.9095503208","-79.9619665993","2010","Greene","public","","10","","10","other","100","","","10","","10","other","100","","","","","","","","","","","","","","","","","","","","","","","","","","","","",""
"40.89097861-79.26548654---2010","https://mapsengine.google.com/06136759344167181854-06191489742681286724-4/wms/?version=1.3.0","40.8909786145","-79.2654865424","2010","Armstrong","public","","10","","10","other","100","","","10","","10","other","100","","","","","","","","","","","","","","","","","","","","","","","","","","","","",""
"40.74205304-79.51053414---2010","https://mapsengine.google.com/06136759344167181854-06191489742681286724-4/wms/?version=1.3.0","40.7420530368","-79.5105341386","2010","Armstrong","public","","10","","10","other","100","","","10","","10","other","100","","","","","","","","","","","","","","","","","","","","","","","","","","","","",""
"39.92955335-80.02596303---2010","https://mapsengine.google.com/06136759344167181854-06191489742681286724-4/wms/?version=1.3.0","39.9295533517","-80.0259630274","2010","Greene","public","","10","","10","other","100","","","10","","10","other","100","","","","","","","","","","","","","","","","","","","","","","","","","","","","",""
"39.80639431-79.52358005---2010","https://mapsengine.google.com/06136759344167181854-06191489742681286724-4/wms/?version=1.3.0","39.8063943134","-79.5235800472","2010","Fayette","public","2","8","","10","other","80","","2","8","","10","other","80","","","","","","","","","","","","","","","","","","","","","","","","","","","","",""
"41.73937994-77.20589343---2010","https://mapsengine.google.com/06136759344167181854-06191489742681286724-4/wms/?version=1.3.0","41.739379943","-77.2058934329","2010","Tioga","public","","11","","11","other","100","","","11","","11","other","100","","","","","","","","","","","","","","","","","","","","","","","","","","","","",""
"40.29606644-80.38187161---2010","https://mapsengine.google.com/06136759344167181854-06191489742681286724-4/wms/?version=1.3.0","40.2960664431","-80.381871613","2010","Washington","public","10","","","10","fracking","100","","10","","","10","fracking","100","","","","","","","","","","","","","","","","","","","","","","","","","","","","",""
"41.77041139-76.07753656---2005","https://mapsengine.google.com/06136759344167181854-15960346301379896183-4/wms/?version=1.3.0","41.7704113936","-76.0775365554","2005","Susquehanna","final_internal","","3","","3","other","100","","","","1","1","unknown","100","","","3","","3","other","100","","","3","","3","other","100","","","","","","","","","","","","","","",""
"41.69514631-76.78200823---2005","https://mapsengine.google.com/06136759344167181854-15960346301379896183-4/wms/?version=1.3.0","41.6951463083","-76.7820082306","2005","Bradford","final_internal","","3","","3","other","100","","","1","","1","other","100","","","3","","3","other","100","","","3","","3","other","100","","","","","","","","","","","","","","",""
"40.28004388-80.46038675---2008","https://mapsengine.google.com/06136759344167181854-00219351362547715467-4/wms/?version=1.3.0","40.2800438785","-80.4603867535","2008","Washington","first_internal","","3","","3","other","100","","2","3","3","8","unknown|other","","37|37","","3","","3","other","100","","","","","","","","","","","","","","","","","","","","","",""
"40.80727535-80.05739137---2008","https://mapsengine.google.com/06136759344167181854-00219351362547715467-4/wms/?version=1.3.0","40.8072753474","-80.0573913662","2008","Butler","first_internal","","3","","3","other","100","","","2","","2","other","100","","","3","","3","other","100","","","","","","","","","","","","","","","","","","","","","",""
"40.92467702-79.96536514---2008","https://mapsengine.google.com/06136759344167181854-00219351362547715467-4/wms/?version=1.3.0","40.9246770198","-79.9653651401","2008","Butler","first_internal","","4","1","5","other","80","","","2","","2","other","100","","","4","1","5","other","80","","","","","","","","","","","","","","","","","","","","","",""
"41.76980794-75.93439842---2010","https://mapsengine.google.com/06136759344167181854-06191489742681286724-4/wms/?version=1.3.0","41.76980794","-75.93439842","2010","Susquehanna","first_internal","","3","","3","other","100","","","10","1","11","other","90","","","3","","3","other","100","","","","","","","","","","","","","","","","","","","","","",""
"41.69768181-76.72998959---2010","https://mapsengine.google.com/06136759344167181854-06191489742681286724-4/wms/?version=1.3.0","41.69768181","-76.72998959","2010","Bradford","first_internal","","3","","3","other","100","","","12","","12","other","100","","","3","","3","other","100","","","","","","","","","","","","","","","","","","","","","",""
"39.84018407-79.87661772---2008","https://mapsengine.google.com/06136759344167181854-00219351362547715467-4/wms/?version=1.3.0","39.8401840735","-79.8766177208","2008","Fayette","sweeper_internal","","1","","1","other","100","","1","7","2","10","other","70","","","3","","3","other","100","","","","","","","","","","1","","1","other","100","","","","","","","",""
"41.7699979-76.01202355---2010","https://mapsengine.google.com/06136759344167181854-06191489742681286724-4/wms/?version=1.3.0","41.7699979","-76.01202355","2010","Susquehanna","first_internal","","3","","3","other","100","","","10","","10","other","100","","","3","","3","other","100","","","","","","","","","","","","","","","","","","","","","",""
"40.33088654-79.48184835---2008","https://mapsengine.google.com/06136759344167181854-00219351362547715467-4/wms/?version=1.3.0","40.3308865431","-79.4818483504","2008","Westmoreland","final_internal","","3","","3","other","100","","1","","","1","fracking","100","","","","","","","","","","3","","3","other","100","","","","","","","","","","","","","","",""
"41.83943746-76.05876395---2008","https://mapsengine.google.com/06136759344167181854-00219351362547715467-4/wms/?version=1.3.0","41.8394374648","-76.0587639453","2008","Susquehanna","final_internal","","3","","3","other","100","","","1","","1","other","100","","","3","","3","other","100","","","3","","3","other","100","","","","","","","","","","","","","","",""
"41.64850967-76.31964753---2010","https://mapsengine.google.com/06136759344167181854-06191489742681286724-4/wms/?version=1.3.0","41.64850967","-76.31964753","2010","Bradford","first_internal","","3","","3","other","100","","","13","1","14","other","92","","","3","","3","other","100","","","","","","","","","","","","","","","","","","","","","",""
"40.11577995-79.78886727---2005","https://mapsengine.google.com/06136759344167181854-15960346301379896183-4/wms/?version=1.3.0","40.1157799477","-79.7888672722","2005","Fayette","final_internal","","3","","3","other","100","","","1","","1","other","100","","","","","","","","","","3","","3","other","100","","","","","","","","","","","","","","",""
"39.83667003-79.53828236---2005","https://mapsengine.google.com/06136759344167181854-15960346301379896183-4/wms/?version=1.3.0","39.8366700335","-79.5382823591","2005","Fayette","final_internal","","3","","3","other","100","","","1","","1","other","100","","","","","","","","","","3","","3","other","100","","","","","","","","","","","","","","",""
"41.7866688-76.23106707---2010","https://mapsengine.google.com/06136759344167181854-06191489742681286724-4/wms/?version=1.3.0","41.7866688024","-76.2310670718","2010","Bradford","sweeper_internal","1","","","1","fracking","100","","4","2","4","10","fracking|unknown","","40|40","3","","","3","fracking","100","","","","","","","","","1","","","1","fracking","100","","","","","","","",""
"39.97625224-80.06904197---2005","https://mapsengine.google.com/06136759344167181854-15960346301379896183-4/wms/?version=1.3.0","39.9762522431","-80.0690419709","2005","Greene","final_internal","","3","","3","other","100","","","1","","1","other","100","","","","","","","","","","3","","3","other","100","","","","","","","","","","","","","","",""
"41.66575115-78.49905654---2010","https://mapsengine.google.com/06136759344167181854-06191489742681286724-4/wms/?version=1.3.0","41.6657511466","-78.499056541","2010","McKean","public","","10","","10","other","100","","","10","","10","other","100","","","","","","","","","","","","","","","","","","","","","","","","","","","","",""
"41.82109753-76.87751802---2005","https://mapsengine.google.com/06136759344167181854-15960346301379896183-4/wms/?version=1.3.0","41.8210975296","-76.8775180206","2005","Bradford","final_internal","","3","","3","other","100","","","1","","1","other","100","","","3","","3","other","100","","","3","","3","other","100","","","","","","","","","","","","","","",""
"41.79839021-76.63387596---2005","https://mapsengine.google.com/06136759344167181854-15960346301379896183-4/wms/?version=1.3.0","41.7983902147","-76.6338759637","2005","Bradford","final_internal","","3","","3","other","100","","","1","","1","other","100","","","3","","3","other","100","","","3","","3","other","100","","","","","","","","","","","","","","",""
"41.26557782-76.61553943---2010","https://mapsengine.google.com/06136759344167181854-06191489742681286724-4/wms/?version=1.3.0","41.265577818","-76.6155394304","2010","Lycoming","public","","11","","11","other","100","","","11","","11","other","100","","","","","","","","","","","","","","","","","","","","","","","","","","","","",""
"40.28784118-80.29890772---2010","https://mapsengine.google.com/06136759344167181854-06191489742681286724-4/wms/?version=1.3.0","40.2878411784","-80.2989077156","2010","Washington","public","","10","","10","other","100","","","10","","10","other","100","","","","","","","","","","","","","","","","","","","","","","","","","","","","",""
"39.95632179-80.09732551---2005","https://mapsengine.google.com/06136759344167181854-15960346301379896183-4/wms/?version=1.3.0","39.9563217908","-80.0973255054","2005","Greene","final_internal","","3","","3","other","100","","","1","","1","other","100","","","","","","","","","","3","","3","other","100","","","","","","","","","","","","","","",""
"40.86176454-79.50544873---2008","https://mapsengine.google.com/06136759344167181854-00219351362547715467-4/wms/?version=1.3.0","40.8617645395","-79.5054487298","2008","Armstrong","first_internal","","3","","3","other","100","","1","5","","6","other","83","","","3","","3","other","100","","","","","","","","","","","","","","","","","","","","","",""
"40.80418356-80.03927916---2008","https://mapsengine.google.com/06136759344167181854-00219351362547715467-4/wms/?version=1.3.0","40.8041835614","-80.0392791639","2008","Butler","first_internal","","3","","3","other","100","","","1","1","2","unknown|other","","50|50","","3","","3","other","100","","","","","","","","","","","","","","","","","","","","","",""
"41.79385679-76.03258332---2008","https://mapsengine.google.com/06136759344167181854-00219351362547715467-4/wms/?version=1.3.0","41.7938567856","-76.0325833205","2008","Susquehanna","final_internal","","3","","3","other","100","","","1","","1","other","100","","","2","1","3","other","66","","","3","","3","other","100","","","","","","","","","","","","","","",""
"40.17880092-80.41146219---2008","https://mapsengine.google.com/06136759344167181854-00219351362547715467-4/wms/?version=1.3.0","40.1788009216","-80.4114621906","2008","Washington","first_internal","2","","1","3","fracking","66","","9","","","9","fracking","100","","2","","1","3","fracking","66","","","","","","","","","","","","","","","","","","","","","",""
"41.70073342-75.95891293---2008","https://mapsengine.google.com/06136759344167181854-00219351362547715467-4/wms/?version=1.3.0","41.700733415","-75.9589129307","2008","Susquehanna","final_internal","","3","","3","other","100","","","1","","1","other","100","","","3","","3","other","100","","","3","","3","other","100","","","","","","","","","","","","","","",""
"41.74711335-75.86721205---2010","https://mapsengine.google.com/06136759344167181854-06191489742681286724-4/wms/?version=1.3.0","41.74711335","-75.86721205","2010","Susquehanna","first_internal","","3","","3","other","100","","","10","","10","other","100","","","3","","3","other","100","","","","","","","","","","","","","","","","","","","","","",""
"41.73945614-76.05707359---2008","https://mapsengine.google.com/06136759344167181854-00219351362547715467-4/wms/?version=1.3.0","41.7394561436","-76.0570735865","2008","Susquehanna","final_internal","","3","","3","other","100","","","1","","1","other","100","","","3","","3","other","100","","","3","","3","other","100","","","","","","","","","","","","","","",""
"41.86710335-77.31932317---2005","https://mapsengine.google.com/06136759344167181854-15960346301379896183-4/wms/?version=1.3.0","41.8671033503","-77.3193231661","2005","Tioga","missing_internal","","1","","1","other","100","","","","","","fracking|unknown|other","","","","","","","","","","","","","","","","","","","","","","","","","1","","1","other","100",""
"41.66835993-75.67508446---2005","https://mapsengine.google.com/06136759344167181854-15960346301379896183-4/wms/?version=1.3.0","41.6683599275","-75.6750844639","2005","Susquehanna","final_internal","","3","","3","other","100","","","1","","1","other","100","","","3","","3","other","100","","","3","","3","other","100","","","","","","","","","","","","","","",""
"41.77177844-75.92947444---2008","https://mapsengine.google.com/06136759344167181854-00219351362547715467-4/wms/?version=1.3.0","41.7717784387","-75.9294744413","2008","Susquehanna","final_internal","","3","","3","other","100","","","1","","1","other","100","","","3","","3","other","100","","","3","","3","other","100","","","","","","","","","","","","","","",""
"39.92281226-79.86049164---2008","https://mapsengine.google.com/06136759344167181854-00219351362547715467-4/wms/?version=1.3.0","39.9228122632","-79.8604916449","2008","Fayette","sweeper_internal","","1","","1","other","100","","2","6","2","10","other","60","","","3","","3","other","100","","","","","","","","","","1","","1","other","100","","","","","","","",""
"40.69763248-78.9296366---2008","https://mapsengine.google.com/06136759344167181854-00219351362547715467-4/wms/?version=1.3.0","40.6976324777","-78.9296365965","2008","Indiana","final_internal","","3","","3","other","100","","","3","","3","other","100","","","","","","","","","","3","","3","other","100","","","","","","","","","","","","","","",""
"40.39561378-80.48771659---2010","https://mapsengine.google.com/06136759344167181854-06191489742681286724-4/wms/?version=1.3.0","40.3956137839","-80.48771659","2010","Washington","public","","10","","10","other","100","","","10","","10","other","100","","","","","","","","","","","","","","","","","","","","","","","","","","","","",""
"41.85886377-77.30935628---2008","https://mapsengine.google.com/06136759344167181854-00219351362547715467-4/wms/?version=1.3.0","41.858863774","-77.3093562845","2008","Tioga","final_internal","","4","","4","other","100","","","1","","1","other","100","","","","","","","","","","4","","4","other","100","","","","","","","","","","","","","","",""
"41.84911845-76.91806687---2008","https://mapsengine.google.com/06136759344167181854-00219351362547715467-4/wms/?version=1.3.0","41.8491184458","-76.9180668717","2008","Tioga","final_internal","","4","","4","other","100","","","1","","1","other","100","","","","","","","","","","4","","4","other","100","","","","","","","","","","","","","","",""
"41.82129161-77.04178265---2005","https://mapsengine.google.com/06136759344167181854-15960346301379896183-4/wms/?version=1.3.0","41.8212916127","-77.0417826486","2005","Tioga","missing_internal","","1","","1","other","100","","","","","","fracking|unknown|other","","","","","","","","","","","","","","","","","","","","","","","","","1","","1","other","100",""
"41.67558037-75.85837498---2008","https://mapsengine.google.com/06136759344167181854-00219351362547715467-4/wms/?version=1.3.0","41.6755803713","-75.8583749782","2008","Susquehanna","final_internal","","3","","3","other","100","","","1","","1","other","100","","","3","","3","other","100","","","3","","3","other","100","","","","","","","","","","","","","","",""
"41.64817447-76.02730111---2008","https://mapsengine.google.com/06136759344167181854-00219351362547715467-4/wms/?version=1.3.0","41.6481744662","-76.0273011069","2008","Susquehanna","final_internal","","3","","3","other","100","","","1","","1","other","100","","","3","","3","other","100","","","3","","3","other","100","","","","","","","","","","","","","","",""
"39.99172192-80.28696004---2010","https://mapsengine.google.com/06136759344167181854-06191489742681286724-4/wms/?version=1.3.0","39.9917219185","-80.2869600388","2010","Greene","public","10","","","10","fracking","100","","10","","","10","fracking","100","","","","","","","","","","","","","","","","","","","","","","","","","","","","",""
"40.4962157-79.56794072---2010","https://mapsengine.google.com/06136759344167181854-06191489742681286724-4/wms/?version=1.3.0","40.4962157038","-79.5679407156","2010","Westmoreland","public","1","9","","10","other","90","","1","9","","10","other","90","","","","","","","","","","","","","","","","","","","","","","","","","","","","",""
"41.68222254-75.90569499---2008","https://mapsengine.google.com/06136759344167181854-00219351362547715467-4/wms/?version=1.3.0","41.6822225428","-75.905694988","2008","Susquehanna","final_internal","","3","","3","other","100","","","1","","1","other","100","","","3","","3","other","100","","","3","","3","other","100","","","","","","","","","","","","","","",""
"41.42148303-78.27633362---2010","https://mapsengine.google.com/06136759344167181854-06191489742681286724-4/wms/?version=1.3.0","41.4214830254","-78.2763336168","2010","Cameron","public","","10","","10","other","100","","","10","","10","other","100","","","","","","","","","","","","","","","","","","","","","","","","","","","","",""
"40.75556452-79.72259737---2005","https://mapsengine.google.com/06136759344167181854-15960346301379896183-4/wms/?version=1.3.0","40.7555645211","-79.7225973677","2005","Butler","final_internal","","3","","3","other","100","","","1","","1","other","100","","","","","","","","","","3","","3","other","100","","","","","","","","","","","","","","",""
"41.73523999-77.15583697---2005","https://mapsengine.google.com/06136759344167181854-15960346301379896183-4/wms/?version=1.3.0","41.7352399895","-77.1558369713","2005","Tioga","missing_internal","","1","","1","other","100","","","","","","fracking|unknown|other","","","","","","","","","","","","","","","","","","","","","","","","","1","","1","other","100",""
"41.93573482-75.8688785---2008","https://mapsengine.google.com/06136759344167181854-00219351362547715467-4/wms/?version=1.3.0","41.9357348216","-75.8688784999","2008","Susquehanna","final_internal","","3","","3","other","100","","","1","","1","other","100","","","3","","3","other","100","","","3","","3","other","100","","","","","","","","","","","","","","",""
"41.7455983-75.94706622---2005","https://mapsengine.google.com/06136759344167181854-15960346301379896183-4/wms/?version=1.3.0","41.7455982967","-75.9470662225","2005","Susquehanna","final_internal","","3","","3","other","100","","","1","","1","other","100","","","3","","3","other","100","","","3","","3","other","100","","","","","","","","","","","","","","",""
"41.74131837-76.65219358---2008","https://mapsengine.google.com/06136759344167181854-00219351362547715467-4/wms/?version=1.3.0","41.7413183717","-76.6521935811","2008","Bradford","final_internal","","3","","3","other","100","","","1","","1","other","100","","","3","","3","other","100","","","3","","3","other","100","","","","","","","","","","","","","","",""
"39.77252462-79.5027511---2010","https://mapsengine.google.com/06136759344167181854-06191489742681286724-4/wms/?version=1.3.0","39.7725246152","-79.5027511046","2010","Fayette","public","","10","","10","other","100","","","10","","10","other","100","","","","","","","","","","","","","","","","","","","","","","","","","","","","",""
"41.64582625-76.34594401---2008","https://mapsengine.google.com/06136759344167181854-00219351362547715467-4/wms/?version=1.3.0","41.6458262508","-76.3459440063","2008","Bradford","final_internal","","3","","3","other","100","","","1","","1","other","100","","","3","","3","other","100","","","3","","3","other","100","","","","","","","","","","","","","","",""
"41.88434698-75.89410594---2010","https://mapsengine.google.com/06136759344167181854-06191489742681286724-4/wms/?version=1.3.0","41.88434698","-75.89410594","2010","Susquehanna","first_internal","","3","","3","other","100","","","9","1","10","other","90","","","3","","3","other","100","","","","","","","","","","","","","","","","","","","","","",""
"39.94275007-79.9829822---2008","https://mapsengine.google.com/06136759344167181854-00219351362547715467-4/wms/?version=1.3.0","39.9427500705","-79.9829822022","2008","Greene","first_internal","3","","","3","fracking","100","","9","","1","10","fracking","90","","3","","","3","fracking","100","","","","","","","","","","","","","","","","","","","","","",""
"41.94220674-75.47396336---2010","https://mapsengine.google.com/06136759344167181854-06191489742681286724-4/wms/?version=1.3.0","41.94220674","-75.47396336","2010","Wayne","first_internal","","3","","3","other","100","","","10","","10","other","100","","","3","","3","other","100","","","","","","","","","","","","","","","","","","","","","",""
"41.87484414-76.30784297---2008","https://mapsengine.google.com/06136759344167181854-00219351362547715467-4/wms/?version=1.3.0","41.874844138","-76.3078429705","2008","Bradford","final_internal","","3","","3","other","100","","","1","","1","other","100","","","3","","3","other","100","","","3","","3","other","100","","","","","","","","","","","","","","",""
"39.81892507-79.98346181---2008","https://mapsengine.google.com/06136759344167181854-00219351362547715467-4/wms/?version=1.3.0","39.8189250725","-79.9834618078","2008","Greene","first_internal","","3","","3","other","100","","1","9","","10","other","90","","","3","","3","other","100","","","","","","","","","","","","","","","","","","","","","",""
"41.79174542-76.58716129---2010","https://mapsengine.google.com/06136759344167181854-06191489742681286724-4/wms/?version=1.3.0","41.7917454241","-76.5871612926","2010","Bradford","sweeper_internal","","1","","1","other","100","","2","6","2","10","other","60","","","1","2","3","unknown","66","","","","","","","","","","1","","1","other","100","","","","","","","",""
"41.73484006-77.15339805---2010","https://mapsengine.google.com/06136759344167181854-06191489742681286724-4/wms/?version=1.3.0","41.7348400624","-77.1533980539","2010","Tioga","public","","9","1","10","other","90","","","9","1","10","other","90","","","","","","","","","","","","","","","","","","","","","","","","","","","","",""
"39.91032858-79.86421433---2010","https://mapsengine.google.com/06136759344167181854-06191489742681286724-4/wms/?version=1.3.0","39.9103285785","-79.8642143287","2010","Fayette","public","","10","","10","other","100","","","10","","10","other","100","","","","","","","","","","","","","","","","","","","","","","","","","","","","",""
"39.84565233-79.97305452---2008","https://mapsengine.google.com/06136759344167181854-00219351362547715467-4/wms/?version=1.3.0","39.8456523342","-79.9730545244","2008","Greene","sweeper_internal","1","","","1","fracking","100","","6","4","","10","fracking","60","","2","1","","3","fracking","66","","","","","","","","","1","","","1","fracking","100","","","","","","","",""
"39.94227938-79.97787696---2010","https://mapsengine.google.com/06136759344167181854-06191489742681286724-4/wms/?version=1.3.0","39.9422793834","-79.9778769624","2010","Greene","sweeper_internal","","1","","1","other","100","","3","6","1","10","other","60","","","","","","","","","","","","","","","","","1","","1","other","100","","","","","","","",""
"41.84672029-76.05729703---2005","https://mapsengine.google.com/06136759344167181854-15960346301379896183-4/wms/?version=1.3.0","41.8467202882","-76.057297029","2005","Susquehanna","final_internal","","3","","3","other","100","","","1","","1","other","100","","","3","","3","other","100","","","3","","3","other","100","","","","","","","","","","","","","","",""
"39.80383916-80.00811138---2008","https://mapsengine.google.com/06136759344167181854-00219351362547715467-4/wms/?version=1.3.0","39.8038391598","-80.008111376","2008","Greene","first_internal","","3","","3","other","100","","1","8","1","10","other","80","","","3","","3","other","100","","","","","","","","","","","","","","","","","","","","","",""
"41.69896964-75.90139402---2008","https://mapsengine.google.com/06136759344167181854-00219351362547715467-4/wms/?version=1.3.0","41.6989696438","-75.901394024","2008","Susquehanna","final_internal","","3","","3","other","100","","","","1","1","unknown","100","","","2","1","3","other","66","","","3","","3","other","100","","","","","","","","","","","","","","",""
"41.6226274-76.933733---2005","https://mapsengine.google.com/06136759344167181854-15960346301379896183-4/wms/?version=1.3.0","41.6226273966","-76.9337330006","2005","Tioga","missing_internal","","1","","1","other","100","","","","","","fracking|unknown|other","","","","","","","","","","","","","","","","","","","","","","","","","1","","1","other","100",""
"39.85072445-79.85994557---2010","https://mapsengine.google.com/06136759344167181854-06191489742681286724-4/wms/?version=1.3.0","39.850724446","-79.8599455652","2010","Fayette","public","10","","","10","fracking","100","","10","","","10","fracking","100","","","","","","","","","","","","","","","","","","","","","","","","","","","","",""
"40.51258183-79.18336342---2010","https://mapsengine.google.com/06136759344167181854-06191489742681286724-4/wms/?version=1.3.0","40.5125818322","-79.1833634186","2010","Indiana","sweeper_internal","","1","","1","other","100","","2","6","2","10","other","60","","","","","","","","","","","","","","","","","1","","1","other","100","","","","","","","",""
"40.01608693-80.07417118---2010","https://mapsengine.google.com/06136759344167181854-06191489742681286724-4/wms/?version=1.3.0","40.0160869298","-80.0741711818","2010","Washington","public","10","","","10","fracking","100","","10","","","10","fracking","100","","","","","","","","","","","","","","","","","","","","","","","","","","","","",""
"41.67204051-76.09756493---2008","https://mapsengine.google.com/06136759344167181854-00219351362547715467-4/wms/?version=1.3.0","41.6720405096","-76.0975649262","2008","Susquehanna","final_internal","","3","","3","other","100","","","1","","1","other","100","","","3","","3","other","100","","","3","","3","other","100","","","","","","","","","","","","","","",""
"41.75045649-75.94253774---2010","https://mapsengine.google.com/06136759344167181854-06191489742681286724-4/wms/?version=1.3.0","41.75045649","-75.94253774","2010","Susquehanna","first_internal","","3","","3","other","100","","","10","","10","other","100","","","3","","3","other","100","","","","","","","","","","","","","","","","","","","","","",""
"41.60901263-76.36209522---2008","https://mapsengine.google.com/06136759344167181854-00219351362547715467-4/wms/?version=1.3.0","41.6090126311","-76.3620952175","2008","Bradford","final_internal","","3","","3","other","100","","","1","","1","other","100","","","3","","3","other","100","","","3","","3","other","100","","","","","","","","","","","","","","",""
"39.93763389-79.86291505---2008","https://mapsengine.google.com/06136759344167181854-00219351362547715467-4/wms/?version=1.3.0","39.937633885","-79.8629150493","2008","Fayette","sweeper_internal","1","","","1","fracking","100","","6","","4","10","fracking","60","","2","","1","3","fracking","66","","","","","","","","","1","","","1","fracking","100","","","","","","","",""
"41.19543998-79.21310266---2008","https://mapsengine.google.com/06136759344167181854-00219351362547715467-4/wms/?version=1.3.0","41.195439983","-79.2131026635","2008","Clarion","first_internal","1","2","","3","other","66","","2","4","","6","other","66","","1","2","","3","other","66","","","","","","","","","","","","","","","","","","","","","",""
"39.85520681-80.0099256---2008","https://mapsengine.google.com/06136759344167181854-00219351362547715467-4/wms/?version=1.3.0","39.855206807","-80.009925604","2008","Greene","first_internal","","3","","3","other","100","","","10","","10","other","100","","","3","","3","other","100","","","","","","","","","","","","","","","","","","","","","",""
"40.1964783-79.88183695---2005","https://mapsengine.google.com/06136759344167181854-15960346301379896183-4/wms/?version=1.3.0","40.196478302","-79.881836955","2005","Washington","final_internal","","3","","3","other","100","","","1","","1","other","100","","","","","","","","","","3","","3","other","100","","","","","","","","","","","","","","",""
"41.73322792-77.17018591---2008","https://mapsengine.google.com/06136759344167181854-00219351362547715467-4/wms/?version=1.3.0","41.7332279228","-77.1701859072","2008","Tioga","final_internal","","3","","3","other","100","","","1","","1","other","100","","","","","","","","","","3","","3","other","100","","","","","","","","","","","","","","",""
"39.72220146-80.01762372---2010","https://mapsengine.google.com/06136759344167181854-06191489742681286724-4/wms/?version=1.3.0","39.7222014584","-80.0176237161","2010","Greene","public","","9","1","10","other","90","","","9","1","10","other","90","","","","","","","","","","","","","","","","","","","","","","","","","","","","",""
"40.68049794-79.73996218---2010","https://mapsengine.google.com/06136759344167181854-06191489742681286724-4/wms/?version=1.3.0","40.6804979434","-79.7399621783","2010","Butler","public","","17","","17","other","100","","","17","","17","other","100","","","","","","","","","","","","","","","","","","","","","","","","","","","","",""
"39.90976142-79.96877598---2010","https://mapsengine.google.com/06136759344167181854-06191489742681286724-4/wms/?version=1.3.0","39.9097614193","-79.9687759847","2010","Greene","sweeper_internal","","1","","1","other","100","","5","3","2","10","fracking","50","","","","","","","","","","","","","","","","","1","","1","other","100","","","","","","","",""
"41.35050204-78.54751967---2008","https://mapsengine.google.com/06136759344167181854-00219351362547715467-4/wms/?version=1.3.0","41.3505020418","-78.5475196711","2008","Elk","first_internal","","3","","3","other","100","","1","","","1","fracking","100","","","3","","3","other","100","","","","","","","","","","","","","","","","","","","","","",""
"41.99748654-77.54624429---2005","https://mapsengine.google.com/06136759344167181854-15960346301379896183-4/wms/?version=1.3.0","41.9974865421","-77.5462442888","2005","Tioga","missing_internal","","1","","1","other","100","","","","","","fracking|unknown|other","","","","","","","","","","","","","","","","","","","","","","","","","1","","1","other","100",""
"41.17655116-78.97742109---2005","https://mapsengine.google.com/06136759344167181854-15960346301379896183-4/wms/?version=1.3.0","41.1765511578","-78.977421086","2005","Jefferson","final_internal","1","2","","3","other","66","","","1","","1","other","100","","","","","","","","","1","2","","3","other","66","","","","","","","","","","","","","","",""
"41.68993447-76.98014633---2010","https://mapsengine.google.com/06136759344167181854-06191489742681286724-4/wms/?version=1.3.0","41.6899344687","-76.9801463299","2010","Tioga","public","","9","1","10","other","90","","","9","1","10","other","90","","","","","","","","","","","","","","","","","","","","","","","","","","","","",""
"41.14979404-78.46545269---2010","https://mapsengine.google.com/06136759344167181854-06191489742681286724-4/wms/?version=1.3.0","41.1497940357","-78.465452694","2010","Clearfield","public","26","1","3","30","fracking","86","","26","1","3","30","fracking","86","","","","","","","","","","","","","","","","","","","","","","","","","","","","",""
"41.78037112-77.13138214---2008","https://mapsengine.google.com/06136759344167181854-00219351362547715467-4/wms/?version=1.3.0","41.7803711188","-77.1313821415","2008","Tioga","final_internal","1","2","","3","other","66","","","1","","1","other","100","","","","","","","","","1","2","","3","other","66","","","","","","","","","","","","","","",""
"41.67746603-78.62921664---2010","https://mapsengine.google.com/06136759344167181854-06191489742681286724-4/wms/?version=1.3.0","41.6774660328","-78.6292166395","2010","McKean","sweeper_internal","","1","","1","other","100","","5","5","","10","fracking|other","","50|50","","","","","","","","","","","","","","","","1","","1","other","100","","","","","","","",""
"40.08058307-79.71346163---2005","https://mapsengine.google.com/06136759344167181854-15960346301379896183-4/wms/?version=1.3.0","40.0805830692","-79.7134616309","2005","Fayette","final_internal","","3","","3","other","100","","","1","","1","other","100","","","","","","","","","","3","","3","other","100","","","","","","","","","","","","","","",""
"41.81458452-76.94812685---2008","https://mapsengine.google.com/06136759344167181854-00219351362547715467-4/wms/?version=1.3.0","41.8145845245","-76.9481268504","2008","Tioga","final_internal","","3","","3","other","100","","","1","","1","other","100","","","","","","","","","","3","","3","other","100","","","","","","","","","","","","","","",""
"40.08584424-79.83615629---2010","https://mapsengine.google.com/06136759344167181854-06191489742681286724-4/wms/?version=1.3.0","40.085844242","-79.8361562943","2010","Fayette","public","10","","","10","fracking","100","","10","","","10","fracking","100","","","","","","","","","","","","","","","","","","","","","","","","","","","","",""
"40.45466331-79.55103058---2005","https://mapsengine.google.com/06136759344167181854-15960346301379896183-4/wms/?version=1.3.0","40.4546633104","-79.5510305811","2005","Westmoreland","final_internal","","3","","3","other","100","","","1","","1","other","100","","","","","","","","","","3","","3","other","100","","","","","","","","","","","","","","",""
"40.79602521-78.61672897---2010","https://mapsengine.google.com/06136759344167181854-06191489742681286724-4/wms/?version=1.3.0","40.7960252054","-78.6167289749","2010","Clearfield","public","","14","","14","other","100","","","14","","14","other","100","","","","","","","","","","","","","","","","","","","","","","","","","","","","",""
"39.82288166-79.53391572---2010","https://mapsengine.google.com/06136759344167181854-06191489742681286724-4/wms/?version=1.3.0","39.8228816575","-79.5339157182","2010","Fayette","public","","10","","10","other","100","","","10","","10","other","100","","","","","","","","","","","","","","","","","","","","","","","","","","","","",""
"41.76953277-76.10196093---2010","https://mapsengine.google.com/06136759344167181854-06191489742681286724-4/wms/?version=1.3.0","41.76953277","-76.10196093","2010","Susquehanna","first_internal","","3","","3","other","100","","","11","2","13","other","84","","","3","","3","other","100","","","","","","","","","","","","","","","","","","","","","",""
"41.9347011-75.87284002---2005","https://mapsengine.google.com/06136759344167181854-15960346301379896183-4/wms/?version=1.3.0","41.9347011022","-75.8728400163","2005","Susquehanna","final_internal","","3","","3","other","100","","","1","","1","other","100","","","3","","3","other","100","","","3","","3","other","100","","","","","","","","","","","","","","",""
"41.76140543-77.11436607---2005","https://mapsengine.google.com/06136759344167181854-15960346301379896183-4/wms/?version=1.3.0","41.7614054278","-77.1143660701","2005","Tioga","missing_internal","","1","","1","other","100","","","","","","fracking|unknown|other","","","","","","","","","","","","","","","","","","","","","","","","","1","","1","other","100",""
"41.61872293-76.93619365---2008","https://mapsengine.google.com/06136759344167181854-00219351362547715467-4/wms/?version=1.3.0","41.6187229324","-76.9361936464","2008","Tioga","final_internal","3","","","3","fracking","100","","1","","","1","fracking","100","","","","","","","","","3","","","3","fracking","100","","","","","","","","","","","","","","",""
"41.11029264-78.97220046---2008","https://mapsengine.google.com/06136759344167181854-00219351362547715467-4/wms/?version=1.3.0","41.1102926371","-78.9722004625","2008","Jefferson","first_internal","","3","","3","other","100","","","10","","10","other","100","","","3","","3","other","100","","","","","","","","","","","","","","","","","","","","","",""
"40.75729858-79.84010472---2010","https://mapsengine.google.com/06136759344167181854-06191489742681286724-4/wms/?version=1.3.0","40.7572985794","-79.8401047151","2010","Butler","public","","14","1","15","other","93","","","14","1","15","other","93","","","","","","","","","","","","","","","","","","","","","","","","","","","","",""
"41.7615531-76.80887547---2010","https://mapsengine.google.com/06136759344167181854-06191489742681286724-4/wms/?version=1.3.0","41.7615530968","-76.8088754741","2010","Bradford","sweeper_internal","","1","","1","other","100","","2","6","2","10","other","60","","1","2","","3","other","66","","","","","","","","","","1","","1","other","100","","","","","","","",""
"40.34059109-79.14487332---2010","https://mapsengine.google.com/06136759344167181854-06191489742681286724-4/wms/?version=1.3.0","40.3405910901","-79.1448733194","2010","Westmoreland","public","10","","","10","fracking","100","","10","","","10","fracking","100","","","","","","","","","","","","","","","","","","","","","","","","","","","","",""
"40.09184763-79.81035383---2010","https://mapsengine.google.com/06136759344167181854-06191489742681286724-4/wms/?version=1.3.0","40.0918476308","-79.8103538339","2010","Fayette","sweeper_internal","1","","","1","fracking","100","","3","4","3","10","other","40","","","","","","","","","","","","","","","","1","","","1","fracking","100","","","","","","","",""
"41.75621094-75.90851043---2005","https://mapsengine.google.com/06136759344167181854-15960346301379896183-4/wms/?version=1.3.0","41.7562109447","-75.9085104342","2005","Susquehanna","final_internal","","3","","3","other","100","","","1","","1","other","100","","","3","","3","other","100","","","3","","3","other","100","","","","","","","","","","","","","","",""
"40.9937861-78.86344542---2008","https://mapsengine.google.com/06136759344167181854-00219351362547715467-4/wms/?version=1.3.0","40.9937861037","-78.8634454165","2008","Jefferson","first_internal","","3","","3","other","100","","1","8","1","10","other","80","","","3","","3","other","100","","","","","","","","","","","","","","","","","","","","","",""
"41.76522014-76.80342275---2010","https://mapsengine.google.com/06136759344167181854-06191489742681286724-4/wms/?version=1.3.0","41.76522014","-76.80342275","2010","Bradford","first_internal","","3","","3","other","100","","","10","","10","other","100","","","3","","3","other","100","","","","","","","","","","","","","","","","","","","","","",""
"41.68119256-76.34892885---2005","https://mapsengine.google.com/06136759344167181854-15960346301379896183-4/wms/?version=1.3.0","41.6811925637","-76.3489288453","2005","Bradford","final_internal","","3","","3","other","100","","","1","","1","other","100","","","3","","3","other","100","","","3","","3","other","100","","","","","","","","","","","","","","",""
"41.71298355-75.94740351---2010","https://mapsengine.google.com/06136759344167181854-06191489742681286724-4/wms/?version=1.3.0","41.71298355","-75.94740351","2010","Susquehanna","first_internal","","3","","3","other","100","","","9","1","10","other","90","","","3","","3","other","100","","","","","","","","","","","","","","","","","","","","","",""
"41.69827016-75.90077131---2010","https://mapsengine.google.com/06136759344167181854-06191489742681286724-4/wms/?version=1.3.0","41.69827016","-75.90077131","2010","Susquehanna","first_internal","","3","","3","other","100","","1","8","1","10","other","80","","","3","","3","other","100","","","","","","","","","","","","","","","","","","","","","",""
"41.75033817-76.94454381---2010","https://mapsengine.google.com/06136759344167181854-06191489742681286724-4/wms/?version=1.3.0","41.7503381705","-76.9445438058","2010","Tioga","sweeper_internal","","1","","1","other","100","","1","6","3","10","other","60","","","","","","","","","","","","","","","","","1","","1","other","100","","","","","","","",""
"39.76863611-80.00618558---2010","https://mapsengine.google.com/06136759344167181854-06191489742681286724-4/wms/?version=1.3.0","39.7686361083","-80.006185584","2010","Greene","public","8","1","1","10","fracking","80","","8","1","1","10","fracking","80","","","","","","","","","","","","","","","","","","","","","","","","","","","","",""
"40.85365293-79.51301502---2008","https://mapsengine.google.com/06136759344167181854-00219351362547715467-4/wms/?version=1.3.0","40.8536529348","-79.5130150246","2008","Armstrong","first_internal","","3","","3","other","100","","","6","","6","other","100","","","3","","3","other","100","","","","","","","","","","","","","","","","","","","","","",""
"41.73914076-76.02955485---2010","https://mapsengine.google.com/06136759344167181854-06191489742681286724-4/wms/?version=1.3.0","41.7391407648","-76.0295548476","2010","Susquehanna","sweeper_internal","","1","","1","other","100","","2","6","4","12","other","50","","","1","2","3","unknown","66","","","","","","","","","","1","","1","other","100","","","","","","","",""
"41.69889336-75.83517714---2010","https://mapsengine.google.com/06136759344167181854-06191489742681286724-4/wms/?version=1.3.0","41.69889336","-75.83517714","2010","Susquehanna","first_internal","","4","","4","other","100","","","9","1","10","other","90","","","4","","4","other","100","","","","","","","","","","","","","","","","","","","","","",""
"40.88614508-79.98513517---2008","https://mapsengine.google.com/06136759344167181854-00219351362547715467-4/wms/?version=1.3.0","40.8861450806","-79.9851351703","2008","Butler","first_internal","","3","","3","other","100","","","2","","2","other","100","","","3","","3","other","100","","","","","","","","","","","","","","","","","","","","","",""
"39.76588901-79.50910968---2005","https://mapsengine.google.com/06136759344167181854-15960346301379896183-4/wms/?version=1.3.0","39.7658890077","-79.509109684","2005","Fayette","final_internal","","3","","3","other","100","","","1","","1","other","100","","","","","","","","","","3","","3","other","100","","","","","","","","","","","","","","",""
"40.26665741-80.29326743---2008","https://mapsengine.google.com/06136759344167181854-00219351362547715467-4/wms/?version=1.3.0","40.2666574118","-80.2932674309","2008","Washington","first_internal","","3","","3","other","100","","1","7","","8","other","87","","","3","","3","other","100","","","","","","","","","","","","","","","","","","","","","",""
"39.93891386-79.86423541---2010","https://mapsengine.google.com/06136759344167181854-06191489742681286724-4/wms/?version=1.3.0","39.9389138642","-79.8642354096","2010","Fayette","public","","9","1","10","other","90","","","9","1","10","other","90","","","","","","","","","","","","","","","","","","","","","","","","","","","","",""
"39.95585745-79.83692256---2010","https://mapsengine.google.com/06136759344167181854-06191489742681286724-4/wms/?version=1.3.0","39.9558574458","-79.836922556","2010","Fayette","public","","9","1","10","other","90","","","9","1","10","other","90","","","","","","","","","","","","","","","","","","","","","","","","","","","","",""
"41.57129573-77.02507416---2010","https://mapsengine.google.com/06136759344167181854-06191489742681286724-4/wms/?version=1.3.0","41.5712957279","-77.0250741564","2010","Tioga","public","","11","","11","other","100","","","11","","11","other","100","","","","","","","","","","","","","","","","","","","","","","","","","","","","",""
"41.92116301-75.81925784---2008","https://mapsengine.google.com/06136759344167181854-00219351362547715467-4/wms/?version=1.3.0","41.9211630139","-75.8192578409","2008","Susquehanna","final_internal","","3","","3","other","100","","","1","","1","other","100","","","3","","3","other","100","","","3","","3","other","100","","","","","","","","","","","","","","",""
"41.65786956-76.03579573---2010","https://mapsengine.google.com/06136759344167181854-06191489742681286724-4/wms/?version=1.3.0","41.65786956","-76.03579573","2010","Susquehanna","first_internal","","3","","3","other","100","","","9","1","10","other","90","","","3","","3","other","100","","","","","","","","","","","","","","","","","","","","","",""
"39.86365272-79.99067559---2008","https://mapsengine.google.com/06136759344167181854-00219351362547715467-4/wms/?version=1.3.0","39.8636527212","-79.9906755867","2008","Greene","first_internal","","3","","3","other","100","","","9","1","10","other","90","","","3","","3","other","100","","","","","","","","","","","","","","","","","","","","","",""
"41.89371372-77.38060112---2010","https://mapsengine.google.com/06136759344167181854-06191489742681286724-4/wms/?version=1.3.0","41.8937137208","-77.3806011188","2010","Tioga","public","","11","1","12","other","91","","","11","1","12","other","91","","","","","","","","","","","","","","","","","","","","","","","","","","","","",""
"39.72232111-80.0170845---2010","https://mapsengine.google.com/06136759344167181854-06191489742681286724-4/wms/?version=1.3.0","39.7223211116","-80.017084496","2010","Greene","public","","10","","10","other","100","","","10","","10","other","100","","","","","","","","","","","","","","","","","","","","","","","","","","","","",""
"40.39598588-79.27675185---2010","https://mapsengine.google.com/06136759344167181854-06191489742681286724-4/wms/?version=1.3.0","40.3959858773","-79.2767518488","2010","Westmoreland","sweeper_internal","","1","","1","other","100","","3","6","1","10","other","60","","","","","","","","","","","","","","","","","1","","1","other","100","","","","","","","",""
"41.68484145-76.65017129---2008","https://mapsengine.google.com/06136759344167181854-00219351362547715467-4/wms/?version=1.3.0","41.684841451","-76.6501712864","2008","Bradford","final_internal","","3","","3","other","100","","","1","","1","other","100","","","3","","3","other","100","","","3","","3","other","100","","","","","","","","","","","","","","",""
"41.77890338-76.35897397---2008","https://mapsengine.google.com/06136759344167181854-00219351362547715467-4/wms/?version=1.3.0","41.778903378","-76.3589739749","2008","Bradford","final_internal","","3","","3","other","100","","","1","","1","other","100","","","3","","3","other","100","","","3","","3","other","100","","","","","","","","","","","","","","",""
"40.78329344-80.04123805---2010","https://mapsengine.google.com/06136759344167181854-06191489742681286724-4/wms/?version=1.3.0","40.783293438","-80.0412380509","2010","Butler","public","","17","3","20","other","85","","","17","3","20","other","85","","","","","","","","","","","","","","","","","","","","","","","","","","","","",""
"39.84819761-79.97436943---2008","https://mapsengine.google.com/06136759344167181854-00219351362547715467-4/wms/?version=1.3.0","39.8481976052","-79.9743694348","2008","Greene","sweeper_internal","1","","","1","fracking","100","","4","4","2","10","fracking|other","","40|40","2","1","","3","fracking","66","","","","","","","","","1","","","1","fracking","100","","","","","","","",""
"40.26175377-80.37184534---2008","https://mapsengine.google.com/06136759344167181854-00219351362547715467-4/wms/?version=1.3.0","40.2617537663","-80.3718453413","2008","Washington","sweeper_internal","","1","","1","other","100","","7","1","2","10","fracking","70","","2","","1","3","fracking","66","","","","","","","","","","1","","1","other","100","","","","","","","",""
"41.57695251-77.06094599---2005","https://mapsengine.google.com/06136759344167181854-15960346301379896183-4/wms/?version=1.3.0","41.5769525121","-77.0609459902","2005","Tioga","final_internal","","3","","3","other","100","","","1","","1","other","100","","","","","","","","","","3","","3","other","100","","","","","","","","","","","","","","",""
"41.71268431-75.91274811---2008","https://mapsengine.google.com/06136759344167181854-00219351362547715467-4/wms/?version=1.3.0","41.7126843148","-75.9127481148","2008","Susquehanna","final_internal","","4","","4","other","100","","","1","","1","other","100","","","3","","3","other","100","","","4","","4","other","100","","","","","","","","","","","","","","",""
"41.68072677-76.34874722---2008","https://mapsengine.google.com/06136759344167181854-00219351362547715467-4/wms/?version=1.3.0","41.6807267689","-76.3487472236","2008","Bradford","final_internal","","3","","3","other","100","","","1","","1","other","100","","","3","","3","other","100","","","3","","3","other","100","","","","","","","","","","","","","","",""
"40.4958039-79.56906718---2010","https://mapsengine.google.com/06136759344167181854-06191489742681286724-4/wms/?version=1.3.0","40.4958038988","-79.5690671761","2010","Westmoreland","public","","10","","10","other","100","","","10","","10","other","100","","","","","","","","","","","","","","","","","","","","","","","","","","","","",""
"41.74928019-76.75462865---2005","https://mapsengine.google.com/06136759344167181854-15960346301379896183-4/wms/?version=1.3.0","41.7492801855","-76.7546286538","2005","Bradford","final_internal","","3","","3","other","100","","","1","","1","other","100","","","3","","3","other","100","","","3","","3","other","100","","","","","","","","","","","","","","",""
"41.68721532-78.63280158---2005","https://mapsengine.google.com/06136759344167181854-15960346301379896183-4/wms/?version=1.3.0","41.6872153227","-78.6328015752","2005","McKean","final_internal","3","","","3","fracking","100","","","1","","1","other","100","","","","","","","","","3","","","3","fracking","100","","","","","","","","","","","","","","",""
"41.90628096-76.85709981---2008","https://mapsengine.google.com/06136759344167181854-00219351362547715467-4/wms/?version=1.3.0","41.9062809596","-76.8570998119","2008","Bradford","final_internal","","4","","4","other","100","","","1","","1","other","100","","","3","","3","other","100","","","4","","4","other","100","","","","","","","","","","","","","","",""
"39.72248563-80.01910912---2008","https://mapsengine.google.com/06136759344167181854-00219351362547715467-4/wms/?version=1.3.0","39.7224856272","-80.0191091232","2008","Greene","sweeper_internal","","1","","1","other","100","","1","7","2","10","other","70","","","3","","3","other","100","","","","","","","","","","1","","1","other","100","","","","","","","",""
"40.8229412-79.67462747---2008","https://mapsengine.google.com/06136759344167181854-00219351362547715467-4/wms/?version=1.3.0","40.8229411955","-79.6746274741","2008","Armstrong","first_internal","","3","","3","other","100","","","6","","6","other","100","","","3","","3","other","100","","","","","","","","","","","","","","","","","","","","","",""
"40.45068032-80.34434352---2008","https://mapsengine.google.com/06136759344167181854-00219351362547715467-4/wms/?version=1.3.0","40.4506803159","-80.344343516","2008","Washington","first_internal","1","2","","3","other","66","","1","5","2","8","other","62","","1","2","","3","other","66","","","","","","","","","","","","","","","","","","","","","",""
"41.68007531-76.0458448---2008","https://mapsengine.google.com/06136759344167181854-00219351362547715467-4/wms/?version=1.3.0","41.6800753119","-76.0458447976","2008","Susquehanna","final_internal","","3","","3","other","100","","","1","","1","other","100","","","3","","3","other","100","","","3","","3","other","100","","","","","","","","","","","","","","",""
"41.71070108-76.00903434---2005","https://mapsengine.google.com/06136759344167181854-15960346301379896183-4/wms/?version=1.3.0","41.7107010838","-76.0090343355","2005","Susquehanna","final_internal","","3","","3","other","100","","","1","","1","other","100","","","3","","3","other","100","","","3","","3","other","100","","","","","","","","","","","","","","",""
"40.52678063-79.20478364---2008","https://mapsengine.google.com/06136759344167181854-00219351362547715467-4/wms/?version=1.3.0","40.5267806285","-79.2047836447","2008","Indiana","first_internal","","3","","3","other","100","","","1","","1","other","100","","","3","","3","other","100","","","","","","","","","","","","","","","","","","","","","",""
"40.28004711-80.46036068---2010","https://mapsengine.google.com/06136759344167181854-06191489742681286724-4/wms/?version=1.3.0","40.2800471091","-80.4603606779","2010","Washington","sweeper_internal","","1","","1","other","100","","3","6","1","10","other","60","","","","","","","","","","","","","","","","","1","","1","other","100","","","","","","","",""
"41.74714093-76.11648722---2010","https://mapsengine.google.com/06136759344167181854-06191489742681286724-4/wms/?version=1.3.0","41.74714093","-76.11648722","2010","Susquehanna","first_internal","","3","","3","other","100","","","12","","12","other","100","","","3","","3","other","100","","","","","","","","","","","","","","","","","","","","","",""
"41.75661218-76.26595684---2008","https://mapsengine.google.com/06136759344167181854-00219351362547715467-4/wms/?version=1.3.0","41.7566121847","-76.265956838","2008","Bradford","final_internal","","3","","3","other","100","","","1","","1","other","100","","","3","","3","other","100","","","3","","3","other","100","","","","","","","","","","","","","","",""
"41.72922362-76.82187337---2008","https://mapsengine.google.com/06136759344167181854-00219351362547715467-4/wms/?version=1.3.0","41.7292236239","-76.8218733723","2008","Bradford","final_internal","","3","","3","other","100","","","1","","1","other","100","","","3","","3","other","100","","","3","","3","other","100","","","","","","","","","","","","","","",""
"41.64561994-76.34647466---2008","https://mapsengine.google.com/06136759344167181854-00219351362547715467-4/wms/?version=1.3.0","41.645619937","-76.3464746603","2008","Bradford","final_internal","","3","","3","other","100","","","1","","1","other","100","","","3","","3","other","100","","","3","","3","other","100","","","","","","","","","","","","","","",""
"39.88254167-80.27396853---2008","https://mapsengine.google.com/06136759344167181854-00219351362547715467-4/wms/?version=1.3.0","39.8825416712","-80.2739685339","2008","Greene","first_internal","","3","","3","other","100","","","8","2","10","other","80","","","3","","3","other","100","","","","","","","","","","","","","","","","","","","","","",""
"40.25994256-80.33899709---2008","https://mapsengine.google.com/06136759344167181854-00219351362547715467-4/wms/?version=1.3.0","40.2599425626","-80.3389970884","2008","Washington","first_internal","","3","","3","other","100","","3","4","1","8","other","50","","","3","","3","other","100","","","","","","","","","","","","","","","","","","","","","",""
"40.45355409-79.55002648---2010","https://mapsengine.google.com/06136759344167181854-06191489742681286724-4/wms/?version=1.3.0","40.4535540923","-79.5500264844","2010","Westmoreland","public","","10","","10","other","100","","","10","","10","other","100","","","","","","","","","","","","","","","","","","","","","","","","","","","","",""
"41.80543689-77.29676856---2008","https://mapsengine.google.com/06136759344167181854-00219351362547715467-4/wms/?version=1.3.0","41.8054368949","-77.2967685563","2008","Tioga","final_internal","","4","","4","other","100","","","1","","1","other","100","","","","","","","","","","4","","4","other","100","","","","","","","","","","","","","","",""
"41.7138059-75.94520347---2005","https://mapsengine.google.com/06136759344167181854-15960346301379896183-4/wms/?version=1.3.0","41.713805898","-75.9452034742","2005","Susquehanna","final_internal","","3","","3","other","100","","","1","","1","other","100","","","3","","3","other","100","","","3","","3","other","100","","","","","","","","","","","","","","",""
"41.70477772-77.5299579---2010","https://mapsengine.google.com/06136759344167181854-06191489742681286724-4/wms/?version=1.3.0","41.7047777187","-77.5299578983","2010","Tioga","sweeper_internal","","1","","1","other","100","","3","5","2","10","other","50","","","","","","","","","","","","","","","","","1","","1","other","100","","","","","","","",""
"41.7128998-76.13284215---2010","https://mapsengine.google.com/06136759344167181854-06191489742681286724-4/wms/?version=1.3.0","41.7128998","-76.13284215","2010","Bradford","first_internal","","3","","3","other","100","","2","8","","10","other","80","","","3","","3","other","100","","","","","","","","","","","","","","","","","","","","","",""
"41.83762284-77.00783923---2008","https://mapsengine.google.com/06136759344167181854-00219351362547715467-4/wms/?version=1.3.0","41.8376228376","-77.0078392257","2008","Tioga","final_internal","","3","","3","other","100","","","1","","1","other","100","","","","","","","","","","3","","3","other","100","","","","","","","","","","","","","","",""
"41.90267171-76.87187866---2008","https://mapsengine.google.com/06136759344167181854-00219351362547715467-4/wms/?version=1.3.0","41.9026717088","-76.8718786607","2008","Bradford","final_internal","1","3","","4","other","75","","","1","","1","other","100","","","3","","3","other","100","","1","3","","4","other","75","","","","","","","","","","","","","","",""
"40.24226283-80.37039238---2010","https://mapsengine.google.com/06136759344167181854-06191489742681286724-4/wms/?version=1.3.0","40.2422628291","-80.3703923844","2010","Washington","public","","9","1","10","other","90","","","9","1","10","other","90","","","","","","","","","","","","","","","","","","","","","","","","","","","","",""
"41.75189139-76.83314575---2008","https://mapsengine.google.com/06136759344167181854-00219351362547715467-4/wms/?version=1.3.0","41.7518913866","-76.8331457543","2008","Bradford","final_internal","","4","","4","other","100","","","1","","1","other","100","","","3","","3","other","100","","","4","","4","other","100","","","","","","","","","","","","","","",""
"41.76162445-76.49590395---2010","https://mapsengine.google.com/06136759344167181854-06191489742681286724-4/wms/?version=1.3.0","41.76162445","-76.49590395","2010","Bradford","first_internal","","3","","3","other","100","","1","11","1","13","other","84","","","3","","3","other","100","","","","","","","","","","","","","","","","","","","","","",""
"41.95391904-76.86014711---2005","https://mapsengine.google.com/06136759344167181854-15960346301379896183-4/wms/?version=1.3.0","41.9539190357","-76.8601471147","2005","Bradford","final_internal","","2","1","3","other","66","","","1","","1","other","100","","","2","1","3","other","66","","","2","1","3","other","66","","","","","","","","","","","","","","",""
"41.52954926-77.15639597---2008","https://mapsengine.google.com/06136759344167181854-00219351362547715467-4/wms/?version=1.3.0","41.5295492629","-77.1563959744","2008","Lycoming","final_internal","","3","","3","other","100","","","","1","1","unknown","100","","","","","","","","","","3","","3","other","100","","","","","","","","","","","","","","",""
"39.83580066-79.53427748---2005","https://mapsengine.google.com/06136759344167181854-15960346301379896183-4/wms/?version=1.3.0","39.8358006628","-79.5342774776","2005","Fayette","final_internal","","3","","3","other","100","","","1","","1","other","100","","","","","","","","","","3","","3","other","100","","","","","","","","","","","","","","",""
"40.59780168-79.18813599---2010","https://mapsengine.google.com/06136759344167181854-06191489742681286724-4/wms/?version=1.3.0","40.5978016844","-79.1881359874","2010","Indiana","sweeper_internal","","1","","1","other","100","","12","3","15","30","unknown","50","","","","","","","","","","","","","","","","","1","","1","other","100","","","","","","","",""
"41.61449793-76.93226532---2008","https://mapsengine.google.com/06136759344167181854-00219351362547715467-4/wms/?version=1.3.0","41.6144979306","-76.9322653232","2008","Tioga","final_internal","","4","","4","other","100","","","1","","1","other","100","","","","","","","","","","4","","4","other","100","","","","","","","","","","","","","","",""
"40.91693337-79.96400256---2005","https://mapsengine.google.com/06136759344167181854-15960346301379896183-4/wms/?version=1.3.0","40.9169333744","-79.9640025603","2005","Butler","final_internal","","3","","3","other","100","","","1","","1","other","100","","","","","","","","","","3","","3","other","100","","","","","","","","","","","","","","",""
"41.71072417-75.90013184---2005","https://mapsengine.google.com/06136759344167181854-15960346301379896183-4/wms/?version=1.3.0","41.710724166","-75.9001318357","2005","Susquehanna","final_internal","","3","","3","other","100","","","1","","1","other","100","","","3","","3","other","100","","","3","","3","other","100","","","","","","","","","","","","","","",""
"41.546163-76.43355017---2008","https://mapsengine.google.com/06136759344167181854-00219351362547715467-4/wms/?version=1.3.0","41.5461630031","-76.4335501748","2008","Sullivan","final_internal","","3","","3","other","100","","","1","","1","other","100","","","3","","3","other","100","","","3","","3","other","100","","","","","","","","","","","","","","",""
"41.95945156-77.42559903---2008","https://mapsengine.google.com/06136759344167181854-00219351362547715467-4/wms/?version=1.3.0","41.959451555","-77.4255990298","2008","Tioga","final_internal","","3","","3","other","100","","","1","","1","other","100","","","","","","","","","","3","","3","other","100","","","","","","","","","","","","","","",""
"40.51320303-79.19298085---2010","https://mapsengine.google.com/06136759344167181854-06191489742681286724-4/wms/?version=1.3.0","40.5132030318","-79.1929808548","2010","Indiana","sweeper_internal","","1","","1","other","100","","6","16","6","28","other","57","","","","","","","","","","","","","","","","","1","","1","other","100","","","","","","","",""
"40.37115972-79.33921486---2010","https://mapsengine.google.com/06136759344167181854-06191489742681286724-4/wms/?version=1.3.0","40.3711597242","-79.339214864","2010","Westmoreland","public","9","","1","10","fracking","90","","9","","1","10","fracking","90","","","","","","","","","","","","","","","","","","","","","","","","","","","","",""
"39.86573125-79.99603079---2008","https://mapsengine.google.com/06136759344167181854-00219351362547715467-4/wms/?version=1.3.0","39.8657312522","-79.9960307902","2008","Greene","first_internal","","3","","3","other","100","","1","8","1","10","other","80","","","3","","3","other","100","","","","","","","","","","","","","","","","","","","","","",""
"39.84133447-79.88335217---2008","https://mapsengine.google.com/06136759344167181854-00219351362547715467-4/wms/?version=1.3.0","39.8413344726","-79.8833521699","2008","Fayette","first_internal","","3","","3","other","100","","","10","","10","other","100","","","3","","3","other","100","","","","","","","","","","","","","","","","","","","","","",""
"39.93738553-79.85882747---2010","https://mapsengine.google.com/06136759344167181854-06191489742681286724-4/wms/?version=1.3.0","39.9373855317","-79.8588274666","2010","Fayette","public","","10","","10","other","100","","","10","","10","other","100","","","","","","","","","","","","","","","","","","","","","","","","","","","","",""
"41.2739446-76.56562692---2010","https://mapsengine.google.com/06136759344167181854-06191489742681286724-4/wms/?version=1.3.0","41.2739445958","-76.5656269215","2010","Lycoming","sweeper_internal","","1","","1","other","100","","4","4","4","12","fracking|unknown|other","","33|33|33","","","","","","","","","","","","","","","","1","","1","other","100","","","","","","","",""
"40.21540718-80.31517013---2008","https://mapsengine.google.com/06136759344167181854-00219351362547715467-4/wms/?version=1.3.0","40.2154071798","-80.31517013","2008","Washington","first_internal","2","","1","3","fracking","66","","6","1","1","8","fracking","75","","2","","1","3","fracking","66","","","","","","","","","","","","","","","","","","","","","",""
"41.70035741-75.84690673---2008","https://mapsengine.google.com/06136759344167181854-00219351362547715467-4/wms/?version=1.3.0","41.7003574116","-75.8469067253","2008","Susquehanna","final_internal","","3","","3","other","100","","","1","","1","other","100","","","3","","3","other","100","","","3","","3","other","100","","","","","","","","","","","","","","",""
"41.5528123-77.06023238---2010","https://mapsengine.google.com/06136759344167181854-06191489742681286724-4/wms/?version=1.3.0","41.5528122998","-77.0602323829","2010","Lycoming","public","","10","","10","other","100","","","10","","10","other","100","","","","","","","","","","","","","","","","","","","","","","","","","","","","",""
"39.72330531-79.98017833---2005","https://mapsengine.google.com/06136759344167181854-15960346301379896183-4/wms/?version=1.3.0","39.7233053075","-79.9801783311","2005","Greene","final_internal","","3","","3","other","100","","","1","","1","other","100","","","","","","","","","","3","","3","other","100","","","","","","","","","","","","","","",""
"39.78435989-79.85695736---2005","https://mapsengine.google.com/06136759344167181854-15960346301379896183-4/wms/?version=1.3.0","39.7843598854","-79.8569573578","2005","Fayette","final_internal","1","3","","4","other","75","","","1","","1","other","100","","","","","","","","","1","3","","4","other","75","","","","","","","","","","","","","","",""
"39.71939058-79.96046532---2005","https://mapsengine.google.com/06136759344167181854-15960346301379896183-4/wms/?version=1.3.0","39.7193905797","-79.9604653242","2005","Greene","final_internal","","3","","3","other","100","","","1","","1","other","100","","","","","","","","","","3","","3","other","100","","","","","","","","","","","","","","",""
"40.43507326-79.06489113---2010","https://mapsengine.google.com/06136759344167181854-06191489742681286724-4/wms/?version=1.3.0","40.4350732565","-79.0648911349","2010","Indiana","public","","13","","13","other","100","","","13","","13","other","100","","","","","","","","","","","","","","","","","","","","","","","","","","","","",""
"41.41257374-78.27400091---2008","https://mapsengine.google.com/06136759344167181854-00219351362547715467-4/wms/?version=1.3.0","41.4125737352","-78.2740009111","2008","Cameron","first_internal","1","2","","3","other","66","","2","1","3","6","unknown","50","","1","2","","3","other","66","","","","","","","","","","","","","","","","","","","","","",""
"39.94189741-79.86315798---2010","https://mapsengine.google.com/06136759344167181854-06191489742681286724-4/wms/?version=1.3.0","39.9418974063","-79.8631579774","2010","Fayette","sweeper_internal","","1","","1","other","100","","2","2","6","10","unknown","60","","","","","","","","","","","","","","","","","1","","1","other","100","","","","","","","",""
"41.64471301-78.47976495---2010","https://mapsengine.google.com/06136759344167181854-06191489742681286724-4/wms/?version=1.3.0","41.6447130147","-78.4797649544","2010","McKean","sweeper_internal","","1","","1","other","100","","3","6","1","10","other","60","","","","","","","","","","","","","","","","","1","","1","other","100","","","","","","","",""
"39.81202305-80.0114782---2010","https://mapsengine.google.com/06136759344167181854-06191489742681286724-4/wms/?version=1.3.0","39.8120230488","-80.0114781966","2010","Greene","public","1","9","","10","other","90","","1","9","","10","other","90","","","","","","","","","","","","","","","","","","","","","","","","","","","","",""
"40.72992967-79.61663922---2010","https://mapsengine.google.com/06136759344167181854-06191489742681286724-4/wms/?version=1.3.0","40.7299296739","-79.6166392203","2010","Armstrong","public","","10","","10","other","100","","","10","","10","other","100","","","","","","","","","","","","","","","","","","","","","","","","","","","","",""
"39.90053883-80.14814542---2010","https://mapsengine.google.com/06136759344167181854-06191489742681286724-4/wms/?version=1.3.0","39.9005388285","-80.1481454201","2010","Greene","sweeper_internal","","1","","1","other","100","","4","4","2","10","fracking|other","","40|40","","","","","","","","","","","","","","","","1","","1","other","100","","","","","","","",""
"40.20055247-80.35077586---2010","https://mapsengine.google.com/06136759344167181854-06191489742681286724-4/wms/?version=1.3.0","40.2005524666","-80.3507758596","2010","Washington","public","","10","","10","other","100","","","10","","10","other","100","","","","","","","","","","","","","","","","","","","","","","","","","","","","",""
"41.73932907-76.08970118---2005","https://mapsengine.google.com/06136759344167181854-15960346301379896183-4/wms/?version=1.3.0","41.7393290673","-76.0897011787","2005","Susquehanna","final_internal","","3","","3","other","100","","","1","","1","other","100","","","3","","3","other","100","","","3","","3","other","100","","","","","","","","","","","","","","",""
"41.71907545-75.65211132---2010","https://mapsengine.google.com/06136759344167181854-06191489742681286724-4/wms/?version=1.3.0","41.71907545","-75.65211132","2010","Susquehanna","first_internal","","3","","3","other","100","","","10","1","11","other","90","","","3","","3","other","100","","","","","","","","","","","","","","","","","","","","","",""
"41.7265641-76.56303044---2005","https://mapsengine.google.com/06136759344167181854-15960346301379896183-4/wms/?version=1.3.0","41.7265640955","-76.5630304417","2005","Bradford","final_internal","","3","","3","other","100","","","1","","1","other","100","","","3","","3","other","100","","","3","","3","other","100","","","","","","","","","","","","","","",""
"41.58726904-76.85765013---2010","https://mapsengine.google.com/06136759344167181854-06191489742681286724-4/wms/?version=1.3.0","41.5872690372","-76.8576501257","2010","Lycoming","public","","11","","11","other","100","","","11","","11","other","100","","","","","","","","","","","","","","","","","","","","","","","","","","","","",""
"40.89218219-79.51664668---2008","https://mapsengine.google.com/06136759344167181854-00219351362547715467-4/wms/?version=1.3.0","40.8921821894","-79.5166466829","2008","Armstrong","first_internal","","3","","3","other","100","","","6","","6","other","100","","","3","","3","other","100","","","","","","","","","","","","","","","","","","","","","",""
"39.95015738-80.08987508---2008","https://mapsengine.google.com/06136759344167181854-00219351362547715467-4/wms/?version=1.3.0","39.9501573815","-80.0898750763","2008","Greene","first_internal","","3","","3","other","100","","","9","1","10","other","90","","","3","","3","other","100","","","","","","","","","","","","","","","","","","","","","",""
"41.85048836-77.29386426---2005","https://mapsengine.google.com/06136759344167181854-15960346301379896183-4/wms/?version=1.3.0","41.8504883585","-77.2938642623","2005","Tioga","missing_internal","","1","","1","other","100","","","","","","fracking|unknown|other","","","","","","","","","","","","","","","","","","","","","","","","","1","","1","other","100",""
"41.74483206-77.1533387---2010","https://mapsengine.google.com/06136759344167181854-06191489742681286724-4/wms/?version=1.3.0","41.7448320639","-77.1533387012","2010","Tioga","sweeper_internal","","1","","1","other","100","","2","5","3","10","other","50","","","","","","","","","","","","","","","","","1","","1","other","100","","","","","","","",""
"41.70067652-75.89566987---2010","https://mapsengine.google.com/06136759344167181854-06191489742681286724-4/wms/?version=1.3.0","41.70067652","-75.89566987","2010","Susquehanna","first_internal","","3","","3","other","100","","1","12","","13","other","92","","","3","","3","other","100","","","","","","","","","","","","","","","","","","","","","",""
"41.86105894-76.87670447---2010","https://mapsengine.google.com/06136759344167181854-06191489742681286724-4/wms/?version=1.3.0","41.8610589384","-76.8767044693","2010","Bradford","sweeper_internal","","1","","1","other","100","","1","6","5","12","other","50","","","3","","3","other","100","","","","","","","","","","1","","1","other","100","","","","","","","",""
"41.31764501-76.69005425---2010","https://mapsengine.google.com/06136759344167181854-06191489742681286724-4/wms/?version=1.3.0","41.317645007","-76.6900542488","2010","Lycoming","public","1","9","1","11","other","81","","1","9","1","11","other","81","","","","","","","","","","","","","","","","","","","","","","","","","","","","",""
"40.45214943-80.33392154---2008","https://mapsengine.google.com/06136759344167181854-00219351362547715467-4/wms/?version=1.3.0","40.452149425","-80.3339215431","2008","Washington","first_internal","","3","","3","other","100","","1","7","","8","other","87","","","3","","3","other","100","","","","","","","","","","","","","","","","","","","","","",""
"40.87384399-79.5171114---2005","https://mapsengine.google.com/06136759344167181854-15960346301379896183-4/wms/?version=1.3.0","40.8738439854","-79.5171113978","2005","Armstrong","final_internal","","3","","3","other","100","","","1","","1","other","100","","","","","","","","","","3","","3","other","100","","","","","","","","","","","","","","",""
"40.7802291-80.03601533---2010","https://mapsengine.google.com/06136759344167181854-06191489742681286724-4/wms/?version=1.3.0","40.7802291038","-80.0360153299","2010","Butler","public","2","17","1","20","other","85","","2","17","1","20","other","85","","","","","","","","","","","","","","","","","","","","","","","","","","","","",""
"40.30391153-80.3325946---2010","https://mapsengine.google.com/06136759344167181854-06191489742681286724-4/wms/?version=1.3.0","40.3039115331","-80.3325945995","2010","Washington","public","","9","1","10","other","90","","","9","1","10","other","90","","","","","","","","","","","","","","","","","","","","","","","","","","","","",""
"40.22335561-79.75013337---2008","https://mapsengine.google.com/06136759344167181854-00219351362547715467-4/wms/?version=1.3.0","40.2233556083","-79.7501333716","2008","Westmoreland","first_internal","3","","","3","fracking","100","","1","","","1","fracking","100","","3","","","3","fracking","100","","","","","","","","","","","","","","","","","","","","","",""
"41.80296165-77.29227199---2010","https://mapsengine.google.com/06136759344167181854-06191489742681286724-4/wms/?version=1.3.0","41.8029616548","-77.292271991","2010","Tioga","public","","11","","11","other","100","","","11","","11","other","100","","","","","","","","","","","","","","","","","","","","","","","","","","","","",""
"40.10050667-79.80572309---2005","https://mapsengine.google.com/06136759344167181854-15960346301379896183-4/wms/?version=1.3.0","40.1005066669","-79.8057230866","2005","Fayette","final_internal","","3","","3","other","100","","1","","","1","fracking","100","","","","","","","","","","3","","3","other","100","","","","","","","","","","","","","","",""
"41.61444371-76.93213429---2010","https://mapsengine.google.com/06136759344167181854-06191489742681286724-4/wms/?version=1.3.0","41.6144437051","-76.9321342876","2010","Tioga","public","","10","","10","other","100","","","10","","10","other","100","","","","","","","","","","","","","","","","","","","","","","","","","","","","",""
"41.872106-76.05146132---2005","https://mapsengine.google.com/06136759344167181854-15960346301379896183-4/wms/?version=1.3.0","41.8721060034","-76.0514613192","2005","Susquehanna","final_internal","","3","","3","other","100","","","1","","1","other","100","","","3","","3","other","100","","","3","","3","other","100","","","","","","","","","","","","","","",""
"39.82590548-79.99052555---2010","https://mapsengine.google.com/06136759344167181854-06191489742681286724-4/wms/?version=1.3.0","39.8259054843","-79.9905255543","2010","Greene","public","","10","","10","other","100","","","10","","10","other","100","","","","","","","","","","","","","","","","","","","","","","","","","","","","",""
"41.71585713-78.14704213---2008","https://mapsengine.google.com/06136759344167181854-00219351362547715467-4/wms/?version=1.3.0","41.7158571347","-78.1470421255","2008","Potter","final_internal","","3","","3","other","100","","","1","","1","other","100","","","","","","","","","","3","","3","other","100","","","","","","","","","","","","","","",""
"39.92887371-79.95826169---2010","https://mapsengine.google.com/06136759344167181854-06191489742681286724-4/wms/?version=1.3.0","39.9288737118","-79.9582616858","2010","Greene","public","","10","","10","other","100","","","10","","10","other","100","","","","","","","","","","","","","","","","","","","","","","","","","","","","",""
"41.60606177-76.38040642---2005","https://mapsengine.google.com/06136759344167181854-15960346301379896183-4/wms/?version=1.3.0","41.6060617715","-76.3804064175","2005","Bradford","final_internal","","3","","3","other","100","","","1","","1","other","100","","","3","","3","other","100","","","3","","3","other","100","","","","","","","","","","","","","","",""
"40.85756056-79.50942547---2010","https://mapsengine.google.com/06136759344167181854-06191489742681286724-4/wms/?version=1.3.0","40.8575605621","-79.5094254652","2010","Armstrong","sweeper_internal","","1","","1","other","100","","3","5","2","10","other","50","","","","","","","","","","","","","","","","","1","","1","other","100","","","","","","","",""
"40.17391675-80.05255029---2010","https://mapsengine.google.com/06136759344167181854-06191489742681286724-4/wms/?version=1.3.0","40.1739167538","-80.0525502891","2010","Washington","public","9","1","","10","fracking","90","","9","1","","10","fracking","90","","","","","","","","","","","","","","","","","","","","","","","","","","","","",""
"39.82462732-79.98179796---2008","https://mapsengine.google.com/06136759344167181854-00219351362547715467-4/wms/?version=1.3.0","39.824627317","-79.9817979595","2008","Greene","sweeper_internal","1","","","1","fracking","100","","7","1","2","10","fracking","70","","2","","1","3","fracking","66","","","","","","","","","1","","","1","fracking","100","","","","","","","",""
"39.82418642-80.04470102---2008","https://mapsengine.google.com/06136759344167181854-00219351362547715467-4/wms/?version=1.3.0","39.8241864194","-80.0447010197","2008","Greene","first_internal","","3","","3","other","100","","","9","1","10","other","90","","","3","","3","other","100","","","","","","","","","","","","","","","","","","","","","",""
"39.9046747-79.99524112---2005","https://mapsengine.google.com/06136759344167181854-15960346301379896183-4/wms/?version=1.3.0","39.9046747043","-79.9952411206","2005","Greene","final_internal","","3","","3","other","100","","","1","","1","other","100","","","","","","","","","","3","","3","other","100","","","","","","","","","","","","","","",""
"41.94227466-75.46535653---2008","https://mapsengine.google.com/06136759344167181854-00219351362547715467-4/wms/?version=1.3.0","41.9422746604","-75.4653565256","2008","Wayne","final_internal","","3","","3","other","100","","","1","","1","other","100","","","3","","3","other","100","","","3","","3","other","100","","","","","","","","","","","","","","",""
"40.50481123-79.55466367---2008","https://mapsengine.google.com/06136759344167181854-00219351362547715467-4/wms/?version=1.3.0","40.5048112328","-79.5546636708","2008","Westmoreland","final_internal","","3","","3","other","100","","","1","","1","other","100","","","","","","","","","","3","","3","other","100","","","","","","","","","","","","","","",""
"41.67562211-78.49415138---2010","https://mapsengine.google.com/06136759344167181854-06191489742681286724-4/wms/?version=1.3.0","41.6756221063","-78.4941513842","2010","McKean","public","","10","","10","other","100","","","10","","10","other","100","","","","","","","","","","","","","","","","","","","","","","","","","","","","",""
"41.79255812-77.24783754---2008","https://mapsengine.google.com/06136759344167181854-00219351362547715467-4/wms/?version=1.3.0","41.7925581204","-77.2478375437","2008","Tioga","final_internal","","3","","3","other","100","","","1","","1","other","100","","","","","","","","","","3","","3","other","100","","","","","","","","","","","","","","",""
"41.61483685-76.94099069---2008","https://mapsengine.google.com/06136759344167181854-00219351362547715467-4/wms/?version=1.3.0","41.6148368475","-76.9409906901","2008","Tioga","final_internal","","3","","3","other","100","","","1","","1","other","100","","","","","","","","","","3","","3","other","100","","","","","","","","","","","","","","",""
"41.77660396-75.93395886---2008","https://mapsengine.google.com/06136759344167181854-00219351362547715467-4/wms/?version=1.3.0","41.7766039584","-75.933958864","2008","Susquehanna","final_internal","","3","","3","other","100","","","1","","1","other","100","","","3","","3","other","100","","","3","","3","other","100","","","","","","","","","","","","","","",""
"41.68287793-77.42331543---2010","https://mapsengine.google.com/06136759344167181854-06191489742681286724-4/wms/?version=1.3.0","41.6828779285","-77.4233154327","2010","Tioga","public","","10","","10","other","100","","","10","","10","other","100","","","","","","","","","","","","","","","","","","","","","","","","","","","","",""
"41.7324505-76.00943708---2008","https://mapsengine.google.com/06136759344167181854-00219351362547715467-4/wms/?version=1.3.0","41.7324505023","-76.009437078","2008","Susquehanna","final_internal","1","2","","3","other","66","","","1","","1","other","100","","","3","","3","other","100","","1","2","","3","other","66","","","","","","","","","","","","","","",""
"39.94020106-79.83541222---2010","https://mapsengine.google.com/06136759344167181854-06191489742681286724-4/wms/?version=1.3.0","39.9402010602","-79.8354122154","2010","Fayette","sweeper_internal","","1","","1","other","100","","1","6","3","10","other","60","","","","","","","","","","","","","","","","","1","","1","other","100","","","","","","","",""
"41.86038034-76.84822657---2010","https://mapsengine.google.com/06136759344167181854-06191489742681286724-4/wms/?version=1.3.0","41.86038034","-76.84822657","2010","Bradford","first_internal","3","","","3","fracking","100","","12","","","12","fracking","100","","3","","","3","fracking","100","","","","","","","","","","","","","","","","","","","","","",""
"41.71435723-75.89040321---2008","https://mapsengine.google.com/06136759344167181854-00219351362547715467-4/wms/?version=1.3.0","41.7143572303","-75.8904032051","2008","Susquehanna","final_internal","","3","","3","other","100","","","1","","1","other","100","","","3","","3","other","100","","","3","","3","other","100","","","","","","","","","","","","","","",""
"41.9132278-75.80755991---2005","https://mapsengine.google.com/06136759344167181854-15960346301379896183-4/wms/?version=1.3.0","41.9132278007","-75.8075599051","2005","Susquehanna","final_internal","","3","","3","other","100","","","1","","1","other","100","","","3","","3","other","100","","","3","","3","other","100","","","","","","","","","","","","","","",""
"41.70851133-76.98208538---2010","https://mapsengine.google.com/06136759344167181854-06191489742681286724-4/wms/?version=1.3.0","41.7085113255","-76.9820853751","2010","Tioga","public","1","9","","10","other","90","","1","9","","10","other","90","","","","","","","","","","","","","","","","","","","","","","","","","","","","",""
"40.22821768-79.71261826---2008","https://mapsengine.google.com/06136759344167181854-00219351362547715467-4/wms/?version=1.3.0","40.2282176821","-79.7126182648","2008","Westmoreland","final_internal","","","3","3","unknown","100","","1","","","1","fracking","100","","","","","","","","","","","3","3","unknown","100","","","","","","","","","","","","","","",""
"41.27601232-76.56392677---2010","https://mapsengine.google.com/06136759344167181854-06191489742681286724-4/wms/?version=1.3.0","41.2760123216","-76.563926767","2010","Lycoming","public","","12","","12","other","100","","","12","","12","other","100","","","","","","","","","","","","","","","","","","","","","","","","","","","","",""
"41.71121762-77.29013483---2010","https://mapsengine.google.com/06136759344167181854-06191489742681286724-4/wms/?version=1.3.0","41.7112176227","-77.2901348306","2010","Tioga","public","1","8","1","10","other","80","","1","8","1","10","other","80","","","","","","","","","","","","","","","","","","","","","","","","","","","","",""
"40.08705881-79.83188114---2010","https://mapsengine.google.com/06136759344167181854-06191489742681286724-4/wms/?version=1.3.0","40.0870588132","-79.8318811362","2010","Fayette","sweeper_internal","","1","","1","other","100","","2","4","4","10","unknown|other","","40|40","","","","","","","","","","","","","","","","1","","1","other","100","","","","","","","",""
"39.73900214-79.83312688---2010","https://mapsengine.google.com/06136759344167181854-06191489742681286724-4/wms/?version=1.3.0","39.7390021379","-79.8331268845","2010","Fayette","public","9","","1","10","fracking","90","","9","","1","10","fracking","90","","","","","","","","","","","","","","","","","","","","","","","","","","","","",""
"41.44227775-78.25087389---2005","https://mapsengine.google.com/06136759344167181854-15960346301379896183-4/wms/?version=1.3.0","41.4422777486","-78.2508738869","2005","Cameron","final_internal","","3","","3","other","100","","","1","","1","other","100","","","","","","","","","","3","","3","other","100","","","","","","","","","","","","","","",""
"41.86565502-76.05701959---2010","https://mapsengine.google.com/06136759344167181854-06191489742681286724-4/wms/?version=1.3.0","41.8656550212","-76.0570195877","2010","Susquehanna","sweeper_internal","","1","","1","other","100","","","9","3","12","other","75","","","3","","3","other","100","","","","","","","","","","1","","1","other","100","","","","","","","",""
"39.88651697-80.0505083---2010","https://mapsengine.google.com/06136759344167181854-06191489742681286724-4/wms/?version=1.3.0","39.8865169736","-80.0505082974","2010","Greene","public","","10","","10","other","100","","","10","","10","other","100","","","","","","","","","","","","","","","","","","","","","","","","","","","","",""
"39.92402144-79.9633679---2005","https://mapsengine.google.com/06136759344167181854-15960346301379896183-4/wms/?version=1.3.0","39.9240214438","-79.9633679003","2005","Greene","final_internal","","3","","3","other","100","","","1","","1","other","100","","","","","","","","","","3","","3","other","100","","","","","","","","","","","","","","",""
"39.95812019-79.83948352---2010","https://mapsengine.google.com/06136759344167181854-06191489742681286724-4/wms/?version=1.3.0","39.9581201891","-79.8394835152","2010","Fayette","public","8","","2","10","fracking","80","","8","","2","10","fracking","80","","","","","","","","","","","","","","","","","","","","","","","","","","","","",""
"41.87657072-76.93468897---2010","https://mapsengine.google.com/06136759344167181854-06191489742681286724-4/wms/?version=1.3.0","41.8765707152","-76.9346889658","2010","Tioga","public","11","","","11","fracking","100","","11","","","11","fracking","100","","","","","","","","","","","","","","","","","","","","","","","","","","","","",""
"41.57066734-76.09945552---2005","https://mapsengine.google.com/06136759344167181854-15960346301379896183-4/wms/?version=1.3.0","41.5706673371","-76.0994555245","2005","Wyoming","final_internal","","3","","3","other","100","","1","","","1","fracking","100","","","3","","3","other","100","","","3","","3","other","100","","","","","","","","","","","","","","",""
"39.89321834-80.29630955---2008","https://mapsengine.google.com/06136759344167181854-00219351362547715467-4/wms/?version=1.3.0","39.8932183395","-80.296309553","2008","Greene","sweeper_internal","1","","","1","fracking","100","","6","3","1","10","fracking","60","","2","1","","3","fracking","66","","","","","","","","","1","","","1","fracking","100","","","","","","","",""
"41.74823796-76.85563943---2005","https://mapsengine.google.com/06136759344167181854-15960346301379896183-4/wms/?version=1.3.0","41.7482379641","-76.8556394301","2005","Bradford","final_internal","","3","","3","other","100","","","1","","1","other","100","","","3","","3","other","100","","","3","","3","other","100","","","","","","","","","","","","","","",""
"39.91178478-79.93466419---2008","https://mapsengine.google.com/06136759344167181854-00219351362547715467-4/wms/?version=1.3.0","39.9117847764","-79.9346641888","2008","Greene","first_internal","","3","","3","other","100","","","9","1","10","other","90","","","3","","3","other","100","","","","","","","","","","","","","","","","","","","","","",""
"41.59709065-75.56399597---2008","https://mapsengine.google.com/06136759344167181854-00219351362547715467-4/wms/?version=1.3.0","41.5970906536","-75.5639959705","2008","Lackawanna","final_internal","","3","","3","other","100","","","1","","1","other","100","","","3","","3","other","100","","","3","","3","other","100","","","","","","","","","","","","","","",""
"41.78635863-77.21183737---2008","https://mapsengine.google.com/06136759344167181854-00219351362547715467-4/wms/?version=1.3.0","41.7863586282","-77.2118373714","2008","Tioga","final_internal","","3","","3","other","100","","","1","","1","other","100","","","","","","","","","","3","","3","other","100","","","","","","","","","","","","","","",""
"41.67608177-75.87404952---2008","https://mapsengine.google.com/06136759344167181854-00219351362547715467-4/wms/?version=1.3.0","41.6760817681","-75.8740495175","2008","Susquehanna","final_internal","","3","","3","other","100","","","1","","1","other","100","","","3","","3","other","100","","","3","","3","other","100","","","","","","","","","","","","","","",""
"39.94773543-79.97730802---2010","https://mapsengine.google.com/06136759344167181854-06191489742681286724-4/wms/?version=1.3.0","39.9477354296","-79.9773080164","2010","Greene","sweeper_internal","","1","","1","other","100","","3","4","3","10","other","40","","","","","","","","","","","","","","","","","1","","1","other","100","","","","","","","",""
"41.72090015-76.04987333---2010","https://mapsengine.google.com/06136759344167181854-06191489742681286724-4/wms/?version=1.3.0","41.72090015","-76.04987333","2010","Susquehanna","first_internal","","3","","3","other","100","","","10","","10","other","100","","","3","","3","other","100","","","","","","","","","","","","","","","","","","","","","",""
"40.96001437-78.86475293---2010","https://mapsengine.google.com/06136759344167181854-06191489742681286724-4/wms/?version=1.3.0","40.9600143719","-78.864752932","2010","Jefferson","public","","9","1","10","other","90","","","9","1","10","other","90","","","","","","","","","","","","","","","","","","","","","","","","","","","","",""
"41.73872204-76.60036832---2010","https://mapsengine.google.com/06136759344167181854-06191489742681286724-4/wms/?version=1.3.0","41.73872204","-76.60036832","2010","Bradford","first_internal","","3","","3","other","100","","","9","1","10","other","90","","","3","","3","other","100","","","","","","","","","","","","","","","","","","","","","",""
"39.9848523-79.69061716---2010","https://mapsengine.google.com/06136759344167181854-06191489742681286724-4/wms/?version=1.3.0","39.9848523034","-79.690617157","2010","Fayette","public","10","","","10","fracking","100","","10","","","10","fracking","100","","","","","","","","","","","","","","","","","","","","","","","","","","","","",""
"41.66741831-76.09204809---2010","https://mapsengine.google.com/06136759344167181854-06191489742681286724-4/wms/?version=1.3.0","41.66741831","-76.09204809","2010","Susquehanna","first_internal","","3","","3","other","100","","","10","","10","other","100","","","3","","3","other","100","","","","","","","","","","","","","","","","","","","","","",""
"41.20379291-76.63350197---2008","https://mapsengine.google.com/06136759344167181854-00219351362547715467-4/wms/?version=1.3.0","41.203792913","-76.6335019746","2008","Lycoming","final_internal","","3","","3","other","100","","","1","","1","other","100","","","","","","","","","","3","","3","other","100","","","","","","","","","","","","","","",""
"41.90151519-75.95578664---2010","https://mapsengine.google.com/06136759344167181854-06191489742681286724-4/wms/?version=1.3.0","41.90151519","-75.95578664","2010","Susquehanna","first_internal","","3","","3","other","100","","","10","","10","other","100","","","3","","3","other","100","","","","","","","","","","","","","","","","","","","","","",""
"41.29054602-78.91177787---2010","https://mapsengine.google.com/06136759344167181854-06191489742681286724-4/wms/?version=1.3.0","41.2905460213","-78.9117778733","2010","Jefferson","public","","8","2","10","other","80","","","8","2","10","other","80","","","","","","","","","","","","","","","","","","","","","","","","","","","","",""
"39.99288604-80.28050309---2010","https://mapsengine.google.com/06136759344167181854-06191489742681286724-4/wms/?version=1.3.0","39.9928860358","-80.2805030902","2010","Greene","public","","10","","10","other","100","","","10","","10","other","100","","","","","","","","","","","","","","","","","","","","","","","","","","","","",""
"40.78218795-79.50379418---2010","https://mapsengine.google.com/06136759344167181854-06191489742681286724-4/wms/?version=1.3.0","40.7821879549","-79.5037941817","2010","Armstrong","public","10","","","10","fracking","100","","10","","","10","fracking","100","","","","","","","","","","","","","","","","","","","","","","","","","","","","",""
"41.69735649-75.88404097---2005","https://mapsengine.google.com/06136759344167181854-15960346301379896183-4/wms/?version=1.3.0","41.6973564895","-75.8840409669","2005","Susquehanna","final_internal","","3","","3","other","100","","","1","","1","other","100","","","3","","3","other","100","","","3","","3","other","100","","","","","","","","","","","","","","",""
"39.82361064-80.49917483---2010","https://mapsengine.google.com/06136759344167181854-06191489742681286724-4/wms/?version=1.3.0","39.8236106446","-80.4991748318","2010","Greene","public","","10","","10","other","100","","","10","","10","other","100","","","","","","","","","","","","","","","","","","","","","","","","","","","","",""
"41.71313204-76.08640457---2010","https://mapsengine.google.com/06136759344167181854-06191489742681286724-4/wms/?version=1.3.0","41.7131320429","-76.0864045746","2010","Susquehanna","sweeper_internal","","1","","1","other","100","","2","6","2","10","other","60","","","3","","3","other","100","","","","","","","","","","1","","1","other","100","","","","","","","",""
"41.27122965-76.57271645---2005","https://mapsengine.google.com/06136759344167181854-15960346301379896183-4/wms/?version=1.3.0","41.2712296461","-76.5727164543","2005","Lycoming","missing_internal","","1","","1","other","100","","","","","","fracking|unknown|other","","","","","","","","","","","","","","","","","","","","","","","","","1","","1","other","100",""
"41.14407164-78.474847---2010","https://mapsengine.google.com/06136759344167181854-06191489742681286724-4/wms/?version=1.3.0","41.1440716357","-78.4748470037","2010","Clearfield","public","26","1","3","30","fracking","86","","26","1","3","30","fracking","86","","","","","","","","","","","","","","","","","","","","","","","","","","","","",""
"41.62934132-76.40915595---2010","https://mapsengine.google.com/06136759344167181854-06191489742681286724-4/wms/?version=1.3.0","41.62934132","-76.40915595","2010","Bradford","first_internal","","3","","3","other","100","","","11","","11","other","100","","","3","","3","other","100","","","","","","","","","","","","","","","","","","","","","",""
"40.3746726-79.3273287---2008","https://mapsengine.google.com/06136759344167181854-00219351362547715467-4/wms/?version=1.3.0","40.3746726006","-79.3273287015","2008","Westmoreland","first_internal","","3","","3","other","100","","","1","","1","other","100","","","3","","3","other","100","","","","","","","","","","","","","","","","","","","","","",""
"41.86131909-76.0231176---2010","https://mapsengine.google.com/06136759344167181854-06191489742681286724-4/wms/?version=1.3.0","41.861319091","-76.0231176007","2010","Susquehanna","sweeper_internal","","1","","1","other","100","","","9","3","12","other","75","","","3","","3","other","100","","","","","","","","","","1","","1","other","100","","","","","","","",""
"41.73478976-76.07947167---2010","https://mapsengine.google.com/06136759344167181854-06191489742681286724-4/wms/?version=1.3.0","41.73478976","-76.07947167","2010","Susquehanna","first_internal","","3","","3","other","100","","","9","1","10","other","90","","","3","","3","other","100","","","","","","","","","","","","","","","","","","","","","",""
"40.83093885-80.04534759---2005","https://mapsengine.google.com/06136759344167181854-15960346301379896183-4/wms/?version=1.3.0","40.8309388478","-80.0453475884","2005","Butler","final_internal","","3","","3","other","100","","","1","","1","other","100","","","","","","","","","","3","","3","other","100","","","","","","","","","","","","","","",""
"41.59839519-75.56879849---2010","https://mapsengine.google.com/06136759344167181854-06191489742681286724-4/wms/?version=1.3.0","41.59839519","-75.56879849","2010","Lackawanna","first_internal","","3","","3","other","100","","","12","","12","other","100","","","3","","3","other","100","","","","","","","","","","","","","","","","","","","","","",""
"39.76582249-79.88899745---2010","https://mapsengine.google.com/06136759344167181854-06191489742681286724-4/wms/?version=1.3.0","39.7658224911","-79.888997447","2010","Fayette","public","","11","","11","other","100","","","11","","11","other","100","","","","","","","","","","","","","","","","","","","","","","","","","","","","",""
"41.86984539-77.65510666---2010","https://mapsengine.google.com/06136759344167181854-06191489742681286724-4/wms/?version=1.3.0","41.8698453927","-77.6551066583","2010","Potter","public","","10","","10","other","100","","","10","","10","other","100","","","","","","","","","","","","","","","","","","","","","","","","","","","","",""
"41.68846302-77.52842719---2010","https://mapsengine.google.com/06136759344167181854-06191489742681286724-4/wms/?version=1.3.0","41.6884630157","-77.5284271935","2010","Tioga","sweeper_internal","","1","","1","other","100","","9","2","2","13","fracking","69","","","","","","","","","","","","","","","","","1","","1","other","100","","","","","","","",""
"41.52347556-76.35044069---2008","https://mapsengine.google.com/06136759344167181854-00219351362547715467-4/wms/?version=1.3.0","41.5234755645","-76.3504406907","2008","Sullivan","final_internal","","3","","3","other","100","","","1","","1","other","100","","","3","","3","other","100","","","3","","3","other","100","","","","","","","","","","","","","","",""
"41.23686784-76.36615056---2010","https://mapsengine.google.com/06136759344167181854-06191489742681286724-4/wms/?version=1.3.0","41.2368678427","-76.366150561","2010","Columbia","sweeper_internal","1","","","1","fracking","100","","1","3","7","11","unknown","63","","1","","2","3","unknown","66","","","","","","","","","1","","","1","fracking","100","","","","","","","",""
"40.87068413-79.56728004---2010","https://mapsengine.google.com/06136759344167181854-06191489742681286724-4/wms/?version=1.3.0","40.8706841332","-79.5672800353","2010","Armstrong","public","","10","","10","other","100","","","10","","10","other","100","","","","","","","","","","","","","","","","","","","","","","","","","","","","",""
"41.83814978-76.38282027---2008","https://mapsengine.google.com/06136759344167181854-00219351362547715467-4/wms/?version=1.3.0","41.8381497842","-76.3828202678","2008","Bradford","final_internal","","3","","3","other","100","","","1","","1","other","100","","","3","","3","other","100","","","3","","3","other","100","","","","","","","","","","","","","","",""
"41.80035764-76.5883628---2010","https://mapsengine.google.com/06136759344167181854-06191489742681286724-4/wms/?version=1.3.0","41.80035764","-76.5883628","2010","Bradford","first_internal","","3","","3","other","100","","","10","","10","other","100","","","3","","3","other","100","","","","","","","","","","","","","","","","","","","","","",""
"41.29055263-78.91173612---2005","https://mapsengine.google.com/06136759344167181854-15960346301379896183-4/wms/?version=1.3.0","41.2905526317","-78.9117361224","2005","Jefferson","final_internal","","3","","3","other","100","","","1","","1","other","100","","","","","","","","","","3","","3","other","100","","","","","","","","","","","","","","",""
"41.76722652-76.84302628---2005","https://mapsengine.google.com/06136759344167181854-15960346301379896183-4/wms/?version=1.3.0","41.7672265207","-76.8430262828","2005","Bradford","final_internal","","3","","3","other","100","","","1","","1","other","100","","","3","","3","other","100","","","3","","3","other","100","","","","","","","","","","","","","","",""
"40.77504741-80.18299756---2005","https://mapsengine.google.com/06136759344167181854-15960346301379896183-4/wms/?version=1.3.0","40.7750474099","-80.1829975554","2005","Beaver","final_internal","","3","","3","other","100","","","1","","1","other","100","","","3","","3","other","100","","","3","","3","other","100","","","","","","","","","","","","","","",""
"41.93621899-77.06818931---2010","https://mapsengine.google.com/06136759344167181854-06191489742681286724-4/wms/?version=1.3.0","41.9362189936","-77.068189308","2010","Tioga","public","","10","","10","other","100","","","10","","10","other","100","","","","","","","","","","","","","","","","","","","","","","","","","","","","",""
"40.11733278-79.82449379---2008","https://mapsengine.google.com/06136759344167181854-00219351362547715467-4/wms/?version=1.3.0","40.1173327813","-79.8244937897","2008","Fayette","first_internal","","3","","3","other","100","","","6","","6","other","100","","","3","","3","other","100","","","","","","","","","","","","","","","","","","","","","",""
"41.88063976-76.35397792---2005","https://mapsengine.google.com/06136759344167181854-15960346301379896183-4/wms/?version=1.3.0","41.8806397579","-76.3539779246","2005","Bradford","final_internal","","3","","3","other","100","","","1","","1","other","100","","","3","","3","other","100","","","3","","3","other","100","","","","","","","","","","","","","","",""
"39.84719966-79.88794575---2010","https://mapsengine.google.com/06136759344167181854-06191489742681286724-4/wms/?version=1.3.0","39.8471996629","-79.8879457501","2010","Fayette","public","","9","1","10","other","90","","","9","1","10","other","90","","","","","","","","","","","","","","","","","","","","","","","","","","","","",""
"41.69407904-77.35632127---2010","https://mapsengine.google.com/06136759344167181854-06191489742681286724-4/wms/?version=1.3.0","41.6940790379","-77.3563212723","2010","Tioga","public","","10","","10","other","100","","","10","","10","other","100","","","","","","","","","","","","","","","","","","","","","","","","","","","","",""
"41.72613431-75.87631869---2005","https://mapsengine.google.com/06136759344167181854-15960346301379896183-4/wms/?version=1.3.0","41.7261343079","-75.876318692","2005","Susquehanna","final_internal","","3","","3","other","100","","","1","","1","other","100","","","3","","3","other","100","","","3","","3","other","100","","","","","","","","","","","","","","",""
"41.73739206-77.14678362---2010","https://mapsengine.google.com/06136759344167181854-06191489742681286724-4/wms/?version=1.3.0","41.7373920622","-77.1467836214","2010","Tioga","public","","10","","10","other","100","","","10","","10","other","100","","","","","","","","","","","","","","","","","","","","","","","","","","","","",""
"41.78324957-76.67636006---2008","https://mapsengine.google.com/06136759344167181854-00219351362547715467-4/wms/?version=1.3.0","41.7832495655","-76.6763600554","2008","Bradford","final_internal","","3","","3","other","100","","","1","","1","other","100","","","3","","3","other","100","","","3","","3","other","100","","","","","","","","","","","","","","",""
"41.7565167-76.82704393---2010","https://mapsengine.google.com/06136759344167181854-06191489742681286724-4/wms/?version=1.3.0","41.7565167","-76.82704393","2010","Bradford","sweeper_internal","","1","","1","other","100","","7","3","5","15","fracking","46","","1","1","1","3","fracking|unknown|other","","33|33|33","","","","","","","","","1","","1","other","100","","","","","","","",""
"41.13389096-79.75203301---2010","https://mapsengine.google.com/06136759344167181854-06191489742681286724-4/wms/?version=1.3.0","41.1338909592","-79.7520330062","2010","Butler","public","","20","","20","other","100","","","20","","20","other","100","","","","","","","","","","","","","","","","","","","","","","","","","","","","",""
"41.57754404-77.05858283---2008","https://mapsengine.google.com/06136759344167181854-00219351362547715467-4/wms/?version=1.3.0","41.5775440356","-77.0585828305","2008","Tioga","final_internal","","3","","3","other","100","","","1","","1","other","100","","","","","","","","","","3","","3","other","100","","","","","","","","","","","","","","",""
"40.19130882-79.882528---2010","https://mapsengine.google.com/06136759344167181854-06191489742681286724-4/wms/?version=1.3.0","40.1913088205","-79.8825279966","2010","Washington","public","10","","","10","fracking","100","","10","","","10","fracking","100","","","","","","","","","","","","","","","","","","","","","","","","","","","","",""
"40.1582595-79.34261758---2010","https://mapsengine.google.com/06136759344167181854-06191489742681286724-4/wms/?version=1.3.0","40.158259496","-79.342617584","2010","Westmoreland","public","","10","","10","other","100","","","10","","10","other","100","","","","","","","","","","","","","","","","","","","","","","","","","","","","",""
"39.73800851-79.99064453---2010","https://mapsengine.google.com/06136759344167181854-06191489742681286724-4/wms/?version=1.3.0","39.7380085079","-79.9906445277","2010","Greene","public","1","9","","10","other","90","","1","9","","10","other","90","","","","","","","","","","","","","","","","","","","","","","","","","","","","",""
"40.17770494-79.73387939---2010","https://mapsengine.google.com/06136759344167181854-06191489742681286724-4/wms/?version=1.3.0","40.1777049395","-79.7338793912","2010","Westmoreland","public","","10","","10","other","100","","","10","","10","other","100","","","","","","","","","","","","","","","","","","","","","","","","","","","","",""
"41.92112234-75.81923693---2005","https://mapsengine.google.com/06136759344167181854-15960346301379896183-4/wms/?version=1.3.0","41.9211223388","-75.8192369269","2005","Susquehanna","final_internal","","3","","3","other","100","","","1","","1","other","100","","","3","","3","other","100","","","3","","3","other","100","","","","","","","","","","","","","","",""
"41.32650836-76.72114544---2008","https://mapsengine.google.com/06136759344167181854-00219351362547715467-4/wms/?version=1.3.0","41.3265083606","-76.7211454393","2008","Lycoming","final_internal","","3","","3","other","100","","","1","","1","other","100","","","","","","","","","","3","","3","other","100","","","","","","","","","","","","","","",""
"41.59246935-75.5623455---2005","https://mapsengine.google.com/06136759344167181854-15960346301379896183-4/wms/?version=1.3.0","41.592469348","-75.5623455042","2005","Lackawanna","final_internal","","3","","3","other","100","","","1","","1","other","100","","","3","","3","other","100","","","3","","3","other","100","","","","","","","","","","","","","","",""
"41.93461474-75.86810336---2010","https://mapsengine.google.com/06136759344167181854-06191489742681286724-4/wms/?version=1.3.0","41.93461474","-75.86810336","2010","Susquehanna","first_internal","","3","","3","other","100","","","12","","12","other","100","","","3","","3","other","100","","","","","","","","","","","","","","","","","","","","","",""
"41.60081808-77.02451166---2008","https://mapsengine.google.com/06136759344167181854-00219351362547715467-4/wms/?version=1.3.0","41.6008180789","-77.0245116577","2008","Tioga","final_internal","","3","","3","other","100","","","1","","1","other","100","","","","","","","","","","3","","3","other","100","","","","","","","","","","","","","","",""
"41.70653209-75.93267937---2010","https://mapsengine.google.com/06136759344167181854-06191489742681286724-4/wms/?version=1.3.0","41.70653209","-75.93267937","2010","Susquehanna","first_internal","","3","","3","other","100","","","9","1","10","other","90","","","3","","3","other","100","","","","","","","","","","","","","","","","","","","","","",""
"41.68479179-76.05552047---2005","https://mapsengine.google.com/06136759344167181854-15960346301379896183-4/wms/?version=1.3.0","41.6847917875","-76.0555204694","2005","Susquehanna","final_internal","","3","","3","other","100","","","1","","1","other","100","","","3","","3","other","100","","","3","","3","other","100","","","","","","","","","","","","","","",""
"41.91427224-75.81184163---2010","https://mapsengine.google.com/06136759344167181854-06191489742681286724-4/wms/?version=1.3.0","41.91427224","-75.81184163","2010","Susquehanna","first_internal","","3","","3","other","100","","","10","","10","other","100","","","3","","3","other","100","","","","","","","","","","","","","","","","","","","","","",""
"40.09796355-79.80506052---2008","https://mapsengine.google.com/06136759344167181854-00219351362547715467-4/wms/?version=1.3.0","40.0979635484","-79.8050605176","2008","Fayette","sweeper_internal","","1","","1","other","100","","3","7","","10","other","70","","","3","","3","other","100","","","","","","","","","","1","","1","other","100","","","","","","","",""
"39.89008084-80.04438699---2010","https://mapsengine.google.com/06136759344167181854-06191489742681286724-4/wms/?version=1.3.0","39.8900808406","-80.0443869866","2010","Greene","public","","10","","10","other","100","","","10","","10","other","100","","","","","","","","","","","","","","","","","","","","","","","","","","","","",""
"39.94163179-79.83371063---2010","https://mapsengine.google.com/06136759344167181854-06191489742681286724-4/wms/?version=1.3.0","39.9416317886","-79.833710631","2010","Fayette","sweeper_internal","","1","","1","other","100","","2","5","3","10","other","50","","","","","","","","","","","","","","","","","1","","1","other","100","","","","","","","",""
"40.49456408-79.57064266---2005","https://mapsengine.google.com/06136759344167181854-15960346301379896183-4/wms/?version=1.3.0","40.4945640762","-79.5706426571","2005","Westmoreland","final_internal","","3","","3","other","100","","","1","","1","other","100","","","","","","","","","","3","","3","other","100","","","","","","","","","","","","","","",""
"40.79296465-79.59549464---2010","https://mapsengine.google.com/06136759344167181854-06191489742681286724-4/wms/?version=1.3.0","40.7929646499","-79.5954946445","2010","Armstrong","public","","9","1","10","other","90","","","9","1","10","other","90","","","","","","","","","","","","","","","","","","","","","","","","","","","","",""
"41.52195362-76.54234543---2010","https://mapsengine.google.com/06136759344167181854-06191489742681286724-4/wms/?version=1.3.0","41.5219536207","-76.5423454302","2010","Sullivan","sweeper_internal","","1","","1","other","100","","2","8","2","12","other","66","","","3","","3","other","100","","","","","","","","","","1","","1","other","100","","","","","","","",""
"41.27246226-76.65502421---2005","https://mapsengine.google.com/06136759344167181854-15960346301379896183-4/wms/?version=1.3.0","41.272462263","-76.6550242054","2005","Lycoming","missing_internal","","1","","1","other","100","","","","","","fracking|unknown|other","","","","","","","","","","","","","","","","","","","","","","","","","1","","1","other","100",""
"40.50796691-79.19914158---2010","https://mapsengine.google.com/06136759344167181854-06191489742681286724-4/wms/?version=1.3.0","40.5079669139","-79.1991415788","2010","Indiana","sweeper_internal","","1","","1","other","100","","3","19","6","28","other","67","","","","","","","","","","","","","","","","","1","","1","other","100","","","","","","","",""
"41.86161352-76.58622778---2008","https://mapsengine.google.com/06136759344167181854-00219351362547715467-4/wms/?version=1.3.0","41.8616135161","-76.5862277792","2008","Bradford","final_internal","","3","","3","other","100","","","1","","1","other","100","","","3","","3","other","100","","","3","","3","other","100","","","","","","","","","","","","","","",""
"40.99978434-78.85366543---2010","https://mapsengine.google.com/06136759344167181854-06191489742681286724-4/wms/?version=1.3.0","40.9997843386","-78.8536654343","2010","Jefferson","public","","10","","10","other","100","","","10","","10","other","100","","","","","","","","","","","","","","","","","","","","","","","","","","","","",""
"41.74109108-75.9001018---2008","https://mapsengine.google.com/06136759344167181854-00219351362547715467-4/wms/?version=1.3.0","41.7410910785","-75.9001018002","2008","Susquehanna","final_internal","","3","","3","other","100","","","1","","1","other","100","","","3","","3","other","100","","","3","","3","other","100","","","","","","","","","","","","","","",""
"41.7504355-75.94248863---2008","https://mapsengine.google.com/06136759344167181854-00219351362547715467-4/wms/?version=1.3.0","41.7504354992","-75.9424886272","2008","Susquehanna","final_internal","","3","","3","other","100","","","1","","1","other","100","","","3","","3","other","100","","","3","","3","other","100","","","","","","","","","","","","","","",""
"39.97622423-80.06899318---2008","https://mapsengine.google.com/06136759344167181854-00219351362547715467-4/wms/?version=1.3.0","39.9762242341","-80.0689931806","2008","Greene","first_internal","","3","","3","other","100","","1","9","","10","other","90","","","3","","3","other","100","","","","","","","","","","","","","","","","","","","","","",""
"41.4214949-78.27780583---2008","https://mapsengine.google.com/06136759344167181854-00219351362547715467-4/wms/?version=1.3.0","41.4214949013","-78.2778058258","2008","Cameron","first_internal","1","2","","3","other","66","","","6","","6","other","100","","1","2","","3","other","66","","","","","","","","","","","","","","","","","","","","","",""
"41.7234559-76.04904052---2008","https://mapsengine.google.com/06136759344167181854-00219351362547715467-4/wms/?version=1.3.0","41.7234559046","-76.0490405247","2008","Susquehanna","final_internal","","3","","3","other","100","","","1","","1","other","100","","","3","","3","other","100","","","3","","3","other","100","","","","","","","","","","","","","","",""
"41.59800171-77.09761432---2008","https://mapsengine.google.com/06136759344167181854-00219351362547715467-4/wms/?version=1.3.0","41.5980017051","-77.0976143237","2008","Tioga","final_internal","","3","","3","other","100","","","1","","1","other","100","","","","","","","","","","3","","3","other","100","","","","","","","","","","","","","","",""
"41.2816116-79.48632515---2010","https://mapsengine.google.com/06136759344167181854-06191489742681286724-4/wms/?version=1.3.0","41.2816115991","-79.4863251508","2010","Clarion","public","","13","","13","other","100","","","13","","13","other","100","","","","","","","","","","","","","","","","","","","","","","","","","","","","",""
"40.92389223-80.03393944---2010","https://mapsengine.google.com/06136759344167181854-06191489742681286724-4/wms/?version=1.3.0","40.9238922337","-80.0339394416","2010","Butler","public","","12","2","14","other","85","","","12","2","14","other","85","","","","","","","","","","","","","","","","","","","","","","","","","","","","",""
"41.90264751-75.95665845---2010","https://mapsengine.google.com/06136759344167181854-06191489742681286724-4/wms/?version=1.3.0","41.90264751","-75.95665845","2010","Susquehanna","first_internal","","3","","3","other","100","","","8","2","10","other","80","","","3","","3","other","100","","","","","","","","","","","","","","","","","","","","","",""
"41.78068486-76.33404177---2005","https://mapsengine.google.com/06136759344167181854-15960346301379896183-4/wms/?version=1.3.0","41.7806848587","-76.3340417685","2005","Bradford","final_internal","","3","","3","other","100","","","1","","1","other","100","","","3","","3","other","100","","","3","","3","other","100","","","","","","","","","","","","","","",""
"41.79586671-76.99688554---2010","https://mapsengine.google.com/06136759344167181854-06191489742681286724-4/wms/?version=1.3.0","41.7958667064","-76.9968855385","2010","Tioga","sweeper_internal","","1","","1","other","100","","3","2","5","10","unknown","50","","","","","","","","","","","","","","","","","1","","1","other","100","","","","","","","",""
"41.25938967-76.65700008---2010","https://mapsengine.google.com/06136759344167181854-06191489742681286724-4/wms/?version=1.3.0","41.2593896664","-76.6570000781","2010","Lycoming","public","","11","","11","other","100","","","11","","11","other","100","","","","","","","","","","","","","","","","","","","","","","","","","","","","",""
"41.65920776-75.95634713---2005","https://mapsengine.google.com/06136759344167181854-15960346301379896183-4/wms/?version=1.3.0","41.6592077575","-75.9563471319","2005","Susquehanna","final_internal","","3","","3","other","100","","","","1","1","unknown","100","","","3","","3","other","100","","","3","","3","other","100","","","","","","","","","","","","","","",""
"41.45548055-78.26999358---2008","https://mapsengine.google.com/06136759344167181854-00219351362547715467-4/wms/?version=1.3.0","41.4554805467","-78.2699935824","2008","Cameron","first_internal","","3","","3","other","100","","","6","","6","other","100","","","3","","3","other","100","","","","","","","","","","","","","","","","","","","","","",""
"39.92178087-79.94548445---2008","https://mapsengine.google.com/06136759344167181854-00219351362547715467-4/wms/?version=1.3.0","39.9217808668","-79.9454844486","2008","Greene","first_internal","3","","","3","fracking","100","","8","1","1","10","fracking","80","","3","","","3","fracking","100","","","","","","","","","","","","","","","","","","","","","",""
"41.26177081-76.50399623---2010","https://mapsengine.google.com/06136759344167181854-06191489742681286724-4/wms/?version=1.3.0","41.2617708072","-76.5039962264","2010","Lycoming","public","","10","","10","other","100","","","10","","10","other","100","","","","","","","","","","","","","","","","","","","","","","","","","","","","",""
"41.3513327-76.5794596---2005","https://mapsengine.google.com/06136759344167181854-15960346301379896183-4/wms/?version=1.3.0","41.3513327046","-76.5794595998","2005","Sullivan","final_internal","","3","","3","other","100","","","1","","1","other","100","","","3","","3","other","100","","","3","","3","other","100","","","","","","","","","","","","","","",""
"41.99516954-76.95352475---2008","https://mapsengine.google.com/06136759344167181854-00219351362547715467-4/wms/?version=1.3.0","41.9951695428","-76.9535247541","2008","Tioga","final_internal","","3","","3","other","100","","","1","","1","other","100","","","","","","","","","","3","","3","other","100","","","","","","","","","","","","","","",""
"41.74882358-76.85607071---2008","https://mapsengine.google.com/06136759344167181854-00219351362547715467-4/wms/?version=1.3.0","41.7488235826","-76.8560707123","2008","Bradford","final_internal","","3","","3","other","100","","","1","","1","other","100","","","3","","3","other","100","","","3","","3","other","100","","","","","","","","","","","","","","",""
"41.645776-76.34551686---2005","https://mapsengine.google.com/06136759344167181854-15960346301379896183-4/wms/?version=1.3.0","41.645775998","-76.3455168573","2005","Bradford","final_internal","","3","","3","other","100","","","1","","1","other","100","","","3","","3","other","100","","","3","","3","other","100","","","","","","","","","","","","","","",""
"39.73846849-79.96367571---2010","https://mapsengine.google.com/06136759344167181854-06191489742681286724-4/wms/?version=1.3.0","39.7384684915","-79.9636757128","2010","Greene","sweeper_internal","","1","","1","other","100","","2","7","1","10","other","70","","","","","","","","","","","","","","","","","1","","1","other","100","","","","","","","",""
"40.64978184-79.77865041---2010","https://mapsengine.google.com/06136759344167181854-06191489742681286724-4/wms/?version=1.3.0","40.64978184","-79.77865041","2010","Allegheny","first_internal","3","","","3","fracking","100","","8","","2","10","fracking","80","","3","","","3","fracking","100","","","","","","","","","","","","","","","","","","","","","",""
"41.91862854-76.92350541---2010","https://mapsengine.google.com/06136759344167181854-06191489742681286724-4/wms/?version=1.3.0","41.918628536","-76.9235054093","2010","Tioga","public","10","","","10","fracking","100","","10","","","10","fracking","100","","","","","","","","","","","","","","","","","","","","","","","","","","","","",""
"40.87448415-79.52183355---2005","https://mapsengine.google.com/06136759344167181854-15960346301379896183-4/wms/?version=1.3.0","40.8744841514","-79.5218335509","2005","Armstrong","final_internal","","3","","3","other","100","","","1","","1","other","100","","","","","","","","","","3","","3","other","100","","","","","","","","","","","","","","",""
"41.69284079-77.35579059---2008","https://mapsengine.google.com/06136759344167181854-00219351362547715467-4/wms/?version=1.3.0","41.6928407852","-77.3557905926","2008","Tioga","final_internal","","3","","3","other","100","","","1","","1","other","100","","","","","","","","","","3","","3","other","100","","","","","","","","","","","","","","",""
"41.70558376-75.86623333---2010","https://mapsengine.google.com/06136759344167181854-06191489742681286724-4/wms/?version=1.3.0","41.7055837558","-75.8662333343","2010","Susquehanna","sweeper_internal","","1","","1","other","100","","1","6","3","10","other","60","","","2","1","3","other","66","","","","","","","","","","1","","1","other","100","","","","","","","",""
"41.80229912-76.97202979---2008","https://mapsengine.google.com/06136759344167181854-00219351362547715467-4/wms/?version=1.3.0","41.8022991196","-76.9720297901","2008","Tioga","final_internal","","3","","3","other","100","","","1","","1","other","100","","","","","","","","","","3","","3","other","100","","","","","","","","","","","","","","",""
"41.87142682-76.05613795---2008","https://mapsengine.google.com/06136759344167181854-00219351362547715467-4/wms/?version=1.3.0","41.8714268214","-76.0561379528","2008","Susquehanna","final_internal","","3","","3","other","100","","","","1","1","unknown","100","","","2","1","3","other","66","","","3","","3","other","100","","","","","","","","","","","","","","",""
"40.54688975-79.02695932---2005","https://mapsengine.google.com/06136759344167181854-15960346301379896183-4/wms/?version=1.3.0","40.5468897546","-79.0269593207","2005","Indiana","final_internal","","3","","3","other","100","","","1","","1","other","100","","","","","","","","","","3","","3","other","100","","","","","","","","","","","","","","",""
"41.73953693-75.89212924---2010","https://mapsengine.google.com/06136759344167181854-06191489742681286724-4/wms/?version=1.3.0","41.73953693","-75.89212924","2010","Susquehanna","first_internal","","3","","3","other","100","","","10","","10","other","100","","","3","","3","other","100","","","","","","","","","","","","","","","","","","","","","",""
"41.67974586-76.35501439---2005","https://mapsengine.google.com/06136759344167181854-15960346301379896183-4/wms/?version=1.3.0","41.6797458611","-76.3550143919","2005","Bradford","final_internal","","3","","3","other","100","","","1","","1","other","100","","","3","","3","other","100","","","3","","3","other","100","","","","","","","","","","","","","","",""
"41.83621331-76.96575244---2010","https://mapsengine.google.com/06136759344167181854-06191489742681286724-4/wms/?version=1.3.0","41.8362133131","-76.9657524407","2010","Tioga","sweeper_internal","","1","","1","other","100","","3","5","2","10","other","50","","","","","","","","","","","","","","","","","1","","1","other","100","","","","","","","",""
"41.68970213-76.99518589---2010","https://mapsengine.google.com/06136759344167181854-06191489742681286724-4/wms/?version=1.3.0","41.6897021252","-76.9951858909","2010","Tioga","public","","11","","11","other","100","","","11","","11","other","100","","","","","","","","","","","","","","","","","","","","","","","","","","","","",""
"40.82383717-79.68378679---2010","https://mapsengine.google.com/06136759344167181854-06191489742681286724-4/wms/?version=1.3.0","40.8238371693","-79.6837867928","2010","Armstrong","public","","11","","11","other","100","","","11","","11","other","100","","","","","","","","","","","","","","","","","","","","","","","","","","","","",""
"39.94380244-80.02040575---2010","https://mapsengine.google.com/06136759344167181854-06191489742681286724-4/wms/?version=1.3.0","39.9438024373","-80.0204057515","2010","Greene","public","","10","","10","other","100","","","10","","10","other","100","","","","","","","","","","","","","","","","","","","","","","","","","","","","",""
"41.52211809-76.53261459---2010","https://mapsengine.google.com/06136759344167181854-06191489742681286724-4/wms/?version=1.3.0","41.52211809","-76.53261459","2010","Sullivan","first_internal","","3","","3","other","100","","1","14","","15","other","93","","","3","","3","other","100","","","","","","","","","","","","","","","","","","","","","",""
"41.78298856-77.17956104---2005","https://mapsengine.google.com/06136759344167181854-15960346301379896183-4/wms/?version=1.3.0","41.7829885587","-77.1795610402","2005","Tioga","missing_internal","","1","","1","other","100","","","","","","fracking|unknown|other","","","","","","","","","","","","","","","","","","","","","","","","","1","","1","other","100",""
"41.59533016-75.56788374---2010","https://mapsengine.google.com/06136759344167181854-06191489742681286724-4/wms/?version=1.3.0","41.59533016","-75.56788374","2010","Lackawanna","first_internal","","3","","3","other","100","","","10","","10","other","100","","","3","","3","other","100","","","","","","","","","","","","","","","","","","","","","",""
"40.19311894-78.66692577---2008","https://mapsengine.google.com/06136759344167181854-00219351362547715467-4/wms/?version=1.3.0","40.1931189354","-78.6669257729","2008","Bedford","first_internal","","3","","3","other","100","","","8","","8","other","100","","","3","","3","other","100","","","","","","","","","","","","","","","","","","","","","",""
"41.56635454-76.10186232---2008","https://mapsengine.google.com/06136759344167181854-00219351362547715467-4/wms/?version=1.3.0","41.5663545431","-76.1018623193","2008","Wyoming","final_internal","","3","","3","other","100","","","1","","1","other","100","","","3","","3","other","100","","","3","","3","other","100","","","","","","","","","","","","","","",""
"41.43046191-77.14512162---2010","https://mapsengine.google.com/06136759344167181854-06191489742681286724-4/wms/?version=1.3.0","41.4304619142","-77.1451216198","2010","Lycoming","public","","10","","10","other","100","","","10","","10","other","100","","","","","","","","","","","","","","","","","","","","","","","","","","","","",""
"41.76094709-77.4065414---2010","https://mapsengine.google.com/06136759344167181854-06191489742681286724-4/wms/?version=1.3.0","41.7609470886","-77.4065413959","2010","Tioga","public","","10","","10","other","100","","","10","","10","other","100","","","","","","","","","","","","","","","","","","","","","","","","","","","","",""
"40.7573297-79.84179904---2005","https://mapsengine.google.com/06136759344167181854-15960346301379896183-4/wms/?version=1.3.0","40.7573296995","-79.8417990431","2005","Butler","final_internal","","3","","3","other","100","","","1","","1","other","100","","","","","","","","","","3","","3","other","100","","","","","","","","","","","","","","",""
"39.80233085-80.00125508---2008","https://mapsengine.google.com/06136759344167181854-00219351362547715467-4/wms/?version=1.3.0","39.8023308453","-80.0012550833","2008","Greene","sweeper_internal","","1","","1","other","100","","1","5","4","10","other","50","","","3","","3","other","100","","","","","","","","","","1","","1","other","100","","","","","","","",""
"41.87487744-76.30778222---2005","https://mapsengine.google.com/06136759344167181854-15960346301379896183-4/wms/?version=1.3.0","41.8748774414","-76.3077822185","2005","Bradford","final_internal","","3","","3","other","100","","","1","","1","other","100","","","3","","3","other","100","","","3","","3","other","100","","","","","","","","","","","","","","",""
"41.32979014-77.16721006---2008","https://mapsengine.google.com/06136759344167181854-00219351362547715467-4/wms/?version=1.3.0","41.3297901439","-77.1672100632","2008","Lycoming","final_internal","3","","","3","fracking","100","","1","","","1","fracking","100","","","","","","","","","3","","","3","fracking","100","","","","","","","","","","","","","","",""
"41.28088127-76.63105403---2010","https://mapsengine.google.com/06136759344167181854-06191489742681286724-4/wms/?version=1.3.0","41.2808812674","-76.6310540282","2010","Lycoming","public","9","","2","11","fracking","81","","9","","2","11","fracking","81","","","","","","","","","","","","","","","","","","","","","","","","","","","","",""
"41.61981109-76.83048805---2008","https://mapsengine.google.com/06136759344167181854-00219351362547715467-4/wms/?version=1.3.0","41.6198110916","-76.8304880473","2008","Bradford","final_internal","","4","","4","other","100","","","1","","1","other","100","","","3","","3","other","100","","","4","","4","other","100","","","","","","","","","","","","","","",""
"40.48714735-80.38453582---2008","https://mapsengine.google.com/06136759344167181854-00219351362547715467-4/wms/?version=1.3.0","40.4871473476","-80.3845358221","2008","Beaver","final_internal","","3","","3","other","100","","","5","1","6","other","83","","","3","","3","other","100","","","3","","3","other","100","","","","","","","","","","","","","","",""
"41.72968957-75.87843001---2008","https://mapsengine.google.com/06136759344167181854-00219351362547715467-4/wms/?version=1.3.0","41.7296895747","-75.8784300076","2008","Susquehanna","final_internal","","3","","3","other","100","","","1","","1","other","100","","","3","","3","other","100","","","3","","3","other","100","","","","","","","","","","","","","","",""
"41.78814042-78.16982779---2005","https://mapsengine.google.com/06136759344167181854-15960346301379896183-4/wms/?version=1.3.0","41.7881404232","-78.169827791","2005","Potter","final_internal","","3","","3","other","100","","","1","","1","other","100","","","","","","","","","","3","","3","other","100","","","","","","","","","","","","","","",""
"41.659361-76.81402549---2008","https://mapsengine.google.com/06136759344167181854-00219351362547715467-4/wms/?version=1.3.0","41.6593609993","-76.8140254898","2008","Bradford","final_internal","","4","","4","other","100","","","1","","1","other","100","","","3","","3","other","100","","","4","","4","other","100","","","","","","","","","","","","","","",""
"41.74217044-76.79007002---2008","https://mapsengine.google.com/06136759344167181854-00219351362547715467-4/wms/?version=1.3.0","41.7421704408","-76.7900700246","2008","Bradford","final_internal","","3","","3","other","100","","","1","","1","other","100","","","3","","3","other","100","","","3","","3","other","100","","","","","","","","","","","","","","",""
"40.28033997-80.25304174---2008","https://mapsengine.google.com/06136759344167181854-00219351362547715467-4/wms/?version=1.3.0","40.2803399689","-80.2530417429","2008","Washington","first_internal","","3","","3","other","100","","","8","","8","other","100","","","3","","3","other","100","","","","","","","","","","","","","","","","","","","","","",""
"40.1866994-79.88290382---2010","https://mapsengine.google.com/06136759344167181854-06191489742681286724-4/wms/?version=1.3.0","40.1866993967","-79.8829038164","2010","Washington","public","","10","","10","other","100","","","10","","10","other","100","","","","","","","","","","","","","","","","","","","","","","","","","","","","",""
"41.91885099-76.89378841---2010","https://mapsengine.google.com/06136759344167181854-06191489742681286724-4/wms/?version=1.3.0","41.91885099","-76.89378841","2010","Bradford","first_internal","","3","","3","other","100","","1","8","1","10","other","80","","","3","","3","other","100","","","","","","","","","","","","","","","","","","","","","",""
"41.73936649-77.20584015---2005","https://mapsengine.google.com/06136759344167181854-15960346301379896183-4/wms/?version=1.3.0","41.7393664915","-77.2058401452","2005","Tioga","missing_internal","","1","","1","other","100","","","","","","fracking|unknown|other","","","","","","","","","","","","","","","","","","","","","","","","","1","","1","other","100",""
